"simei:4,\e,UR,~,59,6,800948,328981178301,V,8899.2704,S,74514.7889,W,8,QT"
"simei:9,a],|-p,?Y,98,46,8.9,888888907893,A,0985.8178,N,89983.9305,,97.999168,"
"simei:48,,],,81,049399,0.48589,796809890749,V,9698.5139,S,88868.5899,W,4.,"
