"imei=8&rmc=$GPRMC,598728}0,A,828.8988,S,902.888,E,9.3,9.0,989695,\0"
"Limei=9295rmc:$GPRMC,788999&19,V,888.161,N,2989.96,E,83.7929,98.8,895863,\"
"gimei:74rmc:$GPRMC,983999;1,V,488.68,S,9338.3,E,778.42,8.9,082207,J"
"Mimei=19974rmc:$GPRMC,537958&878,A,89248.938,N,85687.846888,E,38.9,,959909,"
"imei:16&rmc:$GPRMC,011832B9,V,968386.695,S,988.98,E,8.9,6.9,019998,@"
"imei=8rmc:$GPRMC,994653C85,A,579.05086,S,87488.8804,E,990.5208898,1.888,913833,Tn_z+"
