"('Description.java', 'org.junit.runner.Description', 'parseMethod', '(.*)\\((.*)\\)', 'testListSubscribersMethods(twitter4j.ListResourcesTest)')","[216, 12144]"
"('ConfigurationBase.java', 'twitter4j.conf.ConfigurationBase', 'dumpConfiguration', 'oAuthConsumerSecret|oAuthAccessTokenSecret|password', 'IS_DALVIK')","[22656, 22713]"
"('Description.java', 'org.junit.runner.Description', 'parseMethod', '(.*)\\((.*)\\)', 'testSavedSearches(twitter4j.SavedSearchesResourcesTest)')","[7240, 14208]"
"('Description.java', 'org.junit.runner.Description', 'parseMethod', '(.*)\\((.*)\\)', 'testEnvironmentVariableBasedConfiguration(twitter4j.conf.ConfigurationTest)')","[6025, 13834]"
"('Description.java', 'org.junit.runner.Description', 'parseMethod', '(.*)\\((.*)\\)', 'testRetweetMethods(twitter4j.TweetsResourcesTest)')","[6284, 13917]"
"('Description.java', 'org.junit.runner.Description', 'getClassName', '(.*)\\((.*)\\)', 'twitter4j.auth.OAuthTest')","[25252, 25272, 25293, 25313]"
"('Description.java', 'org.junit.runner.Description', 'getClassName', '(.*)\\((.*)\\)', 'testSavedSearches(twitter4j.SavedSearchesResourcesTest)')","[7260, 7280, 7300, 14228]"
"('Description.java', 'org.junit.runner.Description', 'parseMethod', '(.*)\\((.*)\\)', 'testDummy(twitter4j.MBeansIntegrationTest)')","[7141, 14187]"
"('Description.java', 'org.junit.runner.Description', 'getClassName', '(.*)\\((.*)\\)', 'testFavoriteMethods(twitter4j.FavoritesResourcesTest)')","[3611, 3631, 3651, 13105]"
"('Description.java', 'org.junit.runner.Description', 'parseMethod', '(.*)\\((.*)\\)', 'testGetScreenName(twitter4j.TwitterTest)')","[11045, 15432]"
"('Description.java', 'org.junit.runner.Description', 'getClassName', '(.*)\\((.*)\\)', 'testAccountMethods(twitter4j.UsersResourcesTest)')","[4369, 4389, 4409]"
"('Description.java', 'org.junit.runner.Description', 'getClassName', '(.*)\\((.*)\\)', 'testDummy(twitter4j.PlaceGeoResourcesTest)')","[6803, 6823, 6843]"
"('Description.java', 'org.junit.runner.Description', 'parseMethod', '(.*)\\((.*)\\)', 'testSearchUser(twitter4j.UsersResourcesTest)')","[4109, 13271]"
"('Description.java', 'org.junit.runner.Description', 'getClassName', '(.*)\\((.*)\\)', 'testProfileImageURL(twitter4j.internal.json.UserJSONImplTest)')","[9652, 9672, 9692]"
"('Description.java', 'org.junit.runner.Description', 'parseMethod', '(.*)\\((.*)\\)', 'testQuery(twitter4j.SearchAPITest)')","[8634, 14664]"
"('Description.java', 'org.junit.runner.Description', 'parseMethod', '(.*)\\((.*)\\)', 'testConstructRequestURL(twitter4j.auth.OAuthTest)')","[2334, 12730]"
"('Description.java', 'org.junit.runner.Description', 'parseMethod', '(.*)\\((.*)\\)', 'testPagingCountDosentWork2(twitter4j.ListResourcesTest)')","[376, 12186]"
"('Description.java', 'org.junit.runner.Description', 'getClassName', '(.*)\\((.*)\\)', 'testSuggestion(twitter4j.SuggestedUsersResourcesTest)')","[6902, 6922, 6942, 14104]"
"('Description.java', 'org.junit.runner.Description', 'getClassName', '(.*)\\((.*)\\)', 'twitter4j.internal.json.HTMLEntityTest')","[23840, 23888, 23937, 23985]"
"('Description.java', 'org.junit.runner.Description', 'parseMethod', '(.*)\\((.*)\\)', 'testDummy(twitter4j.PlaceGeoResourcesTest)')","[6783, 14063]"
"('Description.java', 'org.junit.runner.Description', 'getClassName', '(.*)\\((.*)\\)', 'testSearchUser(twitter4j.UsersResourcesTest)')","[4129, 4149, 4169]"
"('Description.java', 'org.junit.runner.Description', 'parseMethod', '(.*)\\((.*)\\)', 'testGetMentions(twitter4j.TimelineResourcesTest)')","[3332, 13022]"
"('Description.java', 'org.junit.runner.Description', 'getClassName', '(.*)\\((.*)\\)', 'testDummy(twitter4j.TweetsResourcesTest)')","[6544, 6564, 6584]"
"('Description.java', 'org.junit.runner.Description', 'parseMethod', '(.*)\\((.*)\\)', 'testGetHomeTimeline(twitter4j.TimelineResourcesTest)')","[3172, 12960]"
"('Description.java', 'org.junit.runner.Description', 'getClassName', '(.*)\\((.*)\\)', 'testDummy(twitter4j.FavoritesResourcesTest)')","[3691, 3711, 3731]"
"('ConfigurationBase.java', 'twitter4j.conf.ConfigurationBase', 'dumpConfiguration', 'oAuthConsumerSecret|oAuthAccessTokenSecret|password', 'httpStreamingReadTimeout')","[17711, 17768]"
"('Description.java', 'org.junit.runner.Description', 'getClassName', '(.*)\\((.*)\\)', 'testDummy(twitter4j.TimelineResourcesTest)')","[3512, 3532, 3552]"
"('Description.java', 'org.junit.runner.Description', 'parseMethod', '(.*)\\((.*)\\)', 'testUnescapeAndSlideEntityIncdicesWithURLEntitiesOnly(twitter4j.internal.json.HTMLEntityTest)')","[9910, 15079]"
"('Description.java', 'org.junit.runner.Description', 'getClassName', '(.*)\\((.*)\\)', 'testSocialGraphMethods(twitter4j.FriendsFollowersResourcesTest)')","[2613, 2633, 2653, 12813]"
"('Description.java', 'org.junit.runner.Description', 'getClassName', '(.*)\\((.*)\\)', 'testHeader(twitter4j.auth.OAuthTest)')","[1394, 1414, 1434, 12478]"
"('Description.java', 'org.junit.runner.Description', 'getClassName', '(.*)\\((.*)\\)', 'testGetHomeTimeline(twitter4j.TimelineResourcesTest)')","[3192, 3212, 3232, 12980]"
"('ConfigurationBase.java', 'twitter4j.conf.ConfigurationBase', 'dumpConfiguration', 'oAuthConsumerSecret|oAuthAccessTokenSecret|password', 'dalvikDetected')","[23001, 23058]"
"('Description.java', 'org.junit.runner.Description', 'parseMethod', '(.*)\\((.*)\\)', 'twitter4j.http.PostParameterTest')",[11642]
"('Description.java', 'org.junit.runner.Description', 'getClassName', '(.*)\\((.*)\\)', 'testFrench(twitter4j.util.TimeSpanConverterTest)')","[8117, 8137, 8157]"
"('Description.java', 'org.junit.runner.Description', 'getClassName', '(.*)\\((.*)\\)', 'twitter4j.util.TimeSpanConverterTest')","[16394, 16442, 16491, 16539]"
"('Description.java', 'org.junit.runner.Description', 'getClassName', '(.*)\\((.*)\\)', 'testGetInstance(twitter4j.conf.ConfigurationTest)')","[5405, 5425, 5445, 13666]"
"('Description.java', 'org.junit.runner.Description', 'getClassName', '(.*)\\((.*)\\)', 'testDummy(twitter4j.SavedSearchesResourcesTest)')","[7340, 7360, 7380]"
"('Description.java', 'org.junit.runner.Description', 'getClassName', '(.*)\\((.*)\\)', 'testBrowserClient(twitter4j.auth.OAuthTest)')","[1874, 1894, 1914]"
"('Description.java', 'org.junit.runner.Description', 'parseMethod', '(.*)\\((.*)\\)', 'testDummy(twitter4j.FriendsFollowersResourcesTest)')","[3073, 12939]"
"('Description.java', 'org.junit.runner.Description', 'getClassName', '(.*)\\((.*)\\)', 'twitter4j.SearchAPITest')","[25580, 25600, 25621, 25641]"
"('Description.java', 'org.junit.runner.Description', 'parseMethod', '(.*)\\((.*)\\)', 'testLegalResources(twitter4j.HelpResoursesTest)')","[5206, 13604]"
"('Description.java', 'org.junit.runner.Description', 'getClassName', '(.*)\\((.*)\\)', 'twitter4j.conf.ConfigurationTest')","[16006, 16054, 16103, 16151]"
"('Description.java', 'org.junit.runner.Description', 'parseMethod', '(.*)\\((.*)\\)', 'testBlockMethods(twitter4j.UsersResourcesTest)')","[4509, 13376]"
"('Description.java', 'org.junit.runner.Description', 'parseMethod', '(.*)\\((.*)\\)', 'testInvokeLater(twitter4j.internal.async.DispatcherTest)')","[10329, 15184]"
"('ConfigurationBase.java', 'twitter4j.conf.ConfigurationBase', 'dumpConfiguration', 'oAuthConsumerSecret|oAuthAccessTokenSecret|password', 'DEFAULT_OAUTH_ACCESS_TOKEN_URL')","[21736, 21793]"
"('Description.java', 'org.junit.runner.Description', 'parseMethod', '(.*)\\((.*)\\)', 'twitter4j.SearchAPITest')",[8614]
"('Description.java', 'org.junit.runner.Description', 'parseMethod', '(.*)\\((.*)\\)', 'testGetIsoLanguageCode(twitter4j.internal.json.StatusJSONImplTest)')","[8973, 14768]"
"('Description.java', 'org.junit.runner.Description', 'parseMethod', '(.*)\\((.*)\\)', 'testDummy(twitter4j.SearchAPITest)')","[8874, 14747]"
"('Description.java', 'org.junit.runner.Description', 'getClassName', '(.*)\\((.*)\\)', 'twitter4j.internal.KryoSerializationTest')","[24616, 24664, 24713, 24761]"
"('Description.java', 'org.junit.runner.Description', 'getClassName', '(.*)\\((.*)\\)', 'testDummy(twitter4j.http.HttpClientTest)')","[11583, 11603, 11623]"
"('Description.java', 'org.junit.runner.Description', 'parseMethod', '(.*)\\((.*)\\)', 'twitter4j.ListResourcesTest')",[36]
"('Description.java', 'org.junit.runner.Description', 'getClassName', '(.*)\\((.*)\\)', 'testBlockMethods(twitter4j.UsersResourcesTest)')","[4529, 4549, 4569]"
"('Description.java', 'org.junit.runner.Description', 'getClassName', '(.*)\\((.*)\\)', 'testLookupFriendships(twitter4j.FriendsFollowersResourcesTest)')","[2853, 2873, 2893]"
"('ConfigurationBase.java', 'twitter4j.conf.ConfigurationBase', 'dumpConfiguration', 'oAuthConsumerSecret|oAuthAccessTokenSecret|password', 'DEFAULT_STREAM_BASE_URL')","[22311, 22368]"
"('Description.java', 'org.junit.runner.Description', 'getClassName', '(.*)\\((.*)\\)', 'testStatusMethods(twitter4j.TweetsResourcesTest)')","[6224, 6244, 6264]"
"('Description.java', 'org.junit.runner.Description', 'parseMethod', '(.*)\\((.*)\\)', 'testIsRetweetedWhenStatusHasNotBooleanRetweeted(twitter4j.internal.json.StatusJSONImplTest)')","[9373, 14893]"
"('Description.java', 'org.junit.runner.Description', 'getClassName', '(.*)\\((.*)\\)', 'testEnglish(twitter4j.util.TimeSpanConverterTest)')","[8037, 8057, 8077]"
"('Description.java', 'org.junit.runner.Description', 'parseMethod', '(.*)\\((.*)\\)', 'twitter4j.PagingTest')",[8336]
"('ConfigurationBase.java', 'twitter4j.conf.ConfigurationBase', 'dumpConfiguration', 'oAuthConsumerSecret|oAuthAccessTokenSecret|password', 'DEFAULT_OAUTH_AUTHORIZATION_URL')","[21621, 21678]"
"('Description.java', 'org.junit.runner.Description', 'getClassName', '(.*)\\((.*)\\)', 'twitter4j.management.MBeansTest')","[25744, 25764, 25785, 25805]"
"('Description.java', 'org.junit.runner.Description', 'parseMethod', '(.*)\\((.*)\\)', 'testUnescape(twitter4j.internal.json.HTMLEntityTest)')","[10070, 15121]"
"('Description.java', 'org.junit.runner.Description', 'parseMethod', '(.*)\\((.*)\\)', 'testDirectMessages(twitter4j.DirectMessagesResourcesTest)')","[4768, 13439]"
"('Description.java', 'org.junit.runner.Description', 'parseMethod', '(.*)\\((.*)\\)', 'twitter4j.management.MBeansTest')",[11821]
"('Description.java', 'org.junit.runner.Description', 'parseMethod', '(.*)\\((.*)\\)', 'testFriendsFollowersList(twitter4j.FriendsFollowersResourcesTest)')","[2993, 12918]"
"('Description.java', 'org.junit.runner.Description', 'getClassName', '(.*)\\((.*)\\)', 'testAuthWithPropertyFile(twitter4j.auth.ApplicationOnlyAuthTest)')","[1135, 1155, 1175]"
"('Description.java', 'org.junit.runner.Description', 'parseMethod', '(.*)\\((.*)\\)', 'testDummy(twitter4j.TwitterTest)')","[11285, 15515]"
"('Description.java', 'org.junit.runner.Description', 'getClassName', '(.*)\\((.*)\\)', 'testLookupUsers(twitter4j.UsersResourcesTest)')","[4049, 4069, 4089, 13250]"
"('Description.java', 'org.junit.runner.Description', 'getClassName', '(.*)\\((.*)\\)', 'testDummy(twitter4j.ListResourcesTest)')","[556, 576, 596]"
"('Description.java', 'org.junit.runner.Description', 'parseMethod', '(.*)\\((.*)\\)', 'testSplit(twitter4j.conf.ConfigurationTest)')","[5545, 13708]"
"('Description.java', 'org.junit.runner.Description', 'getClassName', '(.*)\\((.*)\\)', 'testUnescapeAndSlideEntityIncdicesWithCorrectedIndices(twitter4j.internal.json.HTMLEntityTest)')","[10170, 10190, 10210]"
"('Description.java', 'org.junit.runner.Description', 'parseMethod', '(.*)\\((.*)\\)', 'testSuggestion(twitter4j.SuggestedUsersResourcesTest)')","[6882, 14084]"
"('Description.java', 'org.junit.runner.Description', 'getClassName', '(.*)\\((.*)\\)', 'testUpload(twitter4j.http.HttpClientTest)')","[11503, 11523, 11543, 15597]"
"('Description.java', 'org.junit.runner.Description', 'getClassName', '(.*)\\((.*)\\)', 'testSplit(twitter4j.internal.util.StringUtilTest)')","[10448, 10468, 10488, 15245]"
"('Description.java', 'org.junit.runner.Description', 'parseMethod', '(.*)\\((.*)\\)', 'testGetLong(twitter4j.TwitterExceptionTest)')","[3930, 13209]"
"('Description.java', 'org.junit.runner.Description', 'parseMethod', '(.*)\\((.*)\\)', 'null')",[17]
"('Description.java', 'org.junit.runner.Description', 'parseMethod', '(.*)\\((.*)\\)', 'testUserTimeline(twitter4j.TimelineResourcesTest)')","[3252, 13001]"
"('Description.java', 'org.junit.runner.Description', 'parseMethod', '(.*)\\((.*)\\)', 'testEncode(twitter4j.http.BASE64EncoderTest)')","[11384, 15536]"
"('Description.java', 'org.junit.runner.Description', 'parseMethod', '(.*)\\((.*)\\)', 'twitter4j.internal.util.StringUtilTest')",[10408]
"('Description.java', 'org.junit.runner.Description', 'getClassName', '(.*)\\((.*)\\)', 'testBrowserClientWithCustomCallback(twitter4j.auth.OAuthTest)')","[1954, 1974, 1994]"
"('Description.java', 'org.junit.runner.Description', 'getClassName', '(.*)\\((.*)\\)', 'testGetLong(twitter4j.TwitterExceptionTest)')","[3950, 3970, 3990]"
"('Description.java', 'org.junit.runner.Description', 'parseMethod', '(.*)\\((.*)\\)', 'testAccountMethods(twitter4j.UsersResourcesTest)')","[4349, 13334]"
"('Description.java', 'org.junit.runner.Description', 'parseMethod', '(.*)\\((.*)\\)', 'testLookupUsers(twitter4j.UsersResourcesTest)')","[4029, 13230]"
"('Description.java', 'org.junit.runner.Description', 'getClassName', '(.*)\\((.*)\\)', 'testIsRetweetedWhenStatusIsRetweeted(twitter4j.internal.json.StatusJSONImplTest)')","[9153, 9173, 9193]"
"('ConfigurationBase.java', 'twitter4j.conf.ConfigurationBase', 'dumpConfiguration', 'oAuthConsumerSecret|oAuthAccessTokenSecret|password', 'DALVIK')","[21276, 21333]"
"('Description.java', 'org.junit.runner.Description', 'parseMethod', '(.*)\\((.*)\\)', 'testOAuth(twitter4j.auth.OAuthTest)')","[1534, 12520]"
"('Description.java', 'org.junit.runner.Description', 'getClassName', '(.*)\\((.*)\\)', 'testIsRetweetedWhenStatusIsNotRetweeted(twitter4j.internal.json.StatusJSONImplTest)')","[9233, 9253, 9273]"
"('Description.java', 'org.junit.runner.Description', 'getClassName', '(.*)\\((.*)\\)', 'testUserTimeline(twitter4j.TimelineResourcesTest)')","[3272, 3292, 3312]"
"('Description.java', 'org.junit.runner.Description', 'getClassName', '(.*)\\((.*)\\)', 'testGeoLocation(twitter4j.PlaceGeoResourcesTest)')","[6723, 6743, 6763]"
"('Description.java', 'org.junit.runner.Description', 'getClassName', '(.*)\\((.*)\\)', 'testContributors(twitter4j.UsersResourcesTest)')","[4209, 4229, 4249]"
"('ConfigurationBase.java', 'twitter4j.conf.ConfigurationBase', 'dumpConfiguration', 'oAuthConsumerSecret|oAuthAccessTokenSecret|password', 'useSSL')","[17021, 17078]"
"('ConfigurationBase.java', 'twitter4j.conf.ConfigurationBase', 'dumpConfiguration', 'oAuthConsumerSecret|oAuthAccessTokenSecret|password', 'gaeDetected')","[23116, 23173]"
"('ConfigurationBase.java', 'twitter4j.conf.ConfigurationBase', 'dumpConfiguration', 'oAuthConsumerSecret|oAuthAccessTokenSecret|password', 'oAuthAccessTokenURL')","[18516, 18573]"
"('Description.java', 'org.junit.runner.Description', 'getClassName', '(.*)\\((.*)\\)', 'twitter4j.internal.json.StatusJSONImplTest')","[26646, 26666, 26687, 26707]"
"('Description.java', 'org.junit.runner.Description', 'getClassName', '(.*)\\((.*)\\)', 'testGerman(twitter4j.util.TimeSpanConverterTest)')","[8197, 8217, 8237]"
"('Description.java', 'org.junit.runner.Description', 'getClassName', '(.*)\\((.*)\\)', 'testDummy(twitter4j.TrendsResourcesTest)')","[8555, 8575, 8595]"
"('Description.java', 'org.junit.runner.Description', 'parseMethod', '(.*)\\((.*)\\)', 'testUnescapeAndSlideEntityIncdicesWithNullParameters(twitter4j.internal.json.HTMLEntityTest)')","[9830, 15038]"
"('Description.java', 'org.junit.runner.Description', 'parseMethod', '(.*)\\((.*)\\)', 'testRequiringSSL(twitter4j.auth.ApplicationOnlyAuthTest)')","[1035, 12374]"
"('Description.java', 'org.junit.runner.Description', 'getClassName', '(.*)\\((.*)\\)', 'testBooleanParameter(twitter4j.http.PostParameterTest)')","[11682, 11702, 11722, 15659]"
"('ConfigurationBase.java', 'twitter4j.conf.ConfigurationBase', 'dumpConfiguration', 'oAuthConsumerSecret|oAuthAccessTokenSecret|password', 'clientVersion')","[21046, 21103]"
"('Description.java', 'org.junit.runner.Description', 'parseMethod', '(.*)\\((.*)\\)', 'testDummy(twitter4j.HelpResoursesTest)')","[5286, 13625]"
"('Description.java', 'org.junit.runner.Description', 'parseMethod', '(.*)\\((.*)\\)', 'testParseIntOverflow(twitter4j.internal.util.ParseUtilTest)')","[10767, 15349]"
"('Description.java', 'org.junit.runner.Description', 'getClassName', '(.*)\\((.*)\\)', 'testInvalidation(twitter4j.auth.ApplicationOnlyAuthTest)')","[975, 995, 1015]"
"('Description.java', 'org.junit.runner.Description', 'getClassName', '(.*)\\((.*)\\)', 'twitter4j.PlaceGeoResourcesTest')","[26318, 26338, 26359, 26379]"
"('Description.java', 'org.junit.runner.Description', 'parseMethod', '(.*)\\((.*)\\)', 'testRelationship(twitter4j.FriendsFollowersResourcesTest)')","[2753, 12855]"
"('ConfigurationBase.java', 'twitter4j.conf.ConfigurationBase', 'dumpConfiguration', 'oAuthConsumerSecret|oAuthAccessTokenSecret|password', 'asyncNumThreads')","[19666, 19723]"
"('Description.java', 'org.junit.runner.Description', 'parseMethod', '(.*)\\((.*)\\)', 'twitter4j.DirectMessagesResourcesTest')",[4748]
"('Description.java', 'org.junit.runner.Description', 'getClassName', '(.*)\\((.*)\\)', 'twitter4j.FavoritesResourcesTest')","[25498, 25518, 25539, 25559]"
"('Description.java', 'org.junit.runner.Description', 'parseMethod', '(.*)\\((.*)\\)', 'twitter4j.internal.json.RateLimitStatusJSONImplTest')",[9711]
"('Description.java', 'org.junit.runner.Description', 'parseMethod', '(.*)\\((.*)\\)', 'testFixURL(twitter4j.conf.ConfigurationTest)')","[5465, 13687]"
"('Description.java', 'org.junit.runner.Description', 'getClassName', '(.*)\\((.*)\\)', 'testLegalResources(twitter4j.HelpResoursesTest)')","[5226, 5246, 5266]"
"('Description.java', 'org.junit.runner.Description', 'parseMethod', '(.*)\\((.*)\\)', 'testMaskString(twitter4j.internal.util.StringUtilTest)')","[10508, 15266]"
"('Description.java', 'org.junit.runner.Description', 'getClassName', '(.*)\\((.*)\\)', 'testCount(twitter4j.util.CharacterUtilTest)')","[7778, 7798, 7818, 14394]"
"('Description.java', 'org.junit.runner.Description', 'parseMethod', '(.*)\\((.*)\\)', 'testEscape(twitter4j.internal.json.HTMLEntityTest)')","[9990, 15100]"
"('ConfigurationBase.java', 'twitter4j.conf.ConfigurationBase', 'dumpConfiguration', 'oAuthConsumerSecret|oAuthAccessTokenSecret|password', 'instances')","[23346, 23403]"
"('Description.java', 'org.junit.runner.Description', 'getClassName', '(.*)\\((.*)\\)', 'testGetDescriptionURLEntities2(twitter4j.internal.json.UserJSONImplTest)')","[9572, 9592, 9612]"
"('Description.java', 'org.junit.runner.Description', 'parseMethod', '(.*)\\((.*)\\)', 'testParseLongReturns101(twitter4j.internal.util.ParseUtilTest)')","[10687, 15308]"
"('Description.java', 'org.junit.runner.Description', 'parseMethod', '(.*)\\((.*)\\)', 'testEncodeParameter(twitter4j.auth.OAuthTest)')","[2174, 12688]"
"('Description.java', 'org.junit.runner.Description', 'parseMethod', '(.*)\\((.*)\\)', 'testAuthWithBuildingConf1(twitter4j.auth.ApplicationOnlyAuthTest)')","[635, 12249]"
"('Description.java', 'org.junit.runner.Description', 'getClassName', '(.*)\\((.*)\\)', 'testEscape(twitter4j.internal.json.HTMLEntityTest)')","[10010, 10030, 10050]"
"('Description.java', 'org.junit.runner.Description', 'getClassName', '(.*)\\((.*)\\)', 'testEncodeParameter(twitter4j.auth.OAuthTest)')","[2194, 2214, 2234]"
"('Description.java', 'org.junit.runner.Description', 'getClassName', '(.*)\\((.*)\\)', 'twitter4j.internal.async.DispatcherTest')","[24034, 24082, 24131, 24179]"
"('Description.java', 'org.junit.runner.Description', 'getClassName', '(.*)\\((.*)\\)', 'testSettingAccessTokenFromPropertyFile(twitter4j.auth.ApplicationOnlyAuthTest)')","[1215, 1235, 1255]"
"('ConfigurationBase.java', 'twitter4j.conf.ConfigurationBase', 'dumpConfiguration', 'oAuthConsumerSecret|oAuthAccessTokenSecret|password', 'includeRTsEnabled')","[19896, 19953]"
"('Description.java', 'org.junit.runner.Description', 'parseMethod', '(.*)\\((.*)\\)', 'testConfigurationBuilder(twitter4j.conf.ConfigurationTest)')","[5945, 13813]"
"('Description.java', 'org.junit.runner.Description', 'getClassName', '(.*)\\((.*)\\)', 'testGetAccessLevel(twitter4j.TwitterTest)')","[11225, 11245, 11265]"
"('Description.java', 'org.junit.runner.Description', 'parseMethod', '(.*)\\((.*)\\)', 'twitter4j.TwitterExceptionTest')",[3750]
"('Description.java', 'org.junit.runner.Description', 'parseMethod', '(.*)\\((.*)\\)', 'testGetDescriptionURLEntities2(twitter4j.internal.json.UserJSONImplTest)')","[9552, 14955]"
"('Description.java', 'org.junit.runner.Description', 'getClassName', '(.*)\\((.*)\\)', 'testParseLongReturns101(twitter4j.internal.util.ParseUtilTest)')","[10707, 10727, 10747, 15328]"
"('Description.java', 'org.junit.runner.Description', 'parseMethod', '(.*)\\((.*)\\)', 'twitter4j.SavedSearchesResourcesTest')",[7220]
"('Description.java', 'org.junit.runner.Description', 'parseMethod', '(.*)\\((.*)\\)', 'twitter4j.AuthorizationTest')",[7399]
"('Description.java', 'org.junit.runner.Description', 'parseMethod', '(.*)\\((.*)\\)', 'testXAuth(twitter4j.auth.OAuthTest)')","[2414, 12751]"
"('Description.java', 'org.junit.runner.Description', 'getClassName', '(.*)\\((.*)\\)', 'testConstructRequestURL(twitter4j.auth.OAuthTest)')","[2354, 2374, 2394]"
"('ConfigurationBase.java', 'twitter4j.conf.ConfigurationBase', 'dumpConfiguration', 'oAuthConsumerSecret|oAuthAccessTokenSecret|password', 'includeMyRetweetEnabled')","[20126, 20183]"
"('Description.java', 'org.junit.runner.Description', 'getClassName', '(.*)\\((.*)\\)', 'testGetMentions(twitter4j.TimelineResourcesTest)')","[3352, 3372, 3392]"
"('ConfigurationBase.java', 'twitter4j.conf.ConfigurationBase', 'dumpConfiguration', 'oAuthConsumerSecret|oAuthAccessTokenSecret|password', 'DEFAULT_OAUTH2_TOKEN_URL')","[21966, 22023]"
"('Description.java', 'org.junit.runner.Description', 'getClassName', '(.*)\\((.*)\\)', 'testTreeConfiguration(twitter4j.conf.ConfigurationTest)')","[5885, 5905, 5925]"
"('Description.java', 'org.junit.runner.Description', 'getClassName', '(.*)\\((.*)\\)', 'testXAuth(twitter4j.auth.OAuthTest)')","[2434, 2454, 2474]"
"('Description.java', 'org.junit.runner.Description', 'getClassName', '(.*)\\((.*)\\)', 'testGetResetTimeInSeconds(twitter4j.internal.json.RateLimitStatusJSONImplTest)')","[9751, 9771, 9791, 15017]"
"('ConfigurationBase.java', 'twitter4j.conf.ConfigurationBase', 'dumpConfiguration', 'oAuthConsumerSecret|oAuthAccessTokenSecret|password', 'debug')","[16791, 16848]"
"('Description.java', 'org.junit.runner.Description', 'parseMethod', '(.*)\\((.*)\\)', 'twitter4j.util.TimeSpanConverterTest')",[7837]
"('Description.java', 'org.junit.runner.Description', 'parseMethod', '(.*)\\((.*)\\)', 'testProfileImageURL(twitter4j.internal.json.UserJSONImplTest)')","[9632, 14976]"
"('Description.java', 'org.junit.runner.Description', 'getClassName', '(.*)\\((.*)\\)', 'twitter4j.SpamReportingResourceTest')","[25662, 25682, 25703, 25723]"
"('Description.java', 'org.junit.runner.Description', 'parseMethod', '(.*)\\((.*)\\)', 'testGeoMethods(twitter4j.PlaceGeoResourcesTest)')","[6623, 14001]"
"('ConfigurationBase.java', 'twitter4j.conf.ConfigurationBase', 'dumpConfiguration', 'oAuthConsumerSecret|oAuthAccessTokenSecret|password', 'httpConnectionTimeout')","[17481, 17538]"
"('Description.java', 'org.junit.runner.Description', 'getClassName', '(.*)\\((.*)\\)', 'testRateLimitStatus(twitter4j.TwitterTest)')","[11145, 11165, 11185]"
"('Description.java', 'org.junit.runner.Description', 'parseMethod', '(.*)\\((.*)\\)', 'testAPIStatistics(twitter4j.management.MBeansTest)')","[11921, 15742]"
"('Description.java', 'org.junit.runner.Description', 'getClassName', '(.*)\\((.*)\\)', 'testException(twitter4j.TwitterExceptionTest)')","[3790, 3810, 3830, 13167]"
"('Description.java', 'org.junit.runner.Description', 'parseMethod', '(.*)\\((.*)\\)', 'testUpload(twitter4j.http.HttpClientTest)')","[11483, 15577]"
"('Description.java', 'org.junit.runner.Description', 'parseMethod', '(.*)\\((.*)\\)', 'testDummy(twitter4j.SavedSearchesResourcesTest)')","[7320, 14249]"
"('Description.java', 'org.junit.runner.Description', 'getClassName', '(.*)\\((.*)\\)', 'testAPIStatistics(twitter4j.management.MBeansTest)')","[11941, 11961, 11981]"
"('ConfigurationBase.java', 'twitter4j.conf.ConfigurationBase', 'dumpConfiguration', 'oAuthConsumerSecret|oAuthAccessTokenSecret|password', 'stallWarningsEnabled')","[20701, 20758]"
"('Description.java', 'org.junit.runner.Description', 'getClassName', '(.*)\\((.*)\\)', 'testInvocationStatisticsCalculator(twitter4j.management.MBeansTest)')","[11861, 11881, 11901, 15721]"
"('Description.java', 'org.junit.runner.Description', 'getClassName', '(.*)\\((.*)\\)', 'testEncodedMessage(twitter4j.TwitterExceptionTest)')","[3870, 3890, 3910]"
"('Description.java', 'org.junit.runner.Description', 'parseMethod', '(.*)\\((.*)\\)', 'twitter4j.internal.util.ParseUtilTest')",[10667]
"('ConfigurationBase.java', 'twitter4j.conf.ConfigurationBase', 'dumpConfiguration', 'oAuthConsumerSecret|oAuthAccessTokenSecret|password', 'gzipEnabled')","[17251, 17308]"
"('Description.java', 'org.junit.runner.Description', 'getClassName', '(.*)\\((.*)\\)', 'testGetIsoLanguageCode(twitter4j.internal.json.StatusJSONImplTest)')","[8993, 9013, 9033, 14788]"
"('Description.java', 'org.junit.runner.Description', 'getClassName', '(.*)\\((.*)\\)', 'testDummy(twitter4j.SearchAPITest)')","[8894, 8914, 8934]"
"('Description.java', 'org.junit.runner.Description', 'getClassName', '(.*)\\((.*)\\)', 'testDummy(twitter4j.auth.ApplicationOnlyAuthTest)')","[1295, 1315, 1335]"
"('Description.java', 'org.junit.runner.Description', 'parseMethod', '(.*)\\((.*)\\)', 'twitter4j.UsersResourcesTest')",[4009]
"('Description.java', 'org.junit.runner.Description', 'getClassName', '(.*)\\((.*)\\)', 'testIllegalStatus(twitter4j.auth.OAuthTest)')","[1714, 1734, 1754]"
"('Description.java', 'org.junit.runner.Description', 'parseMethod', '(.*)\\((.*)\\)', 'twitter4j.internal.KryoSerializationTest')",[10926]
"('Description.java', 'org.junit.runner.Description', 'parseMethod', '(.*)\\((.*)\\)', 'testGetInstance(twitter4j.conf.ConfigurationTest)')","[5385, 13646]"
"('Description.java', 'org.junit.runner.Description', 'getClassName', '(.*)\\((.*)\\)', 'testAuthWithBuildingConf2(twitter4j.auth.ApplicationOnlyAuthTest)')","[735, 755, 775]"
"('ConfigurationBase.java', 'twitter4j.conf.ConfigurationBase', 'dumpConfiguration', 'oAuthConsumerSecret|oAuthAccessTokenSecret|password', 'applicationOnlyAuthEnabled')","[20816, 20873]"
"('Description.java', 'org.junit.runner.Description', 'parseMethod', '(.*)\\((.*)\\)', 'testEntities(twitter4j.TweetsResourcesTest)')","[6444, 13959]"
"('Description.java', 'org.junit.runner.Description', 'getClassName', '(.*)\\((.*)\\)', 'testDummy(twitter4j.AuthorizationTest)')","[7679, 7699, 7719]"
"('Description.java', 'org.junit.runner.Description', 'getClassName', '(.*)\\((.*)\\)', 'testOAuth2Instance(twitter4j.AuthorizationTest)')","[7439, 7459, 7479, 14290]"
"('Description.java', 'org.junit.runner.Description', 'parseMethod', '(.*)\\((.*)\\)', 'testListMethods(twitter4j.ListResourcesTest)')","[136, 12123]"
"('Description.java', 'org.junit.runner.Description', 'getClassName', '(.*)\\((.*)\\)', 'twitter4j.http.BASE64EncoderTest')","[24810, 24858, 24907, 24955]"
"('Description.java', 'org.junit.runner.Description', 'parseMethod', '(.*)\\((.*)\\)', 'testUnescapeAndSlideEntityIncdicesWithCorrectedIndices(twitter4j.internal.json.HTMLEntityTest)')","[10150, 15142]"
"('ConfigurationBase.java', 'twitter4j.conf.ConfigurationBase', 'dumpConfiguration', 'oAuthConsumerSecret|oAuthAccessTokenSecret|password', 'defaultMaxPerRoute')","[18171, 18228]"
"('Description.java', 'org.junit.runner.Description', 'parseMethod', '(.*)\\((.*)\\)', 'testIsRetweetedWhenStatusHasNoRetweetedProperty(twitter4j.internal.json.StatusJSONImplTest)')","[9293, 14872]"
"('Description.java', 'org.junit.runner.Description', 'getClassName', '(.*)\\((.*)\\)', 'testMonitoringIntegration(twitter4j.MBeansIntegrationTest)')","[7081, 7101, 7121, 14166]"
"('ConfigurationBase.java', 'twitter4j.conf.ConfigurationBase', 'dumpConfiguration', 'oAuthConsumerSecret|oAuthAccessTokenSecret|password', 'loggerFactory')","[19551, 19608]"
"('Description.java', 'org.junit.runner.Description', 'parseMethod', '(.*)\\((.*)\\)', 'twitter4j.PlaceGeoResourcesTest')",[6603]
"('Description.java', 'org.junit.runner.Description', 'getClassName', '(.*)\\((.*)\\)', 'testListMethods(twitter4j.ListResourcesTest)')","[156, 176, 196]"
"('Description.java', 'org.junit.runner.Description', 'getClassName', '(.*)\\((.*)\\)', 'testSearch(twitter4j.SearchAPITest)')","[8734, 8754, 8774]"
"('ConfigurationBase.java', 'twitter4j.conf.ConfigurationBase', 'dumpConfiguration', 'oAuthConsumerSecret|oAuthAccessTokenSecret|password', 'oAuthRequestTokenURL')","[18286, 18343]"
"('ConfigurationBase.java', 'twitter4j.conf.ConfigurationBase', 'dumpConfiguration', 'oAuthConsumerSecret|oAuthAccessTokenSecret|password', 'trimUserEnabled')","[20241, 20298]"
"('Description.java', 'org.junit.runner.Description', 'getClassName', '(.*)\\((.*)\\)', 'testJapanese(twitter4j.util.TimeSpanConverterTest)')","[8277, 8297, 8317]"
"('Description.java', 'org.junit.runner.Description', 'getClassName', '(.*)\\((.*)\\)', 'testDesktopClient(twitter4j.auth.OAuthTest)')","[1634, 1654, 1674]"
"('Description.java', 'org.junit.runner.Description', 'getClassName', '(.*)\\((.*)\\)', 'testMaskString(twitter4j.internal.util.StringUtilTest)')","[10528, 10548, 10568]"
"('Description.java', 'org.junit.runner.Description', 'getClassName', '(.*)\\((.*)\\)', 'testUnescape(twitter4j.internal.json.HTMLEntityTest)')","[10090, 10110, 10130]"
"('Description.java', 'org.junit.runner.Description', 'parseMethod', '(.*)\\((.*)\\)', 'testDummy(twitter4j.UsersResourcesTest)')","[4669, 13418]"
"('Description.java', 'org.junit.runner.Description', 'getClassName', '(.*)\\((.*)\\)', 'testQuery(twitter4j.SearchAPITest)')","[8654, 8674, 8694, 14684]"
"('Description.java', 'org.junit.runner.Description', 'parseMethod', '(.*)\\((.*)\\)', 'testParseTrendDate(twitter4j.internal.util.ParseUtilTest)')","[10847, 15370]"
"('Description.java', 'org.junit.runner.Description', 'parseMethod', '(.*)\\((.*)\\)', 'twitter4j.SpamReportingResourceTest')",[4927]
"('Description.java', 'org.junit.runner.Description', 'parseMethod', '(.*)\\((.*)\\)', 'testReturningNullForMissingIsoLanguageCode(twitter4j.internal.json.StatusJSONImplTest)')","[9053, 14809]"
"('Description.java', 'org.junit.runner.Description', 'getClassName', '(.*)\\((.*)\\)', 'testShowUser(twitter4j.UsersResourcesTest)')","[4609, 4629, 4649]"
"('Description.java', 'org.junit.runner.Description', 'parseMethod', '(.*)\\((.*)\\)', 'testSplit(twitter4j.internal.util.StringUtilTest)')","[10428, 15225]"
"('Description.java', 'org.junit.runner.Description', 'parseMethod', '(.*)\\((.*)\\)', 'testUnescapeAndSlideEntityIncdices(twitter4j.internal.json.HTMLEntityTest)')","[10230, 15163]"
"('Description.java', 'org.junit.runner.Description', 'parseMethod', '(.*)\\((.*)\\)', 'testPaging(twitter4j.PagingTest)')","[8356, 14561]"
"('Description.java', 'org.junit.runner.Description', 'getClassName', '(.*)\\((.*)\\)', 'testUsingOwnerScreenName(twitter4j.ListResourcesTest)')","[476, 496, 516]"
"('Description.java', 'org.junit.runner.Description', 'getClassName', '(.*)\\((.*)\\)', 'testReturningNullForMissingIsoLanguageCode(twitter4j.internal.json.StatusJSONImplTest)')","[9073, 9093, 9113]"
"('Description.java', 'org.junit.runner.Description', 'parseMethod', '(.*)\\((.*)\\)', 'testSettingAccessToken2(twitter4j.auth.ApplicationOnlyAuthTest)')","[875, 12332]"
"('Description.java', 'org.junit.runner.Description', 'getClassName', '(.*)\\((.*)\\)', 'testConfiguration(twitter4j.conf.ConfigurationTest)')","[5645, 5665, 5685]"
"('Description.java', 'org.junit.runner.Description', 'parseMethod', '(.*)\\((.*)\\)', 'twitter4j.TwitterTest')",[11025]
"('Description.java', 'org.junit.runner.Description', 'parseMethod', '(.*)\\((.*)\\)', 'testGerman(twitter4j.util.TimeSpanConverterTest)')","[8177, 14519]"
"('Description.java', 'org.junit.runner.Description', 'parseMethod', '(.*)\\((.*)\\)', 'testDummy(twitter4j.TrendsResourcesTest)')","[8535, 14643]"
"('ConfigurationBase.java', 'twitter4j.conf.ConfigurationBase', 'dumpConfiguration', 'oAuthConsumerSecret|oAuthAccessTokenSecret|password', 'streamBaseURL')","[19091, 19148]"
"('Description.java', 'org.junit.runner.Description', 'parseMethod', '(.*)\\((.*)\\)', 'twitter4j.internal.json.StatusJSONImplTest')",[8953]
"('Description.java', 'org.junit.runner.Description', 'parseMethod', '(.*)\\((.*)\\)', 'testBooleanParameter(twitter4j.http.PostParameterTest)')","[11662, 15639]"
"('Description.java', 'org.junit.runner.Description', 'getClassName', '(.*)\\((.*)\\)', 'testUnescapeAndSlideEntityIncdicesWithURLEntitiesOnly(twitter4j.internal.json.HTMLEntityTest)')","[9930, 9950, 9970]"
"('Description.java', 'org.junit.runner.Description', 'getClassName', '(.*)\\((.*)\\)', 'twitter4j.internal.util.StringUtilTest')","[24228, 24276, 24325, 24373]"
"('Description.java', 'org.junit.runner.Description', 'parseMethod', '(.*)\\((.*)\\)', 'testGeoLocation(twitter4j.PlaceGeoResourcesTest)')","[6703, 14042]"
"('Description.java', 'org.junit.runner.Description', 'parseMethod', '(.*)\\((.*)\\)', 'testContributors(twitter4j.UsersResourcesTest)')","[4189, 13292]"
"('ConfigurationBase.java', 'twitter4j.conf.ConfigurationBase', 'dumpConfiguration', 'oAuthConsumerSecret|oAuthAccessTokenSecret|password', 'userAgent')","[16906, 16963]"
"('Description.java', 'org.junit.runner.Description', 'parseMethod', '(.*)\\((.*)\\)', 'testDummy(twitter4j.FavoritesResourcesTest)')","[3671, 13126]"
"('Description.java', 'org.junit.runner.Description', 'getClassName', '(.*)\\((.*)\\)', 'testInvokeLater(twitter4j.internal.async.DispatcherTest)')","[10349, 10369, 10389, 15204]"
"('ConfigurationBase.java', 'twitter4j.conf.ConfigurationBase', 'dumpConfiguration', 'oAuthConsumerSecret|oAuthAccessTokenSecret|password', 'userStreamRepliesAllEnabled')","[20586, 20643]"
"('Description.java', 'org.junit.runner.Description', 'getClassName', '(.*)\\((.*)\\)', 'testSign(twitter4j.auth.OAuthTest)')","[2114, 2134, 2154]"
"('Description.java', 'org.junit.runner.Description', 'parseMethod', '(.*)\\((.*)\\)', 'testDummy(twitter4j.TimelineResourcesTest)')","[3492, 13064]"
"('Description.java', 'org.junit.runner.Description', 'parseMethod', '(.*)\\((.*)\\)', 'testDummy(twitter4j.ListResourcesTest)')","[536, 12228]"
"('Description.java', 'org.junit.runner.Description', 'getClassName', '(.*)\\((.*)\\)', 'testShowStatus(twitter4j.TweetsResourcesTest)')","[6144, 6164, 6184, 13875]"
"('Description.java', 'org.junit.runner.Description', 'getClassName', '(.*)\\((.*)\\)', 'testBanner(twitter4j.UsersResourcesTest)')","[4289, 4309, 4329]"
"('Description.java', 'org.junit.runner.Description', 'getClassName', '(.*)\\((.*)\\)', 'twitter4j.internal.json.UserJSONImplTest')","[23452, 23500, 23549, 23597]"
"('ConfigurationBase.java', 'twitter4j.conf.ConfigurationBase', 'dumpConfiguration', 'oAuthConsumerSecret|oAuthAccessTokenSecret|password', 'httpRetryIntervalSeconds')","[17941, 17998]"
"('Description.java', 'org.junit.runner.Description', 'parseMethod', '(.*)\\((.*)\\)', 'testSpanish(twitter4j.util.TimeSpanConverterTest)')","[7937, 14456]"
"('Description.java', 'org.junit.runner.Description', 'getClassName', '(.*)\\((.*)\\)', 'testSSL(twitter4j.conf.ConfigurationTest)')","[5725, 5745, 5765]"
"('Description.java', 'org.junit.runner.Description', 'parseMethod', '(.*)\\((.*)\\)', 'testOEmbed(twitter4j.TweetsResourcesTest)')","[6364, 13938]"
"('Description.java', 'org.junit.runner.Description', 'getClassName', '(.*)\\((.*)\\)', 'testItalian(twitter4j.util.TimeSpanConverterTest)')","[7877, 7897, 7917, 14435]"
"('Description.java', 'org.junit.runner.Description', 'getClassName', '(.*)\\((.*)\\)', 'testDummy(twitter4j.FriendsFollowersResourcesTest)')","[3093, 3113, 3133]"
"('Description.java', 'org.junit.runner.Description', 'parseMethod', '(.*)\\((.*)\\)', 'testSSL(twitter4j.conf.ConfigurationTest)')","[5705, 13750]"
"('Description.java', 'org.junit.runner.Description', 'getClassName', '(.*)\\((.*)\\)', 'testOEmbed(twitter4j.TweetsResourcesTest)')","[6384, 6404, 6424]"
"('Description.java', 'org.junit.runner.Description', 'getClassName', '(.*)\\((.*)\\)', 'testSpanish(twitter4j.util.TimeSpanConverterTest)')","[7957, 7977, 7997]"
"('Description.java', 'org.junit.runner.Description', 'parseMethod', '(.*)\\((.*)\\)', 'testIllegalStatus(twitter4j.auth.OAuthTest)')","[1694, 12562]"
"('Description.java', 'org.junit.runner.Description', 'getClassName', '(.*)\\((.*)\\)', 'testConfigurationBuilder(twitter4j.conf.ConfigurationTest)')","[5965, 5985, 6005]"
"('Description.java', 'org.junit.runner.Description', 'parseMethod', '(.*)\\((.*)\\)', 'testIsRetweetedWhenStatusIsRetweeted(twitter4j.internal.json.StatusJSONImplTest)')","[9133, 14830]"
"('Description.java', 'org.junit.runner.Description', 'parseMethod', '(.*)\\((.*)\\)', 'testDummy(twitter4j.SpamReportingResourceTest)')","[5027, 13542]"
"('Description.java', 'org.junit.runner.Description', 'parseMethod', '(.*)\\((.*)\\)', 'twitter4j.internal.async.DispatcherTest')",[10309]
"('ConfigurationBase.java', 'twitter4j.conf.ConfigurationBase', 'dumpConfiguration', 'oAuthConsumerSecret|oAuthAccessTokenSecret|password', 'restBaseURL')","[18976, 19033]"
"('Description.java', 'org.junit.runner.Description', 'getClassName', '(.*)\\((.*)\\)', 'testDirectMessages(twitter4j.DirectMessagesResourcesTest)')","[4788, 4808, 4828, 13459]"
"('Description.java', 'org.junit.runner.Description', 'getClassName', '(.*)\\((.*)\\)', 'twitter4j.SavedSearchesResourcesTest')","[25170, 25190, 25211, 25231]"
"('Description.java', 'org.junit.runner.Description', 'getClassName', '(.*)\\((.*)\\)', 'twitter4j.TwitterExceptionTest')","[15812, 15860, 15909, 15957]"
"('Description.java', 'org.junit.runner.Description', 'parseMethod', '(.*)\\((.*)\\)', 'testAuthWithPropertyFile(twitter4j.auth.ApplicationOnlyAuthTest)')","[1115, 12395]"
"('Description.java', 'org.junit.runner.Description', 'getClassName', '(.*)\\((.*)\\)', 'testDummy(twitter4j.TwitterTest)')","[11305, 11325, 11345]"
"('Description.java', 'org.junit.runner.Description', 'getClassName', '(.*)\\((.*)\\)', 'testEnvironmentVariableBasedConfiguration(twitter4j.conf.ConfigurationTest)')","[6045, 6065, 6085]"
"('Description.java', 'org.junit.runner.Description', 'parseMethod', '(.*)\\((.*)\\)', 'testStatusMethods(twitter4j.TweetsResourcesTest)')","[6204, 13896]"
"('Description.java', 'org.junit.runner.Description', 'getClassName', '(.*)\\((.*)\\)', 'testListMemberMethods(twitter4j.ListResourcesTest)')","[76, 96, 116, 12102]"
"('Description.java', 'org.junit.runner.Description', 'parseMethod', '(.*)\\((.*)\\)', 'twitter4j.auth.OAuthTest')",[1354]
"('Description.java', 'org.junit.runner.Description', 'getClassName', '(.*)\\((.*)\\)', 'twitter4j.FriendsFollowersResourcesTest')","[25826, 25846, 25867, 25887]"
"('ConfigurationBase.java', 'twitter4j.conf.ConfigurationBase', 'dumpConfiguration', 'oAuthConsumerSecret|oAuthAccessTokenSecret|password', 'oAuth2InvalidateTokenURL')","[18861, 18918]"
"('Description.java', 'org.junit.runner.Description', 'parseMethod', '(.*)\\((.*)\\)', 'testSearch(twitter4j.SearchAPITest)')","[8714, 14705]"
"('Description.java', 'org.junit.runner.Description', 'parseMethod', '(.*)\\((.*)\\)', 'testNormalizeRequestParameters(twitter4j.auth.OAuthTest)')","[2254, 12709]"
"('Description.java', 'org.junit.runner.Description', 'parseMethod', '(.*)\\((.*)\\)', 'twitter4j.FriendsFollowersResourcesTest')",[2573]
"('Description.java', 'org.junit.runner.Description', 'getClassName', '(.*)\\((.*)\\)', 'testSplit(twitter4j.conf.ConfigurationTest)')","[5565, 5585, 5605]"
"('ConfigurationBase.java', 'twitter4j.conf.ConfigurationBase', 'dumpConfiguration', 'oAuthConsumerSecret|oAuthAccessTokenSecret|password', 'siteStreamBaseURL')","[19321, 19378]"
"('Description.java', 'org.junit.runner.Description', 'getClassName', '(.*)\\((.*)\\)', 'twitter4j.TweetsResourcesTest')","[25416, 25436, 25457, 25477]"
"('Description.java', 'org.junit.runner.Description', 'getClassName', '(.*)\\((.*)\\)', 'testIncomingOutgoingFriendships(twitter4j.FriendsFollowersResourcesTest)')","[2933, 2953, 2973]"
"('Description.java', 'org.junit.runner.Description', 'getClassName', '(.*)\\((.*)\\)', 'testRetweetsOfMe(twitter4j.TimelineResourcesTest)')","[3432, 3452, 3472]"
"('Description.java', 'org.junit.runner.Description', 'getClassName', '(.*)\\((.*)\\)', 'testGeoMethods(twitter4j.PlaceGeoResourcesTest)')","[6643, 6663, 6683, 14021]"
"('Description.java', 'org.junit.runner.Description', 'parseMethod', '(.*)\\((.*)\\)', 'testLocalTrendsMethods(twitter4j.TrendsResourcesTest)')","[8455, 14602]"
"('Description.java', 'org.junit.runner.Description', 'getClassName', '(.*)\\((.*)\\)', 'twitter4j.internal.json.RateLimitStatusJSONImplTest')","[23646, 23694, 23743, 23791]"
"('ConfigurationBase.java', 'twitter4j.conf.ConfigurationBase', 'dumpConfiguration', 'oAuthConsumerSecret|oAuthAccessTokenSecret|password', 'IS_GAE')","[22771, 22828]"
"('ConfigurationBase.java', 'twitter4j.conf.ConfigurationBase', 'dumpConfiguration', 'oAuthConsumerSecret|oAuthAccessTokenSecret|password', 'oAuth2TokenURL')","[18746, 18803]"
"('Description.java', 'org.junit.runner.Description', 'getClassName', '(.*)\\((.*)\\)', 'testDummy(twitter4j.auth.OAuthTest)')","[2514, 2534, 2554]"
"('Description.java', 'org.junit.runner.Description', 'parseMethod', '(.*)\\((.*)\\)', 'testBrowserClient(twitter4j.auth.OAuthTest)')","[1854, 12604]"
"('Description.java', 'org.junit.runner.Description', 'parseMethod', '(.*)\\((.*)\\)', 'testIncomingOutgoingFriendships(twitter4j.FriendsFollowersResourcesTest)')","[2913, 12897]"
"('Description.java', 'org.junit.runner.Description', 'parseMethod', '(.*)\\((.*)\\)', 'testRetweetsOfMe(twitter4j.TimelineResourcesTest)')","[3412, 13043]"
"('Description.java', 'org.junit.runner.Description', 'parseMethod', '(.*)\\((.*)\\)', 'testEncodedMessage(twitter4j.TwitterExceptionTest)')","[3850, 13188]"
"('Description.java', 'org.junit.runner.Description', 'parseMethod', '(.*)\\((.*)\\)', 'testInvocationStatisticsCalculator(twitter4j.management.MBeansTest)')","[11841, 15701]"
"('Description.java', 'org.junit.runner.Description', 'getClassName', '(.*)\\((.*)\\)', 'twitter4j.http.HttpClientTest')","[26072, 26092, 26113, 26133]"
"('Description.java', 'org.junit.runner.Description', 'getClassName', '(.*)\\((.*)\\)', 'testOAuthInstance(twitter4j.AuthorizationTest)')","[7599, 7619, 7639]"
"('Description.java', 'org.junit.runner.Description', 'getClassName', '(.*)\\((.*)\\)', 'twitter4j.internal.util.ParseUtilTest')","[24422, 24470, 24519, 24567]"
"('Description.java', 'org.junit.runner.Description', 'getClassName', '(.*)\\((.*)\\)', 'testUnescapeAndSlideEntityIncdicesWithNullParameters(twitter4j.internal.json.HTMLEntityTest)')","[9850, 9870, 9890, 15058]"
"('Description.java', 'org.junit.runner.Description', 'getClassName', '(.*)\\((.*)\\)', 'testRequiringSSL(twitter4j.auth.ApplicationOnlyAuthTest)')","[1055, 1075, 1095]"
"('Description.java', 'org.junit.runner.Description', 'getClassName', '(.*)\\((.*)\\)', 'testEntities(twitter4j.TweetsResourcesTest)')","[6464, 6484, 6504]"
"('Description.java', 'org.junit.runner.Description', 'parseMethod', '(.*)\\((.*)\\)', 'testListMemberMethods(twitter4j.ListResourcesTest)')","[56, 12082]"
"('Description.java', 'org.junit.runner.Description', 'getClassName', '(.*)\\((.*)\\)', 'twitter4j.TwitterTest')","[26564, 26584, 26605, 26625]"
"('Description.java', 'org.junit.runner.Description', 'getClassName', '(.*)\\((.*)\\)', 'testDummy(twitter4j.SuggestedUsersResourcesTest)')","[6982, 7002, 7022]"
"('ConfigurationBase.java', 'twitter4j.conf.ConfigurationBase', 'dumpConfiguration', 'oAuthConsumerSecret|oAuthAccessTokenSecret|password', 'DEFAULT_OAUTH2_INVALIDATE_TOKEN_URL')","[22081, 22138]"
"('Description.java', 'org.junit.runner.Description', 'getClassName', '(.*)\\((.*)\\)', 'testReportSpammerSavedSearches(twitter4j.SpamReportingResourceTest)')","[4967, 4987, 5007, 13521]"
"('Description.java', 'org.junit.runner.Description', 'getClassName', '(.*)\\((.*)\\)', 'twitter4j.AuthorizationTest')","[25990, 26010, 26031, 26051]"
"('Description.java', 'org.junit.runner.Description', 'getClassName', '(.*)\\((.*)\\)', 'testCreateDestroyFriend(twitter4j.FriendsFollowersResourcesTest)')","[2693, 2713, 2733]"
"('Description.java', 'org.junit.runner.Description', 'getClassName', '(.*)\\((.*)\\)', 'testJoin(twitter4j.internal.util.StringUtilTest)')","[10608, 10628, 10648]"
"('Description.java', 'org.junit.runner.Description', 'getClassName', '(.*)\\((.*)\\)', 'testTwitter4jPrefixOmittable(twitter4j.conf.ConfigurationTest)')","[5805, 5825, 5845]"
"('Description.java', 'org.junit.runner.Description', 'parseMethod', '(.*)\\((.*)\\)', 'testDummy(twitter4j.AuthorizationTest)')","[7659, 14353]"
"('Description.java', 'org.junit.runner.Description', 'parseMethod', '(.*)\\((.*)\\)', 'twitter4j.util.CharacterUtilTest')",[7738]
"('Description.java', 'org.junit.runner.Description', 'parseMethod', '(.*)\\((.*)\\)', 'twitter4j.internal.json.HTMLEntityTest')",[9810]
"('Description.java', 'org.junit.runner.Description', 'getClassName', '(.*)\\((.*)\\)', 'testKryoSerialization(twitter4j.internal.KryoSerializationTest)')","[10966, 10986, 11006, 15411]"
"('Description.java', 'org.junit.runner.Description', 'getClassName', '(.*)\\((.*)\\)', 'twitter4j.MBeansIntegrationTest')","[26154, 26174, 26195, 26215]"
"('Description.java', 'org.junit.runner.Description', 'parseMethod', '(.*)\\((.*)\\)', 'testSettingAccessToken1(twitter4j.auth.ApplicationOnlyAuthTest)')","[795, 12311]"
"('Description.java', 'org.junit.runner.Description', 'parseMethod', '(.*)\\((.*)\\)', 'testConfiguration(twitter4j.conf.ConfigurationTest)')","[5625, 13729]"
"('Description.java', 'org.junit.runner.Description', 'getClassName', '(.*)\\((.*)\\)', 'testLocalTrendsMethods(twitter4j.TrendsResourcesTest)')","[8475, 8495, 8515, 14622]"
"('ConfigurationBase.java', 'twitter4j.conf.ConfigurationBase', 'dumpConfiguration', 'oAuthConsumerSecret|oAuthAccessTokenSecret|password', 'requestHeaders')","[23231, 23288]"
"('Description.java', 'org.junit.runner.Description', 'parseMethod', '(.*)\\((.*)\\)', 'testTwitter4jPrefixOmittable(twitter4j.conf.ConfigurationTest)')","[5785, 13771]"
"('ConfigurationBase.java', 'twitter4j.conf.ConfigurationBase', 'dumpConfiguration', 'oAuthConsumerSecret|oAuthAccessTokenSecret|password', 'contributingTo')","[19781, 19838]"
"('Description.java', 'org.junit.runner.Description', 'parseMethod', '(.*)\\((.*)\\)', 'testShowStatus(twitter4j.TweetsResourcesTest)')","[6124, 13855]"
"('Description.java', 'org.junit.runner.Description', 'parseMethod', '(.*)\\((.*)\\)', 'twitter4j.MBeansIntegrationTest')",[7041]
"('Description.java', 'org.junit.runner.Description', 'parseMethod', '(.*)\\((.*)\\)', 'testKryoSerialization(twitter4j.internal.KryoSerializationTest)')","[10946, 15391]"
"('ConfigurationBase.java', 'twitter4j.conf.ConfigurationBase', 'dumpConfiguration', 'oAuthConsumerSecret|oAuthAccessTokenSecret|password', 'userStreamBaseURL')","[19206, 19263]"
"('Description.java', 'org.junit.runner.Description', 'getClassName', '(.*)\\((.*)\\)', 'testFriendsFollowersList(twitter4j.FriendsFollowersResourcesTest)')","[3013, 3033, 3053]"
"('Description.java', 'org.junit.runner.Description', 'getClassName', '(.*)\\((.*)\\)', 'testDummy(twitter4j.MBeansIntegrationTest)')","[7161, 7181, 7201]"
"('Description.java', 'org.junit.runner.Description', 'getClassName', '(.*)\\((.*)\\)', 'testRelationship(twitter4j.FriendsFollowersResourcesTest)')","[2773, 2793, 2813]"
"('Description.java', 'org.junit.runner.Description', 'getClassName', '(.*)\\((.*)\\)', 'testAuthWithBuildingConf1(twitter4j.auth.ApplicationOnlyAuthTest)')","[655, 675, 695, 12269]"
"('ConfigurationBase.java', 'twitter4j.conf.ConfigurationBase', 'dumpConfiguration', 'oAuthConsumerSecret|oAuthAccessTokenSecret|password', 'DEFAULT_USER_STREAM_BASE_URL')","[22426, 22483]"
"('Description.java', 'org.junit.runner.Description', 'getClassName', '(.*)\\((.*)\\)', 'testGetScreenName(twitter4j.TwitterTest)')","[11065, 11085, 11105, 15452]"
"('Description.java', 'org.junit.runner.Description', 'parseMethod', '(.*)\\((.*)\\)', 'testGetAccessLevel(twitter4j.TwitterTest)')","[11205, 15494]"
"('Description.java', 'org.junit.runner.Description', 'getClassName', '(.*)\\((.*)\\)', 'twitter4j.PagingTest')","[16588, 16636, 16685, 16733]"
"('Description.java', 'org.junit.runner.Description', 'getClassName', '(.*)\\((.*)\\)', 'testListSubscribersMethods(twitter4j.ListResourcesTest)')","[236, 256, 276]"
"('Description.java', 'org.junit.runner.Description', 'parseMethod', '(.*)\\((.*)\\)', 'testCount(twitter4j.util.CharacterUtilTest)')","[7758, 14374]"
"('Description.java', 'org.junit.runner.Description', 'getClassName', '(.*)\\((.*)\\)', 'testRetweetMethods(twitter4j.TweetsResourcesTest)')","[6304, 6324, 6344]"
"('ConfigurationBase.java', 'twitter4j.conf.ConfigurationBase', 'dumpConfiguration', 'oAuthConsumerSecret|oAuthAccessTokenSecret|password', 'DEFAULT_OAUTH_REQUEST_TOKEN_URL')","[21506, 21563]"
"('Description.java', 'org.junit.runner.Description', 'getClassName', '(.*)\\((.*)\\)', 'testPaging(twitter4j.PagingTest)')","[8376, 8396, 8416, 14581]"
"('Description.java', 'org.junit.runner.Description', 'parseMethod', '(.*)\\((.*)\\)', 'twitter4j.auth.ApplicationOnlyAuthTest')",[615]
"('Description.java', 'org.junit.runner.Description', 'getClassName', '(.*)\\((.*)\\)', 'testUnescapeAndSlideEntityIncdices(twitter4j.internal.json.HTMLEntityTest)')","[10250, 10270, 10290]"
"('Description.java', 'org.junit.runner.Description', 'getClassName', '(.*)\\((.*)\\)', 'testGetDescriptionURLEntities1(twitter4j.internal.json.UserJSONImplTest)')","[9492, 9512, 9532, 14934]"
"('Description.java', 'org.junit.runner.Description', 'getClassName', '(.*)\\((.*)\\)', 'testAccountProfileImageUpdates(twitter4j.UsersResourcesTest)')","[4449, 4469, 4489]"
"('ConfigurationBase.java', 'twitter4j.conf.ConfigurationBase', 'dumpConfiguration', 'oAuthConsumerSecret|oAuthAccessTokenSecret|password', 'clientURL')","[21161, 21218]"
"('Description.java', 'org.junit.runner.Description', 'getClassName', '(.*)\\((.*)\\)', 'testSigninWithTwitter(twitter4j.auth.OAuthTest)')","[1794, 1814, 1834]"
"('Description.java', 'org.junit.runner.Description', 'getClassName', '(.*)\\((.*)\\)', 'testSettingAccessToken2(twitter4j.auth.ApplicationOnlyAuthTest)')","[895, 915, 935]"
"('Description.java', 'org.junit.runner.Description', 'parseMethod', '(.*)\\((.*)\\)', 'testGetDescriptionURLEntities1(twitter4j.internal.json.UserJSONImplTest)')","[9472, 14914]"
"('Description.java', 'org.junit.runner.Description', 'parseMethod', '(.*)\\((.*)\\)', 'testAccountProfileImageUpdates(twitter4j.UsersResourcesTest)')","[4429, 13355]"
"('Description.java', 'org.junit.runner.Description', 'getClassName', '(.*)\\((.*)\\)', 'twitter4j.auth.ApplicationOnlyAuthTest')","[26236, 26256, 26277, 26297]"
"('Description.java', 'org.junit.runner.Description', 'getClassName', '(.*)\\((.*)\\)', 'testSettingAccessToken1(twitter4j.auth.ApplicationOnlyAuthTest)')","[815, 835, 855]"
"('Description.java', 'org.junit.runner.Description', 'getClassName', '(.*)\\((.*)\\)', 'testNormalizeRequestParameters(twitter4j.auth.OAuthTest)')","[2274, 2294, 2314]"
"('Description.java', 'org.junit.runner.Description', 'parseMethod', '(.*)\\((.*)\\)', 'testBrowserClientWithCustomCallback(twitter4j.auth.OAuthTest)')","[1934, 12625]"
"('Description.java', 'org.junit.runner.Description', 'parseMethod', '(.*)\\((.*)\\)', 'testSigninWithTwitter(twitter4j.auth.OAuthTest)')","[1774, 12583]"
"('Description.java', 'org.junit.runner.Description', 'parseMethod', '(.*)\\((.*)\\)', 'testHeader(twitter4j.auth.OAuthTest)')","[1374, 12458]"
"('ConfigurationBase.java', 'twitter4j.conf.ConfigurationBase', 'dumpConfiguration', 'oAuthConsumerSecret|oAuthAccessTokenSecret|password', 'includeEntitiesEnabled')","[20011, 20068]"
"('ConfigurationBase.java', 'twitter4j.conf.ConfigurationBase', 'dumpConfiguration', 'oAuthConsumerSecret|oAuthAccessTokenSecret|password', 'oAuthAuthorizationURL')","[18401, 18458]"
"('Description.java', 'org.junit.runner.Description', 'getClassName', '(.*)\\((.*)\\)', 'twitter4j.http.PostParameterTest')","[25004, 25052, 25101, 25149]"
"('Description.java', 'org.junit.runner.Description', 'parseMethod', '(.*)\\((.*)\\)', 'testFrench(twitter4j.util.TimeSpanConverterTest)')","[8097, 14498]"
"('Description.java', 'org.junit.runner.Description', 'getClassName', '(.*)\\((.*)\\)', 'twitter4j.SuggestedUsersResourcesTest')","[25908, 25928, 25949, 25969]"
"('ConfigurationBase.java', 'twitter4j.conf.ConfigurationBase', 'dumpConfiguration', 'oAuthConsumerSecret|oAuthAccessTokenSecret|password', 'httpProxyPort')","[17366, 17423]"
"('Description.java', 'org.junit.runner.Description', 'parseMethod', '(.*)\\((.*)\\)', 'twitter4j.conf.ConfigurationTest')",[5365]
"('Description.java', 'org.junit.runner.Description', 'parseMethod', '(.*)\\((.*)\\)', 'testDummy(twitter4j.TweetsResourcesTest)')","[6524, 13980]"
"('Description.java', 'org.junit.runner.Description', 'getClassName', '(.*)\\((.*)\\)', 'testPagingCountDosentWork1(twitter4j.ListResourcesTest)')","[316, 336, 356]"
"('ConfigurationBase.java', 'twitter4j.conf.ConfigurationBase', 'dumpConfiguration', 'oAuthConsumerSecret|oAuthAccessTokenSecret|password', 'dispatcherImpl')","[19436, 19493]"
"('Description.java', 'org.junit.runner.Description', 'getClassName', '(.*)\\((.*)\\)', 'testDummy(twitter4j.SpamReportingResourceTest)')","[5047, 5067, 5087]"
"('Description.java', 'org.junit.runner.Description', 'parseMethod', '(.*)\\((.*)\\)', 'testJapanese(twitter4j.util.TimeSpanConverterTest)')","[8257, 14540]"
"('Description.java', 'org.junit.runner.Description', 'parseMethod', '(.*)\\((.*)\\)', 'testOAuthInstance(twitter4j.AuthorizationTest)')","[7579, 14332]"
"('Description.java', 'org.junit.runner.Description', 'parseMethod', '(.*)\\((.*)\\)', 'twitter4j.TrendsResourcesTest')",[8435]
"('Description.java', 'org.junit.runner.Description', 'parseMethod', '(.*)\\((.*)\\)', 'twitter4j.FavoritesResourcesTest')",[3571]
"('Description.java', 'org.junit.runner.Description', 'parseMethod', '(.*)\\((.*)\\)', 'testItalian(twitter4j.util.TimeSpanConverterTest)')","[7857, 14415]"
"('Description.java', 'org.junit.runner.Description', 'parseMethod', '(.*)\\((.*)\\)', 'testException(twitter4j.TwitterExceptionTest)')","[3770, 13147]"
"('Description.java', 'org.junit.runner.Description', 'parseMethod', '(.*)\\((.*)\\)', 'testDesktopClient(twitter4j.auth.OAuthTest)')","[1614, 12541]"
"('Description.java', 'org.junit.runner.Description', 'getClassName', '(.*)\\((.*)\\)', 'twitter4j.TrendsResourcesTest')","[26482, 26502, 26523, 26543]"
"('Description.java', 'org.junit.runner.Description', 'getClassName', '(.*)\\((.*)\\)', 'testFixURL(twitter4j.conf.ConfigurationTest)')","[5485, 5505, 5525]"
"('Description.java', 'org.junit.runner.Description', 'parseMethod', '(.*)\\((.*)\\)', 'testSign(twitter4j.auth.OAuthTest)')","[2094, 12667]"
"('Description.java', 'org.junit.runner.Description', 'parseMethod', '(.*)\\((.*)\\)', 'testDummy(twitter4j.http.HttpClientTest)')","[11563, 15618]"
"('Description.java', 'org.junit.runner.Description', 'parseMethod', '(.*)\\((.*)\\)', 'twitter4j.http.BASE64EncoderTest')",[11364]
"('Description.java', 'org.junit.runner.Description', 'parseMethod', '(.*)\\((.*)\\)', 'testDeterministic(twitter4j.auth.OAuthTest)')","[1454, 12499]"
"('Description.java', 'org.junit.runner.Description', 'parseMethod', '(.*)\\((.*)\\)', 'testDummy(twitter4j.auth.ApplicationOnlyAuthTest)')","[1275, 12437]"
"('Description.java', 'org.junit.runner.Description', 'parseMethod', '(.*)\\((.*)\\)', 'testCreateDestroyFriend(twitter4j.FriendsFollowersResourcesTest)')","[2673, 12834]"
"('Description.java', 'org.junit.runner.Description', 'getClassName', '(.*)\\((.*)\\)', 'twitter4j.HelpResoursesTest')","[26810, 26830, 26851, 26871]"
"('Description.java', 'org.junit.runner.Description', 'getClassName', '(.*)\\((.*)\\)', 'twitter4j.util.CharacterUtilTest')","[16200, 16248, 16297, 16345]"
"('Description.java', 'org.junit.runner.Description', 'parseMethod', '(.*)\\((.*)\\)', 'testSettingAccessTokenFromPropertyFile(twitter4j.auth.ApplicationOnlyAuthTest)')","[1195, 12416]"
"('Description.java', 'org.junit.runner.Description', 'getClassName', '(.*)\\((.*)\\)', 'testAPIStatisticsOpenMBean(twitter4j.management.MBeansTest)')","[12021, 12041, 12061]"
"('Description.java', 'org.junit.runner.Description', 'parseMethod', '(.*)\\((.*)\\)', 'twitter4j.HelpResoursesTest')",[5106]
"('Description.java', 'org.junit.runner.Description', 'parseMethod', '(.*)\\((.*)\\)', 'testDummy(twitter4j.DirectMessagesResourcesTest)')","[4848, 13480]"
"('Description.java', 'org.junit.runner.Description', 'parseMethod', '(.*)\\((.*)\\)', 'twitter4j.TimelineResourcesTest')",[3152]
"('Description.java', 'org.junit.runner.Description', 'parseMethod', '(.*)\\((.*)\\)', 'testJoin(twitter4j.internal.util.StringUtilTest)')","[10588, 15287]"
"('Description.java', 'org.junit.runner.Description', 'getClassName', '(.*)\\((.*)\\)', 'twitter4j.UsersResourcesTest')","[26728, 26748, 26769, 26789]"
"('Description.java', 'org.junit.runner.Description', 'getClassName', '(.*)\\((.*)\\)', 'testHelpMethods(twitter4j.HelpResoursesTest)')","[5146, 5166, 5186, 13583]"
"('ConfigurationBase.java', 'twitter4j.conf.ConfigurationBase', 'dumpConfiguration', 'oAuthConsumerSecret|oAuthAccessTokenSecret|password', 'prettyDebug')","[17136, 17193]"
"('Description.java', 'org.junit.runner.Description', 'getClassName', '(.*)\\((.*)\\)', 'testDummy(twitter4j.DirectMessagesResourcesTest)')","[4868, 4888, 4908]"
"('Description.java', 'org.junit.runner.Description', 'getClassName', '(.*)\\((.*)\\)', 'testIsRetweetedWhenStatusHasNotBooleanRetweeted(twitter4j.internal.json.StatusJSONImplTest)')","[9393, 9413, 9433]"
"('Description.java', 'org.junit.runner.Description', 'parseMethod', '(.*)\\((.*)\\)', 'testEnglish(twitter4j.util.TimeSpanConverterTest)')","[8017, 14477]"
"('Description.java', 'org.junit.runner.Description', 'parseMethod', '(.*)\\((.*)\\)', 'testAPIStatisticsOpenMBean(twitter4j.management.MBeansTest)')","[12001, 15763]"
"('Description.java', 'org.junit.runner.Description', 'parseMethod', '(.*)\\((.*)\\)', 'twitter4j.SuggestedUsersResourcesTest')",[6862]
"('Description.java', 'org.junit.runner.Description', 'parseMethod', '(.*)\\((.*)\\)', 'testHelpMethods(twitter4j.HelpResoursesTest)')","[5126, 13563]"
"('Description.java', 'org.junit.runner.Description', 'getClassName', '(.*)\\((.*)\\)', 'twitter4j.TimelineResourcesTest')","[26400, 26420, 26441, 26461]"
"('Description.java', 'org.junit.runner.Description', 'parseMethod', '(.*)\\((.*)\\)', 'testDummy(twitter4j.auth.OAuthTest)')","[2494, 12772]"
"('Description.java', 'org.junit.runner.Description', 'parseMethod', '(.*)\\((.*)\\)', 'testGetResetTimeInSeconds(twitter4j.internal.json.RateLimitStatusJSONImplTest)')","[9731, 14997]"
"('Description.java', 'org.junit.runner.Description', 'parseMethod', '(.*)\\((.*)\\)', 'testShowUser(twitter4j.UsersResourcesTest)')","[4589, 13397]"
"('ConfigurationBase.java', 'twitter4j.conf.ConfigurationBase', 'dumpConfiguration', 'oAuthConsumerSecret|oAuthAccessTokenSecret|password', 'DEFAULT_OAUTH_AUTHENTICATION_URL')","[21851, 21908]"
"('Description.java', 'org.junit.runner.Description', 'parseMethod', '(.*)\\((.*)\\)', 'testRateLimitStatus(twitter4j.TwitterTest)')","[11125, 15473]"
"('Description.java', 'org.junit.runner.Description', 'parseMethod', '(.*)\\((.*)\\)', 'testBanner(twitter4j.UsersResourcesTest)')","[4269, 13313]"
"('Description.java', 'org.junit.runner.Description', 'getClassName', '(.*)\\((.*)\\)', 'testOAuth(twitter4j.auth.OAuthTest)')","[1554, 1574, 1594]"
"('Description.java', 'org.junit.runner.Description', 'parseMethod', '(.*)\\((.*)\\)', 'testIsRetweetedWhenStatusIsNotRetweeted(twitter4j.internal.json.StatusJSONImplTest)')","[9213, 14851]"
"('Description.java', 'org.junit.runner.Description', 'parseMethod', '(.*)\\((.*)\\)', 'testUsingOwnerScreenName(twitter4j.ListResourcesTest)')","[456, 12207]"
"('Description.java', 'org.junit.runner.Description', 'getClassName', '(.*)\\((.*)\\)', 'testPagingCountDosentWork2(twitter4j.ListResourcesTest)')","[396, 416, 436]"
"('Description.java', 'org.junit.runner.Description', 'getClassName', '(.*)\\((.*)\\)', 'testDummy(twitter4j.UsersResourcesTest)')","[4689, 4709, 4729]"
"('ConfigurationBase.java', 'twitter4j.conf.ConfigurationBase', 'dumpConfiguration', 'oAuthConsumerSecret|oAuthAccessTokenSecret|password', 'oAuthAuthenticationURL')","[18631, 18688]"
"('Description.java', 'org.junit.runner.Description', 'parseMethod', '(.*)\\((.*)\\)', 'testTreeConfiguration(twitter4j.conf.ConfigurationTest)')","[5865, 13792]"
"('Description.java', 'org.junit.runner.Description', 'getClassName', '(.*)\\((.*)\\)', 'testEncode(twitter4j.http.BASE64EncoderTest)')","[11404, 11424, 11444, 15556]"
"('Description.java', 'org.junit.runner.Description', 'parseMethod', '(.*)\\((.*)\\)', 'testPagingCountDosentWork1(twitter4j.ListResourcesTest)')","[296, 12165]"
"('Description.java', 'org.junit.runner.Description', 'getClassName', '(.*)\\((.*)\\)', 'twitter4j.DirectMessagesResourcesTest')","[26892, 26912, 26933, 26953]"
"('Description.java', 'org.junit.runner.Description', 'parseMethod', '(.*)\\((.*)\\)', 'twitter4j.internal.json.UserJSONImplTest')",[9452]
"('Description.java', 'org.junit.runner.Description', 'getClassName', '(.*)\\((.*)\\)', 'testAnonymousInstance(twitter4j.AuthorizationTest)')","[7519, 7539, 7559]"
"('ConfigurationBase.java', 'twitter4j.conf.ConfigurationBase', 'dumpConfiguration', 'oAuthConsumerSecret|oAuthAccessTokenSecret|password', 'httpRetryCount')","[17826, 17883]"
"('ConfigurationBase.java', 'twitter4j.conf.ConfigurationBase', 'dumpConfiguration', 'oAuthConsumerSecret|oAuthAccessTokenSecret|password', 'jsonStoreEnabled')","[20356, 20413]"
"('Description.java', 'org.junit.runner.Description', 'parseMethod', '(.*)\\((.*)\\)', 'testEasyPaging(twitter4j.SearchAPITest)')","[8794, 14726]"
"('Description.java', 'org.junit.runner.Description', 'getClassName', '(.*)\\((.*)\\)', 'twitter4j.ListResourcesTest')","[25334, 25354, 25375, 25395]"
"('Description.java', 'org.junit.runner.Description', 'parseMethod', '(.*)\\((.*)\\)', 'testReportSpammerSavedSearches(twitter4j.SpamReportingResourceTest)')","[4947, 13501]"
"('ConfigurationBase.java', 'twitter4j.conf.ConfigurationBase', 'dumpConfiguration', 'oAuthConsumerSecret|oAuthAccessTokenSecret|password', 'serialVersionUID')","[22886, 22943]"
"('Description.java', 'org.junit.runner.Description', 'parseMethod', '(.*)\\((.*)\\)', 'testgetContentType(twitter4j.http.PostParameterTest)')","[11742, 15680]"
"('Description.java', 'org.junit.runner.Description', 'parseMethod', '(.*)\\((.*)\\)', 'twitter4j.http.HttpClientTest')",[11463]
"('Description.java', 'org.junit.runner.Description', 'getClassName', '(.*)\\((.*)\\)', 'testDeterministic(twitter4j.auth.OAuthTest)')","[1474, 1494, 1514]"
"('ConfigurationBase.java', 'twitter4j.conf.ConfigurationBase', 'dumpConfiguration', 'oAuthConsumerSecret|oAuthAccessTokenSecret|password', 'DEFAULT_SITE_STREAM_BASE_URL')","[22541, 22598]"
"('Description.java', 'org.junit.runner.Description', 'getClassName', '(.*)\\((.*)\\)', 'testEasyPaging(twitter4j.SearchAPITest)')","[8814, 8834, 8854]"
"('Description.java', 'org.junit.runner.Description', 'parseMethod', '(.*)\\((.*)\\)', 'testAnonymousInstance(twitter4j.AuthorizationTest)')","[7499, 14311]"
"('ConfigurationBase.java', 'twitter4j.conf.ConfigurationBase', 'dumpConfiguration', 'oAuthConsumerSecret|oAuthAccessTokenSecret|password', 'maxTotalConnections')","[18056, 18113]"
"('ConfigurationBase.java', 'twitter4j.conf.ConfigurationBase', 'dumpConfiguration', 'oAuthConsumerSecret|oAuthAccessTokenSecret|password', 'httpReadTimeout')","[17596, 17653]"
"('ConfigurationBase.java', 'twitter4j.conf.ConfigurationBase', 'dumpConfiguration', 'oAuthConsumerSecret|oAuthAccessTokenSecret|password', 'mediaProvider')","[20931, 20988]"
"('ConfigurationBase.java', 'twitter4j.conf.ConfigurationBase', 'dumpConfiguration', 'oAuthConsumerSecret|oAuthAccessTokenSecret|password', 'DEFAULT_REST_BASE_URL')","[22196, 22253]"
"('Description.java', 'org.junit.runner.Description', 'getClassName', '(.*)\\((.*)\\)', 'testgetContentType(twitter4j.http.PostParameterTest)')","[11762, 11782, 11802]"
"('Description.java', 'org.junit.runner.Description', 'getClassName', '(.*)\\((.*)\\)', 'testParseTrendDate(twitter4j.internal.util.ParseUtilTest)')","[10867, 10887, 10907]"
"('ConfigurationBase.java', 'twitter4j.conf.ConfigurationBase', 'dumpConfiguration', 'oAuthConsumerSecret|oAuthAccessTokenSecret|password', 'GAE')","[21391, 21448]"
"('Description.java', 'org.junit.runner.Description', 'parseMethod', '(.*)\\((.*)\\)', 'testLookupFriendships(twitter4j.FriendsFollowersResourcesTest)')","[2833, 12876]"
"('Description.java', 'org.junit.runner.Description', 'parseMethod', '(.*)\\((.*)\\)', 'testDummy(twitter4j.SuggestedUsersResourcesTest)')","[6962, 14125]"
"('Description.java', 'org.junit.runner.Description', 'getClassName', '(.*)\\((.*)\\)', 'testIsRetweetedWhenStatusHasNoRetweetedProperty(twitter4j.internal.json.StatusJSONImplTest)')","[9313, 9333, 9353]"
"('Description.java', 'org.junit.runner.Description', 'getClassName', '(.*)\\((.*)\\)', 'testAccessToken(twitter4j.auth.OAuthTest)')","[2034, 2054, 2074]"
"('Description.java', 'org.junit.runner.Description', 'parseMethod', '(.*)\\((.*)\\)', 'twitter4j.TweetsResourcesTest')",[6104]
"('Description.java', 'org.junit.runner.Description', 'parseMethod', '(.*)\\((.*)\\)', 'testMonitoringIntegration(twitter4j.MBeansIntegrationTest)')","[7061, 14146]"
"('Description.java', 'org.junit.runner.Description', 'getClassName', '(.*)\\((.*)\\)', 'testDummy(twitter4j.HelpResoursesTest)')","[5306, 5326, 5346]"
"('Description.java', 'org.junit.runner.Description', 'getClassName', '(.*)\\((.*)\\)', 'testParseIntOverflow(twitter4j.internal.util.ParseUtilTest)')","[10787, 10807, 10827]"
"('Description.java', 'org.junit.runner.Description', 'parseMethod', '(.*)\\((.*)\\)', 'testAuthWithBuildingConf2(twitter4j.auth.ApplicationOnlyAuthTest)')","[715, 12290]"
"('ConfigurationBase.java', 'twitter4j.conf.ConfigurationBase', 'dumpConfiguration', 'oAuthConsumerSecret|oAuthAccessTokenSecret|password', 'mbeanEnabled')","[20471, 20528]"
"('Description.java', 'org.junit.runner.Description', 'parseMethod', '(.*)\\((.*)\\)', 'testSocialGraphMethods(twitter4j.FriendsFollowersResourcesTest)')","[2593, 12793]"
"('Description.java', 'org.junit.runner.Description', 'parseMethod', '(.*)\\((.*)\\)', 'testAccessToken(twitter4j.auth.OAuthTest)')","[2014, 12646]"
"('Description.java', 'org.junit.runner.Description', 'parseMethod', '(.*)\\((.*)\\)', 'testInvalidation(twitter4j.auth.ApplicationOnlyAuthTest)')","[955, 12353]"
"('Description.java', 'org.junit.runner.Description', 'parseMethod', '(.*)\\((.*)\\)', 'testOAuth2Instance(twitter4j.AuthorizationTest)')","[7419, 14270]"
"('Description.java', 'org.junit.runner.Description', 'parseMethod', '(.*)\\((.*)\\)', 'testFavoriteMethods(twitter4j.FavoritesResourcesTest)')","[3591, 13085]"
