"('Description.java', 'org.junit.runner.Description', 'methodAndClassNamePatternGroupOrDefault', '([\\s\\S]*)\\((.*)\\)', '[ScanRanges[[]] 1]')",[2534]
"('Description.java', 'org.junit.runner.Description', 'methodAndClassNamePatternGroupOrDefault', '([\\s\\S]*)\\((.*)\\)', 'testCombiningRVCWithNonRVCUsingOr3(com.salesforce.phoenix.compile.WhereClauseOptimizerTest)')","[19939, 58060]"
"('Description.java', 'org.junit.runner.Description', 'methodAndClassNamePatternGroupOrDefault', '([\\s\\S]*)\\((.*)\\)', 'testSelectValueWithFullyQualifiedWhereClause(com.salesforce.phoenix.end2end.salted.SaltedTableTest)')","[24957, 63098]"
"('Description.java', 'org.junit.runner.Description', 'methodAndClassNamePatternGroupOrDefault', '([\\s\\S]*)\\((.*)\\)', 'testCreateTenantTableTwice(com.salesforce.phoenix.end2end.TenantSpecificTablesDDLTest)')","[36097, 73614]"
"('Description.java', 'org.junit.runner.Description', 'methodAndClassNamePatternGroupOrDefault', '([\\s\\S]*)\\((.*)\\)', 'testSelectDistinctOnTableWithSecondaryImmutableIndex(com.salesforce.phoenix.end2end.index.ImmutableIndexTest)')","[28267, 66068]"
"('Description.java', 'org.junit.runner.Description', 'methodAndClassNamePatternGroupOrDefault', '([\\s\\S]*)\\((.*)\\)', 'testRowValueConstructorOnLHSAndLiteralExpressionOnRHS(com.salesforce.phoenix.end2end.RowValueConstructorTest)')","[24791, 62944]"
"('StoreFile.java', 'org.apache.hadoop.hbase.regionserver.StoreFile', 'isHFile', '^([0-9a-f]+(?:_SeqId_[0-9]+_)?)', 'f405ac725d9546a48e440193aff07702')","[1234550, 1234603]"
"('Description.java', 'org.junit.runner.Description', 'methodAndClassNamePatternGroupOrDefault', '([\\s\\S]*)\\((.*)\\)', 'testDistinctLimitedGroupedAggregation[](com.salesforce.phoenix.end2end.QueryTest)')","[12083, 50472]"
"('Description.java', 'org.junit.runner.Description', 'methodAndClassNamePatternGroupOrDefault', '([\\s\\S]*)\\((.*)\\)', 'testDoubleMultiplyExpression[CREATE INDEX ATABLE_IDX ON aTable (a_integer, a_string) INCLUDE (    B_STRING,     A_DATE)](com.salesforce.phoenix.end2end.QueryTest)')","[8545, 46976]"
"('StoreFile.java', 'org.apache.hadoop.hbase.regionserver.StoreFile', 'isReference', '^([0-9a-f]+(?:_SeqId_[0-9]+_)?|(?:[a-zA-Z_0-9][a-zA-Z_0-9.-]*)=(?:[a-f0-9]+)-[0-9a-f]+(?:_SeqId_[0-9]+_)?)\\.(.+)$', 'f405ac725d9546a48e440193aff07702')","[1234533, 1234586]"
"('Description.java', 'org.junit.runner.Description', 'methodAndClassNamePatternGroupOrDefault', '([\\s\\S]*)\\((.*)\\)', 'testOverwritingPutsCorrectlyGetIndexed(com.salesforce.hbase.index.covered.example.TestEndtoEndIndexingWithCompression)')","[38772, 76078]"
"('Description.java', 'org.junit.runner.Description', 'methodAndClassNamePatternGroupOrDefault', '([\\s\\S]*)\\((.*)\\)', 'testBadBinaryDef(com.salesforce.phoenix.parse.QueryParserTest)')","[16809, 54980]"
"('Description.java', 'org.junit.runner.Description', 'methodAndClassNamePatternGroupOrDefault', '([\\s\\S]*)\\((.*)\\)', 'testTimeFilter(com.salesforce.phoenix.end2end.ToNumberFunctionTest)')","[34578, 72162]"
"('Description.java', 'org.junit.runner.Description', 'methodAndClassNamePatternGroupOrDefault', '([\\s\\S]*)\\((.*)\\)', 'testDeleteAllFromTableAutoCommit(com.salesforce.phoenix.end2end.DeleteTest)')","[32591, 70160]"
"('StoreFile.java', 'org.apache.hadoop.hbase.regionserver.StoreFile', 'isHFile', '^([0-9a-f]+(?:_SeqId_[0-9]+_)?)', '4d1521a62dd349a4b3068e4b2008bd89')","[1258709, 1258762]"
"('Description.java', 'org.junit.runner.Description', 'methodAndClassNamePatternGroupOrDefault', '([\\s\\S]*)\\((.*)\\)', 'test[[[a], [(* - *)]] [I@45d58963 [B@462ee666 UPPER {4}](com.salesforce.phoenix.util.ScanUtilTest)')","[784, 40927]"
"('Description.java', 'org.junit.runner.Description', 'methodAndClassNamePatternGroupOrDefault', '([\\s\\S]*)\\((.*)\\)', 'com.salesforce.phoenix.end2end.DefaultParallelIteratorsRegionSplitterTest')",[28492]
"('Description.java', 'org.junit.runner.Description', 'methodAndClassNamePatternGroupOrDefault', '([\\s\\S]*)\\((.*)\\)', 'testForVarCharArrayForEvenNumberWithIndex(com.salesforce.phoenix.schema.PDataTypeForArraysTest)')","[37217, 74648]"
"('Description.java', 'org.junit.runner.Description', 'methodAndClassNamePatternGroupOrDefault', '([\\s\\S]*)\\((.*)\\)', 'testEqualRound(com.salesforce.phoenix.compile.WhereClauseOptimizerTest)')","[20149, 58280]"
"('Description.java', 'org.junit.runner.Description', 'methodAndClassNamePatternGroupOrDefault', '([\\s\\S]*)\\((.*)\\)', 'testIntToDecimalDivideExpression[CREATE INDEX ATABLE_IDX ON aTable (a_integer, a_string) INCLUDE (    B_STRING,     A_DATE)](com.salesforce.phoenix.end2end.QueryTest)')","[7786, 46217]"
"('Description.java', 'org.junit.runner.Description', 'methodAndClassNamePatternGroupOrDefault', '([\\s\\S]*)\\((.*)\\)', 'com.salesforce.phoenix.compile.HavingClauseTest')","[21424, 1180581]"
"('Description.java', 'org.junit.runner.Description', 'methodAndClassNamePatternGroupOrDefault', '([\\s\\S]*)\\((.*)\\)', 'testGetSplitsWithSkipScanFilter[ScanRanges[[]] [(* - a1A), [a1A - a1B), [a1B - a1E), [a1E - a1G), [a1G - a1I), [a1I - a2A), [a2A - *)]](com.salesforce.phoenix.end2end.SkipRangeParallelIteratorRegionSplitterTest)')","[3896, 42514]"
"('Description.java', 'org.junit.runner.Description', 'methodAndClassNamePatternGroupOrDefault', '([\\s\\S]*)\\((.*)\\)', 'testDescMultiOrderByExpr(com.salesforce.phoenix.end2end.TopNTest)')","[25266, 63362]"
"('Description.java', 'org.junit.runner.Description', 'methodAndClassNamePatternGroupOrDefault', '([\\s\\S]*)\\((.*)\\)', 'testMutableTableIndexMaintanenceSalted(com.salesforce.phoenix.end2end.index.MutableSaltedIndexTest)')","[27853, 65694]"
"('Description.java', 'org.junit.runner.Description', 'methodAndClassNamePatternGroupOrDefault', '([\\s\\S]*)\\((.*)\\)', 'testSelectDistinctWithAggregation(com.salesforce.phoenix.compile.QueryCompileTest)')","[22010, 60150]"
"('Description.java', 'org.junit.runner.Description', 'methodAndClassNamePatternGroupOrDefault', '([\\s\\S]*)\\((.*)\\)', 'test[[[aaa, abc, def], [[AB - AX], [EB - EZ), [PO - PP)]] [I@2cd0e678 [rowkey=abcAB, expected include, rowkey=abcAY, expected seek next using hint: abcEB, rowkey=abcEF, expected include, rowkey=abcPP, expected seek next using hint: defAB, rowkey=defEZ, expected seek next using hint: defPO, rowkey=defPO, expected include, rowkey=defPP, expected finished]](com.salesforce.phoenix.filter.SkipScanFilterTest)')","[1243, 41157]"
"('Description.java', 'org.junit.runner.Description', 'methodAndClassNamePatternGroupOrDefault', '([\\s\\S]*)\\((.*)\\)', '[ScanRanges[[[b], [1], [B]]] [b1A - b1B)]')",[2754]
"('Description.java', 'org.junit.runner.Description', 'methodAndClassNamePatternGroupOrDefault', '([\\s\\S]*)\\((.*)\\)', 'testColumnMutationInParentTableWithExistingTenantTable(com.salesforce.phoenix.end2end.TenantSpecificTablesDDLTest)')","[36370, 73900]"
"('Description.java', 'org.junit.runner.Description', 'methodAndClassNamePatternGroupOrDefault', '([\\s\\S]*)\\((.*)\\)', 'testFullyQualifiedRVCInList[CREATE INDEX ATABLE_IDX ON aTable (a_integer, a_string) INCLUDE (    B_STRING,     A_DATE)](com.salesforce.phoenix.end2end.QueryTest)')","[8982, 47413]"
"('Description.java', 'org.junit.runner.Description', 'methodAndClassNamePatternGroupOrDefault', '([\\s\\S]*)\\((.*)\\)', 'com.salesforce.phoenix.util.ScanUtilTest')",[36]
"('StoreFile.java', 'org.apache.hadoop.hbase.regionserver.StoreFile', 'isReference', '^([0-9a-f]+(?:_SeqId_[0-9]+_)?|(?:[a-zA-Z_0-9][a-zA-Z_0-9.-]*)=(?:[a-f0-9]+)-[0-9a-f]+(?:_SeqId_[0-9]+_)?)\\.(.+)$', 'd1adb69d930c45479816b8c3adbed7b5.cf1c0335939d5e6a9a075c5f1f63aff1')","[499516, 580452]"
"('Description.java', 'org.junit.runner.Description', 'methodAndClassNamePatternGroupOrDefault', '([\\s\\S]*)\\((.*)\\)', 'testLimit(com.salesforce.phoenix.compile.LimitClauseTest)')","[24083, 62262]"
"('Description.java', 'org.junit.runner.Description', 'methodAndClassNamePatternGroupOrDefault', '([\\s\\S]*)\\((.*)\\)', 'testCoerceIntegerToLong[](com.salesforce.phoenix.end2end.QueryTest)')","[13808, 52197]"
"('Description.java', 'org.junit.runner.Description', 'methodAndClassNamePatternGroupOrDefault', '([\\s\\S]*)\\((.*)\\)', 'testInMemorySpooling(com.salesforce.phoenix.iterate.SpoolingResultIteratorTest)')","[15212, 53506]"
"('Description.java', 'org.junit.runner.Description', 'methodAndClassNamePatternGroupOrDefault', '([\\s\\S]*)\\((.*)\\)', 'testNestedRVCBasic(com.salesforce.phoenix.end2end.RowValueConstructorTest)')","[24392, 62526]"
"('Description.java', 'org.junit.runner.Description', 'methodAndClassNamePatternGroupOrDefault', '([\\s\\S]*)\\((.*)\\)', 'testSubstrFunctionOnRowKeyInWhere(com.salesforce.phoenix.end2end.VariableLengthPKTest)')","[31967, 69566]"
"('Description.java', 'org.junit.runner.Description', 'methodAndClassNamePatternGroupOrDefault', '([\\s\\S]*)\\((.*)\\)', 'testUnboundRangeScan2[CREATE INDEX ATABLE_IDX ON aTable (a_integer) INCLUDE (    A_STRING,     B_STRING,     A_DATE)](com.salesforce.phoenix.end2end.QueryTest)')","[10544, 48954]"
"('Description.java', 'org.junit.runner.Description', 'methodAndClassNamePatternGroupOrDefault', '([\\s\\S]*)\\((.*)\\)', 'testNotEquals[CREATE INDEX ATABLE_IDX ON aTable (a_integer DESC) INCLUDE (    A_STRING,     B_STRING,     A_DATE)](com.salesforce.phoenix.end2end.QueryTest)')","[6178, 44630]"
"('StoreFile.java', 'org.apache.hadoop.hbase.regionserver.StoreFile', 'isHFile', '^([0-9a-f]+(?:_SeqId_[0-9]+_)?)', '9abd37d36afa4b30800522c7d1f3bc77')","[1234444, 1234497]"
"('Description.java', 'org.junit.runner.Description', 'methodAndClassNamePatternGroupOrDefault', '([\\s\\S]*)\\((.*)\\)', 'testVarFixedVar(com.salesforce.phoenix.schema.RowKeySchemaTest)')","[38261, 75682]"
"('Description.java', 'org.junit.runner.Description', 'methodAndClassNamePatternGroupOrDefault', '([\\s\\S]*)\\((.*)\\)', 'test[[[a, b], [1, 2], [A, [C - D], G]] null](com.salesforce.phoenix.filter.SkipScanFilterIntersectTest)')","[1702, 41387]"
"('Description.java', 'org.junit.runner.Description', 'methodAndClassNamePatternGroupOrDefault', '([\\s\\S]*)\\((.*)\\)', 'testFoundIndexOnPartialEvalCaseStatement[](com.salesforce.phoenix.end2end.QueryTest)')","[11830, 50219]"
"('HFileLink.java', 'org.apache.hadoop.hbase.io.HFileLink', 'isHFileLink', '^((?:[a-zA-Z_0-9][a-zA-Z_0-9.-]*))=((?:[a-f0-9]+))-([0-9a-f]+(?:_SeqId_[0-9]+_)?)$', '336dfe27b10d4d6eac1f0ac0c1083745')","[1179284, 1179337]"
"('Description.java', 'org.junit.runner.Description', 'methodAndClassNamePatternGroupOrDefault', '([\\s\\S]*)\\((.*)\\)', 'testFixedLengthValueAtEnd(com.salesforce.phoenix.schema.RowKeySchemaTest)')","[38240, 75660]"
"('Description.java', 'org.junit.runner.Description', 'methodAndClassNamePatternGroupOrDefault', '([\\s\\S]*)\\((.*)\\)', '[ScanRanges[[[a], [0], [[A - Z]]]] [(* - a1A)]]')",[3917]
"('Description.java', 'org.junit.runner.Description', 'methodAndClassNamePatternGroupOrDefault', '([\\s\\S]*)\\((.*)\\)', 'testScanByFloatValue[](com.salesforce.phoenix.end2end.QueryTest)')","[14061, 52450]"
"('Description.java', 'org.junit.runner.Description', 'methodAndClassNamePatternGroupOrDefault', '([\\s\\S]*)\\((.*)\\)', 'testSelectWithSubtractionExpression[CREATE INDEX ATABLE_IDX ON aTable (a_integer) INCLUDE (    A_STRING,     B_STRING,     A_DATE)](com.salesforce.phoenix.end2end.QueryTest)')","[11234, 49644]"
"('Description.java', 'org.junit.runner.Description', 'methodAndClassNamePatternGroupOrDefault', '([\\s\\S]*)\\((.*)\\)', 'testScanByDoubleValue[CREATE INDEX ATABLE_IDX ON aTable (a_integer) INCLUDE (    A_STRING,     B_STRING,     A_DATE)](com.salesforce.phoenix.end2end.QueryTest)')","[10659, 49069]"
"('Description.java', 'org.junit.runner.Description', 'methodAndClassNamePatternGroupOrDefault', '([\\s\\S]*)\\((.*)\\)', 'testChooseIndexWithLongestRowKey(com.salesforce.phoenix.compile.QueryOptimizerTest)')","[19038, 57136]"
"('Description.java', 'org.junit.runner.Description', 'methodAndClassNamePatternGroupOrDefault', '([\\s\\S]*)\\((.*)\\)', 'testIntToDecimalDivideExpression[CREATE INDEX ATABLE_IDX ON aTable (a_integer DESC) INCLUDE (    A_STRING,     B_STRING,     A_DATE)](com.salesforce.phoenix.end2end.QueryTest)')","[5304, 43756]"
"('Description.java', 'org.junit.runner.Description', 'methodAndClassNamePatternGroupOrDefault', '([\\s\\S]*)\\((.*)\\)', 'testUpsertSelectWithSelectAsSubQuery1(com.salesforce.phoenix.end2end.ArrayTest)')","[25808, 63890]"
"('Description.java', 'org.junit.runner.Description', 'methodAndClassNamePatternGroupOrDefault', '([\\s\\S]*)\\((.*)\\)', 'testNoSCNInConnectionProps(com.salesforce.phoenix.compile.QueryCompileTest)')","[22178, 60326]"
"('Description.java', 'org.junit.runner.Description', 'methodAndClassNamePatternGroupOrDefault', '([\\s\\S]*)\\((.*)\\)', 'testUpsertValuesWithArray(com.salesforce.phoenix.end2end.ArrayTest)')","[25724, 63802]"
"('Description.java', 'org.junit.runner.Description', 'methodAndClassNamePatternGroupOrDefault', '([\\s\\S]*)\\((.*)\\)', '[[[[a - b)], [1]] [I@8fe6a6a [B@76fc59c2 UPPER {4}]')",[629]
"('HTableDescriptor.java', 'org.apache.hadoop.hbase.HTableDescriptor', 'addCoprocessor', '^coprocessor\\$([0-9]+)$', 'coprocessor$4')","[84525, 86218, 90558, 93932, 111653, 113346, 117651, 121097, 898123, 899816, 904121, 907651, 911177, 914703, 918229, 1187562, 1189212, 1193474, 1197000, 1202517, 1206743, 1241563, 1243213, 1247475, 1251001, 1265982, 1267632, 1271844, 1275286, 1280596, 1295562, 1297212, 1301474, 1305000, 1313554, 1315204, 1319416, 1323026, 1335552, 1337202, 1341414, 1344940, 1355156, 1356806, 1361018, 1364460, 1372290, 1400846, 1402496, 1406708, 1410234, 1420664, 1422314, 1426526, 1429800]"
"('Description.java', 'org.junit.runner.Description', 'methodAndClassNamePatternGroupOrDefault', '([\\s\\S]*)\\((.*)\\)', 'testNegateExpression[CREATE INDEX ATABLE_IDX ON aTable (a_integer DESC) INCLUDE (    A_STRING,     B_STRING,     A_DATE)](com.salesforce.phoenix.end2end.QueryTest)')","[4522, 42974]"
"('Description.java', 'org.junit.runner.Description', 'methodAndClassNamePatternGroupOrDefault', '([\\s\\S]*)\\((.*)\\)', 'testParseCreateTableInlinePrimaryKeyWithOrder(com.salesforce.phoenix.parse.QueryParserTest)')","[16599, 54760]"
"('Description.java', 'org.junit.runner.Description', 'methodAndClassNamePatternGroupOrDefault', '([\\s\\S]*)\\((.*)\\)', 'testPassesFirstFamily(com.salesforce.hbase.index.covered.filter.TestFamilyOnlyFilter)')","[39537, 76760]"
"('Description.java', 'org.junit.runner.Description', 'methodAndClassNamePatternGroupOrDefault', '([\\s\\S]*)\\((.*)\\)', 'testCoerceExpressionSupportsCoercingCharToVarchar(com.salesforce.phoenix.expression.CoerceExpressionTest)')","[17809, 55948]"
"('Description.java', 'org.junit.runner.Description', 'methodAndClassNamePatternGroupOrDefault', '([\\s\\S]*)\\((.*)\\)', 'testSingleTopLevelNot(com.salesforce.phoenix.parse.QueryParserTest)')","[16116, 54254]"
"('Description.java', 'org.junit.runner.Description', 'methodAndClassNamePatternGroupOrDefault', '([\\s\\S]*)\\((.*)\\)', 'testSaltedOrderBy(com.salesforce.phoenix.end2end.ProductMetricsTest)')","[33931, 71524]"
"('Description.java', 'org.junit.runner.Description', 'methodAndClassNamePatternGroupOrDefault', '([\\s\\S]*)\\((.*)\\)', 'testIsNull[CREATE INDEX ATABLE_IDX ON aTable (a_integer, a_string) INCLUDE (    B_STRING,     A_DATE)](com.salesforce.phoenix.end2end.QueryTest)')","[8637, 47068]"
"('Description.java', 'org.junit.runner.Description', 'methodAndClassNamePatternGroupOrDefault', '([\\s\\S]*)\\((.*)\\)', 'testOnDiskSpooling(com.salesforce.phoenix.iterate.SpoolingResultIteratorTest)')","[15191, 53484]"
"('TagLibConfiguration.java', 'org.mortbay.jetty.webapp.TagLibConfiguration', 'configureWebApp', 'start.jar|ant-.*\\.jar|dojo-.*\\.jar|jetty-.*\\.jar|jsp-api-.*\\.jar|junit-.*\\.jar|servlet-api-.*\\.jar|dnsns\\.jar|rt\\.jar|jsse\\.jar|tools\\.jar|sunpkcs11\\.jar|sunjce_provider\\.jar|xerces.*\\.jar', 'sunec.jar')","[78020, 78524, 104953, 105457, 891415, 891919, 1181073, 1181568, 1235074, 1235569, 1259445, 1259940, 1289073, 1289568, 1306969, 1307464, 1328919, 1329414, 1348675, 1349170, 1394309, 1394804, 1414135, 1414630, 1435623, 1436118]"
"('Description.java', 'org.junit.runner.Description', 'methodAndClassNamePatternGroupOrDefault', '([\\s\\S]*)\\((.*)\\)', 'testOverChildMemoryLimit(com.salesforce.phoenix.memory.MemoryManagerTest)')","[17912, 56036]"
"('Description.java', 'org.junit.runner.Description', 'methodAndClassNamePatternGroupOrDefault', '([\\s\\S]*)\\((.*)\\)', 'testPercentileContOnDescPKColumn(com.salesforce.phoenix.end2end.PercentileTest)')","[30299, 67938]"
"('Description.java', 'org.junit.runner.Description', 'methodAndClassNamePatternGroupOrDefault', '([\\s\\S]*)\\((.*)\\)', 'testDivideByIntegerZero(com.salesforce.phoenix.compile.QueryCompileTest)')","[22493, 60656]"
"('Description.java', 'org.junit.runner.Description', 'methodAndClassNamePatternGroupOrDefault', '([\\s\\S]*)\\((.*)\\)', 'testCoerceIntegerToLong[CREATE INDEX ATABLE_IDX ON aTable (a_integer, a_string) INCLUDE (    B_STRING,     A_DATE)](com.salesforce.phoenix.end2end.QueryTest)')","[8844, 47275]"
"('Description.java', 'org.junit.runner.Description', 'methodAndClassNamePatternGroupOrDefault', '([\\s\\S]*)\\((.*)\\)', 'testArrayIndexUsedInGroupByClause(com.salesforce.phoenix.end2end.ArrayTest)')","[25556, 63626]"
"('StoreFile.java', 'org.apache.hadoop.hbase.regionserver.StoreFile', 'isHFile', '^([0-9a-f]+(?:_SeqId_[0-9]+_)?)', 'fca529dbcc1f48f186ceef2339da145b')","[1233914, 1233967]"
"('Description.java', 'org.junit.runner.Description', 'methodAndClassNamePatternGroupOrDefault', '([\\s\\S]*)\\((.*)\\)', 'test[[[b], [2], [B]] [I@20d8d3a1 [B@7b2dffdf LOWER {4}](com.salesforce.phoenix.util.ScanUtilTest)')","[212, 40628]"
"('Description.java', 'org.junit.runner.Description', 'methodAndClassNamePatternGroupOrDefault', '([\\s\\S]*)\\((.*)\\)', 'testFullyQualifiedRVCInList[](com.salesforce.phoenix.end2end.QueryTest)')","[13946, 52335]"
"('Description.java', 'org.junit.runner.Description', 'methodAndClassNamePatternGroupOrDefault', '([\\s\\S]*)\\((.*)\\)', 'testCurrentDate(com.salesforce.phoenix.end2end.ProductMetricsTest)')","[33784, 71370]"
"('Description.java', 'org.junit.runner.Description', 'methodAndClassNamePatternGroupOrDefault', '([\\s\\S]*)\\((.*)\\)', 'testToDateOnString[](com.salesforce.phoenix.end2end.QueryTest)')","[13992, 52381]"
"('Description.java', 'org.junit.runner.Description', 'methodAndClassNamePatternGroupOrDefault', '([\\s\\S]*)\\((.*)\\)', 'testDecimalAddExpression[CREATE INDEX ATABLE_IDX ON aTable (a_integer, a_string) INCLUDE (    B_STRING,     A_DATE)](com.salesforce.phoenix.end2end.QueryTest)')","[6751, 45182]"
"('Description.java', 'org.junit.runner.Description', 'methodAndClassNamePatternGroupOrDefault', '([\\s\\S]*)\\((.*)\\)', 'testDecimalUpsertSelect(com.salesforce.phoenix.end2end.ArithmeticQueryTest)')","[33009, 70578]"
"('Description.java', 'org.junit.runner.Description', 'methodAndClassNamePatternGroupOrDefault', '([\\s\\S]*)\\((.*)\\)', 'testOrAggColsInHaving(com.salesforce.phoenix.compile.HavingClauseTest)')","[21487, 59622]"
"('Description.java', 'org.junit.runner.Description', 'methodAndClassNamePatternGroupOrDefault', '([\\s\\S]*)\\((.*)\\)', 'testSubstrFunction(com.salesforce.phoenix.end2end.VariableLengthPKTest)')","[32051, 69654]"
"('Description.java', 'org.junit.runner.Description', 'methodAndClassNamePatternGroupOrDefault', '([\\s\\S]*)\\((.*)\\)', '[[[aaa, [abd - def]]] [I@62377369 [rowkey=aba, expected seek next using hint: abd, rowkey=abe, expected include, rowkey=def, expected include, rowkey=deg, expected finished]]')",[1088]
"('HTableDescriptor.java', 'org.apache.hadoop.hbase.HTableDescriptor', 'hasCoprocessor', '^coprocessor\\$([0-9]+)$', 'UpgradeTo21')","[83302, 83850, 84798, 85424, 110430, 110978, 111926, 112552, 896900, 897448, 898396, 899022, 1186370, 1186904, 1187828, 1188438, 1240371, 1240905, 1241829, 1242439, 1264790, 1265324, 1266248, 1266858, 1294370, 1294904, 1295828, 1296438, 1312362, 1312896, 1313820, 1314430, 1334360, 1334894, 1335818, 1336428, 1353964, 1354498, 1355422, 1356032, 1399654, 1400188, 1401112, 1401722, 1419472, 1420006, 1420930, 1421540]"
"('Description.java', 'org.junit.runner.Description', 'methodAndClassNamePatternGroupOrDefault', '([\\s\\S]*)\\((.*)\\)', 'testScan[CREATE INDEX ATABLE_IDX ON aTable (a_integer) INCLUDE (    A_STRING,     B_STRING,     A_DATE)](com.salesforce.phoenix.end2end.QueryTest)')","[9693, 48103]"
"('Description.java', 'org.junit.runner.Description', 'methodAndClassNamePatternGroupOrDefault', '([\\s\\S]*)\\((.*)\\)', 'testQuickFailure(com.salesforce.hbase.index.covered.example.TestFailWithoutRetries)')","[39226, 76474]"
"('Description.java', 'org.junit.runner.Description', 'methodAndClassNamePatternGroupOrDefault', '([\\s\\S]*)\\((.*)\\)', 'testImmutableTableIndexMaintanenceUnsalted(com.salesforce.phoenix.end2end.index.ImmutableIndexTest)')","[28246, 66046]"
"('Description.java', 'org.junit.runner.Description', 'methodAndClassNamePatternGroupOrDefault', '([\\s\\S]*)\\((.*)\\)', 'testDynamicColumsSpecificQuery(com.salesforce.phoenix.end2end.DynamicColumnTest)')","[36595, 74076]"
"('StoreFile.java', 'org.apache.hadoop.hbase.regionserver.StoreFile', 'isHFile', '^([0-9a-f]+(?:_SeqId_[0-9]+_)?)', '1603ce771c144434b5479203f054e59f')","[105678, 105740, 105856]"
"('Description.java', 'org.junit.runner.Description', 'methodAndClassNamePatternGroupOrDefault', '([\\s\\S]*)\\((.*)\\)', 'test[ScanRanges[[[b], [1], [B]]] [b1C - b2A]](com.salesforce.phoenix.compile.ScanRangesTest)')","[3217, 42169]"
"('Description.java', 'org.junit.runner.Description', 'methodAndClassNamePatternGroupOrDefault', '([\\s\\S]*)\\((.*)\\)', 'testAllScan[](com.salesforce.phoenix.end2end.QueryTest)')","[12106, 50495]"
"('Description.java', 'org.junit.runner.Description', 'methodAndClassNamePatternGroupOrDefault', '([\\s\\S]*)\\((.*)\\)', 'com.salesforce.phoenix.end2end.DynamicColumnTest')",[36574]
"('Description.java', 'org.junit.runner.Description', 'methodAndClassNamePatternGroupOrDefault', '([\\s\\S]*)\\((.*)\\)', 'testNullabilityMultiCondCaseStatement[](com.salesforce.phoenix.end2end.QueryTest)')","[12865, 51254]"
"('Description.java', 'org.junit.runner.Description', 'methodAndClassNamePatternGroupOrDefault', '([\\s\\S]*)\\((.*)\\)', '[[[[AB - AX], [EB - EZ), [PO - PP)], [abc, def]] [I@46cae744 [rowkey=ABabc, expected include, rowkey=ABdeg, expected seek next using hint: ACabc, rowkey=AMabc, expected include, rowkey=AYabc, expected seek next using hint: EBabc, rowkey=EFabc, expected include, rowkey=EZdef, expected seek next using hint: POabc, rowkey=POabd, expected seek next using hint: POdef, rowkey=POdef, expected include, rowkey=PPabc, expected finished]]')",[1264]
"('Description.java', 'org.junit.runner.Description', 'methodAndClassNamePatternGroupOrDefault', '([\\s\\S]*)\\((.*)\\)', 'com.salesforce.hbase.index.util.TestIndexManagementUtil')",[38547]
"('StoreFile.java', 'org.apache.hadoop.hbase.regionserver.StoreFile', 'isReference', '^([0-9a-f]+(?:_SeqId_[0-9]+_)?|(?:[a-zA-Z_0-9][a-zA-Z_0-9.-]*)=(?:[a-f0-9]+)-[0-9a-f]+(?:_SeqId_[0-9]+_)?)\\.(.+)$', 'f76f20f141834789b5b92ae36e5d8945')","[1413435, 1413541]"
"('Description.java', 'org.junit.runner.Description', 'methodAndClassNamePatternGroupOrDefault', '([\\s\\S]*)\\((.*)\\)', 'testResetColumnInSameTxn(com.salesforce.phoenix.end2end.ProductMetricsTest)')","[33763, 71348]"
"('Description.java', 'org.junit.runner.Description', 'methodAndClassNamePatternGroupOrDefault', '([\\s\\S]*)\\((.*)\\)', 'testNonArrayColumnWithIndex(com.salesforce.phoenix.compile.QueryCompileTest)')","[22892, 61074]"
"('Description.java', 'org.junit.runner.Description', 'methodAndClassNamePatternGroupOrDefault', '([\\s\\S]*)\\((.*)\\)', 'testUpsertParameterMetaData(com.salesforce.phoenix.compile.QueryMetaDataTest)')","[18643, 56762]"
"('Description.java', 'org.junit.runner.Description', 'methodAndClassNamePatternGroupOrDefault', '([\\s\\S]*)\\((.*)\\)', 'testOutOfOrderUpdates(com.salesforce.hbase.index.covered.example.TestEndToEndCoveredIndexing)')","[39392, 76628]"
"('Description.java', 'org.junit.runner.Description', 'methodAndClassNamePatternGroupOrDefault', '([\\s\\S]*)\\((.*)\\)', 'testKeyRangeExpression2(com.salesforce.phoenix.compile.WhereClauseOptimizerTest)')","[20338, 58478]"
"('Description.java', 'org.junit.runner.Description', 'methodAndClassNamePatternGroupOrDefault', '([\\s\\S]*)\\((.*)\\)', 'testEnsureGuarranteedMinValid(com.salesforce.hbase.index.covered.example.TestColumnTracker)')","[39125, 76408]"
"('Description.java', 'org.junit.runner.Description', 'methodAndClassNamePatternGroupOrDefault', '([\\s\\S]*)\\((.*)\\)', 'testCurrentValueFor(com.salesforce.phoenix.end2end.SequenceTest)')","[29824, 67520]"
"('HFileLink.java', 'org.apache.hadoop.hbase.io.HFileLink', 'isHFileLink', '^((?:[a-zA-Z_0-9][a-zA-Z_0-9.-]*))=((?:[a-f0-9]+))-([0-9a-f]+(?:_SeqId_[0-9]+_)?)$', 'c648cf02ff464c2d9536006065f42261')","[1258992, 1259045]"
"('Description.java', 'org.junit.runner.Description', 'methodAndClassNamePatternGroupOrDefault', '([\\s\\S]*)\\((.*)\\)', 'testInvalidSelectStar(com.salesforce.phoenix.parse.QueryParserTest)')","[17040, 55222]"
"('Description.java', 'org.junit.runner.Description', 'methodAndClassNamePatternGroupOrDefault', '([\\s\\S]*)\\((.*)\\)', 'toFromIndexKey(com.salesforce.hbase.index.covered.example.TestCoveredColumnIndexCodec)')","[39064, 76364]"
"('HFileLink.java', 'org.apache.hadoop.hbase.io.HFileLink', 'isHFileLink', '^((?:[a-zA-Z_0-9][a-zA-Z_0-9.-]*))=((?:[a-f0-9]+))-([0-9a-f]+(?:_SeqId_[0-9]+_)?)$', '8ab77e96f3c84496bd012e66e17cf302')","[1179814, 1179867]"
"('HFileLink.java', 'org.apache.hadoop.hbase.io.HFileLink', 'isHFileLink', '^((?:[a-zA-Z_0-9][a-zA-Z_0-9.-]*))=((?:[a-f0-9]+))-([0-9a-f]+(?:_SeqId_[0-9]+_)?)$', 'b198bcbf48a64e1bbcb56a795143a269')","[104415, 104468]"
"('Description.java', 'org.junit.runner.Description', 'methodAndClassNamePatternGroupOrDefault', '([\\s\\S]*)\\((.*)\\)', 'testSerializationWithNullScaleAndMaxLength(com.salesforce.phoenix.expression.ColumnExpressionTest)')","[17164, 55332]"
"('Description.java', 'org.junit.runner.Description', 'methodAndClassNamePatternGroupOrDefault', '([\\s\\S]*)\\((.*)\\)', 'testRoundScan(com.salesforce.phoenix.end2end.ProductMetricsTest)')","[33868, 71458]"
"('Description.java', 'org.junit.runner.Description', 'methodAndClassNamePatternGroupOrDefault', '([\\s\\S]*)\\((.*)\\)', 'testAndFalseFilter(com.salesforce.phoenix.compile.WhereClauseCompileTest)')","[23310, 61492]"
"('Description.java', 'org.junit.runner.Description', 'methodAndClassNamePatternGroupOrDefault', '([\\s\\S]*)\\((.*)\\)', 'testOrderByGroupedAggregation(com.salesforce.phoenix.end2end.ProductMetricsTest)')","[33364, 70930]"
"('Description.java', 'org.junit.runner.Description', 'methodAndClassNamePatternGroupOrDefault', '([\\s\\S]*)\\((.*)\\)', 'testCSVUpsertWithBogusColumn(com.salesforce.phoenix.end2end.CSVLoaderTest)')","[34912, 72492]"
"('Description.java', 'org.junit.runner.Description', 'methodAndClassNamePatternGroupOrDefault', '([\\s\\S]*)\\((.*)\\)', 'testUpsertSelectWithLimit(com.salesforce.phoenix.end2end.UpsertSelectTest)')","[31215, 68818]"
"('Description.java', 'org.junit.runner.Description', 'methodAndClassNamePatternGroupOrDefault', '([\\s\\S]*)\\((.*)\\)', 'testSumUngroupedHavingAggregation2(com.salesforce.phoenix.end2end.ProductMetricsTest)')","[33112, 70666]"
"('Description.java', 'org.junit.runner.Description', 'methodAndClassNamePatternGroupOrDefault', '([\\s\\S]*)\\((.*)\\)', 'testConstantSumAggregation(com.salesforce.phoenix.end2end.ProductMetricsTest)')","[33448, 71018]"
"('Description.java', 'org.junit.runner.Description', 'methodAndClassNamePatternGroupOrDefault', '([\\s\\S]*)\\((.*)\\)', 'testNotEqualsByUnsignedFloat[CREATE INDEX ATABLE_IDX ON aTable (a_integer DESC) INCLUDE (    A_STRING,     B_STRING,     A_DATE)](com.salesforce.phoenix.end2end.QueryTest)')","[5787, 44239]"
"('Description.java', 'org.junit.runner.Description', 'methodAndClassNamePatternGroupOrDefault', '([\\s\\S]*)\\((.*)\\)', 'testOrAggFuncInHaving(com.salesforce.phoenix.compile.HavingClauseTest)')","[21571, 59710]"
"('Description.java', 'org.junit.runner.Description', 'methodAndClassNamePatternGroupOrDefault', '([\\s\\S]*)\\((.*)\\)', 'testDistinctCountOnRKColumn(com.salesforce.phoenix.end2end.DistinctCountTest)')","[34994, 72558]"
"('Description.java', 'org.junit.runner.Description', 'methodAndClassNamePatternGroupOrDefault', '([\\s\\S]*)\\((.*)\\)', 'testCurrentTime(com.salesforce.phoenix.end2end.ProductMetricsTest)')","[33805, 71392]"
"('Description.java', 'org.junit.runner.Description', 'methodAndClassNamePatternGroupOrDefault', '([\\s\\S]*)\\((.*)\\)', 'testGreaterThanRound(com.salesforce.phoenix.compile.WhereClauseOptimizerTest)')","[19708, 57818]"
"('Description.java', 'org.junit.runner.Description', 'methodAndClassNamePatternGroupOrDefault', '([\\s\\S]*)\\((.*)\\)', 'testDuplicateKVColumn(com.salesforce.phoenix.compile.QueryCompileTest)')","[21989, 60128]"
"('Description.java', 'org.junit.runner.Description', 'methodAndClassNamePatternGroupOrDefault', '([\\s\\S]*)\\((.*)\\)', '[CREATE INDEX ATABLE_IDX ON aTable (a_integer) INCLUDE (    A_STRING,     B_STRING,     A_DATE)]')",[9164]
"('Description.java', 'org.junit.runner.Description', 'methodAndClassNamePatternGroupOrDefault', '([\\s\\S]*)\\((.*)\\)', 'testUnfoundSingleColumnCaseStatement[](com.salesforce.phoenix.end2end.QueryTest)')","[11738, 50127]"
"('StoreFile.java', 'org.apache.hadoop.hbase.regionserver.StoreFile', 'isReference', '^([0-9a-f]+(?:_SeqId_[0-9]+_)?|(?:[a-zA-Z_0-9][a-zA-Z_0-9.-]*)=(?:[a-f0-9]+)-[0-9a-f]+(?:_SeqId_[0-9]+_)?)\\.(.+)$', 'ee6c1a90ec96423481260f9c3d299214')","[1288426, 1288479]"
"('Description.java', 'org.junit.runner.Description', 'methodAndClassNamePatternGroupOrDefault', '([\\s\\S]*)\\((.*)\\)', 'testAllScan[CREATE INDEX ATABLE_IDX ON aTable (a_integer DESC) INCLUDE (    A_STRING,     B_STRING,     A_DATE)](com.salesforce.phoenix.end2end.QueryTest)')","[4660, 43112]"
"('Description.java', 'org.junit.runner.Description', 'methodAndClassNamePatternGroupOrDefault', '([\\s\\S]*)\\((.*)\\)', '[ScanRanges[[[b, c, d], [[3 - 4]], [[B - D], [G - I]]]] [b20 - b50]]')",[3150]
"('Description.java', 'org.junit.runner.Description', 'methodAndClassNamePatternGroupOrDefault', '([\\s\\S]*)\\((.*)\\)', 'testSkipScan(com.salesforce.phoenix.end2end.VariableLengthPKTest)')","[31589, 69170]"
"('Description.java', 'org.junit.runner.Description', 'methodAndClassNamePatternGroupOrDefault', '([\\s\\S]*)\\((.*)\\)', 'test[[[aaa, [abd - def)]] [I@267a24df [rowkey=aba, expected seek next using hint: abd, rowkey=def, expected finished]](com.salesforce.phoenix.filter.SkipScanFilterTest)')","[1155, 41111]"
"('Description.java', 'org.junit.runner.Description', 'methodAndClassNamePatternGroupOrDefault', '([\\s\\S]*)\\((.*)\\)', 'testInClauseWithIndexOnColumnOfUsignedIntType(com.salesforce.phoenix.end2end.index.ImmutableIndexTest)')","[28288, 66090]"
"('Description.java', 'org.junit.runner.Description', 'methodAndClassNamePatternGroupOrDefault', '([\\s\\S]*)\\((.*)\\)', 'testVarCharXIntInQuery(com.salesforce.phoenix.end2end.SkipScanQueryTest)')","[29427, 67124]"
"('StoreFile.java', 'org.apache.hadoop.hbase.regionserver.StoreFile', 'isReference', '^([0-9a-f]+(?:_SeqId_[0-9]+_)?|(?:[a-zA-Z_0-9][a-zA-Z_0-9.-]*)=(?:[a-f0-9]+)-[0-9a-f]+(?:_SeqId_[0-9]+_)?)\\.(.+)$', '682f9fb986874729b0fba341a66baf11')","[1349368, 1349430, 1349553]"
"('Description.java', 'org.junit.runner.Description', 'methodAndClassNamePatternGroupOrDefault', '([\\s\\S]*)\\((.*)\\)', 'testMultiLeftJoin[[Ljava.lang.String;@26a6d290](com.salesforce.phoenix.end2end.HashJoinTest)')","[14515, 52864]"
"('Description.java', 'org.junit.runner.Description', 'methodAndClassNamePatternGroupOrDefault', '([\\s\\S]*)\\((.*)\\)', 'com.salesforce.phoenix.parse.QueryParserTest')","[16095, 1180207]"
"('Description.java', 'org.junit.runner.Description', 'methodAndClassNamePatternGroupOrDefault', '([\\s\\S]*)\\((.*)\\)', 'com.salesforce.phoenix.end2end.ProductMetricsTest')",[33049]
"('StoreFile.java', 'org.apache.hadoop.hbase.regionserver.StoreFile', 'isHFile', '^([0-9a-f]+(?:_SeqId_[0-9]+_)?)', '5c77b97569e64033bf9fb36cb234d10c')","[1393573, 1393626]"
"('Description.java', 'org.junit.runner.Description', 'methodAndClassNamePatternGroupOrDefault', '([\\s\\S]*)\\((.*)\\)', 'testUpperLowerBoundRangeScan[CREATE INDEX ATABLE_IDX ON aTable (a_integer DESC) INCLUDE (    A_STRING,     B_STRING,     A_DATE)](com.salesforce.phoenix.end2end.QueryTest)')","[5879, 44331]"
"('TagLibConfiguration.java', 'org.mortbay.jetty.webapp.TagLibConfiguration', 'configureWebApp', 'start.jar|ant-.*\\.jar|dojo-.*\\.jar|jetty-.*\\.jar|jsp-api-.*\\.jar|junit-.*\\.jar|servlet-api-.*\\.jar|dnsns\\.jar|rt\\.jar|jsse\\.jar|tools\\.jar|sunpkcs11\\.jar|sunjce_provider\\.jar|xerces.*\\.jar', 'dnsns.jar')","[77852, 78365, 104785, 105298, 891247, 891760, 1180908, 1181412, 1234909, 1235413, 1259280, 1259784, 1288908, 1289412, 1306804, 1307308, 1328754, 1329258, 1348510, 1349014, 1394144, 1394648, 1413970, 1414474, 1435458, 1435962]"
"('Description.java', 'org.junit.runner.Description', 'methodAndClassNamePatternGroupOrDefault', '([\\s\\S]*)\\((.*)\\)', 'testRoundingUpDate(com.salesforce.phoenix.end2end.RoundFloorCeilFunctionsEnd2EndTest)')","[35555, 73086]"
"('Description.java', 'org.junit.runner.Description', 'methodAndClassNamePatternGroupOrDefault', '([\\s\\S]*)\\((.*)\\)', 'testMultiByteReverseDecending(com.salesforce.phoenix.end2end.ReverseFunctionTest)')","[27025, 64946]"
"('Description.java', 'org.junit.runner.Description', 'methodAndClassNamePatternGroupOrDefault', '([\\s\\S]*)\\((.*)\\)', 'testAndTrueFilter(com.salesforce.phoenix.compile.WhereClauseCompileTest)')","[23898, 62108]"
"('Description.java', 'org.junit.runner.Description', 'methodAndClassNamePatternGroupOrDefault', '([\\s\\S]*)\\((.*)\\)', 'testToDateInList(com.salesforce.phoenix.parse.QueryParserTest)')","[16494, 54650]"
"('Description.java', 'org.junit.runner.Description', 'methodAndClassNamePatternGroupOrDefault', '([\\s\\S]*)\\((.*)\\)', 'testJoinMultiJoinKeys[[Ljava.lang.String;@26a6d290](com.salesforce.phoenix.end2end.HashJoinTest)')","[14331, 52680]"
"('Description.java', 'org.junit.runner.Description', 'methodAndClassNamePatternGroupOrDefault', '([\\s\\S]*)\\((.*)\\)', 'testPaddedRowKeyFilter(com.salesforce.phoenix.compile.WhereClauseCompileTest)')","[23709, 61910]"
"('StoreFile.java', 'org.apache.hadoop.hbase.regionserver.StoreFile', 'isHFile', '^([0-9a-f]+(?:_SeqId_[0-9]+_)?)', 'e953b851d6764deaa2b86179f986d2de')","[890806, 890859]"
"('Description.java', 'org.junit.runner.Description', 'methodAndClassNamePatternGroupOrDefault', '([\\s\\S]*)\\((.*)\\)', '[ScanRanges[[[b], [2], [C]]] [b0A - b2A]]')",[2710]
"('StoreFile.java', 'org.apache.hadoop.hbase.regionserver.StoreFile', 'isReference', '^([0-9a-f]+(?:_SeqId_[0-9]+_)?|(?:[a-zA-Z_0-9][a-zA-Z_0-9.-]*)=(?:[a-f0-9]+)-[0-9a-f]+(?:_SeqId_[0-9]+_)?)\\.(.+)$', '5fff3c0eb0fd4c5aa8037d1c7e23d78c')","[1306428, 1306481]"
"('Description.java', 'org.junit.runner.Description', 'methodAndClassNamePatternGroupOrDefault', '([\\s\\S]*)\\((.*)\\)', 'testPointInTimeSequence[CREATE INDEX ATABLE_IDX ON aTable (a_integer) INCLUDE (    A_STRING,     B_STRING,     A_DATE)](com.salesforce.phoenix.end2end.QueryTest)')","[9946, 48356]"
"('Description.java', 'org.junit.runner.Description', 'methodAndClassNamePatternGroupOrDefault', '([\\s\\S]*)\\((.*)\\)', 'testLikeOptKeyExpression2(com.salesforce.phoenix.compile.WhereClauseOptimizerTest)')","[19351, 57444]"
"('Description.java', 'org.junit.runner.Description', 'methodAndClassNamePatternGroupOrDefault', '([\\s\\S]*)\\((.*)\\)', 'testKeyOrderedAggregation2(com.salesforce.phoenix.end2end.ProductMetricsTest)')","[33217, 70776]"
"('Description.java', 'org.junit.runner.Description', 'methodAndClassNamePatternGroupOrDefault', '([\\s\\S]*)\\((.*)\\)', 'testAggregation(com.salesforce.phoenix.end2end.ProductMetricsTest)')","[33826, 71414]"
"('Description.java', 'org.junit.runner.Description', 'methodAndClassNamePatternGroupOrDefault', '([\\s\\S]*)\\((.*)\\)', 'testWithoutCompression(org.apache.hadoop.hbase.regionserver.wal.TestReadWriteKeyValuesWithCodec)')","[40515, 77486]"
"('StoreFile.java', 'org.apache.hadoop.hbase.regionserver.StoreFile', 'isReference', '^([0-9a-f]+(?:_SeqId_[0-9]+_)?|(?:[a-zA-Z_0-9][a-zA-Z_0-9.-]*)=(?:[a-f0-9]+)-[0-9a-f]+(?:_SeqId_[0-9]+_)?)\\.(.+)$', '63e4c7dca81447d2b49bb3b4b5090dc0')","[1328060, 1328113]"
"('HTableDescriptor.java', 'org.apache.hadoop.hbase.HTableDescriptor', 'hasCoprocessor', '^coprocessor\\$([0-9]+)$', 'UpgradeTo20')","[83341, 83890, 84837, 85464, 110469, 111018, 111965, 112592, 896939, 897488, 898435, 899062, 1186408, 1186943, 1187866, 1188477, 1240409, 1240944, 1241867, 1242478, 1264828, 1265363, 1266286, 1266897, 1294408, 1294943, 1295866, 1296477, 1312400, 1312935, 1313858, 1314469, 1334398, 1334933, 1335856, 1336467, 1354002, 1354537, 1355460, 1356071, 1399692, 1400227, 1401150, 1401761, 1419510, 1420045, 1420968, 1421579]"
"('Description.java', 'org.junit.runner.Description', 'methodAndClassNamePatternGroupOrDefault', '([\\s\\S]*)\\((.*)\\)', 'testFoundIndexOnPartialEvalCaseStatement[CREATE INDEX ATABLE_IDX ON aTable (a_integer DESC) INCLUDE (    A_STRING,     B_STRING,     A_DATE)](com.salesforce.phoenix.end2end.QueryTest)')","[4384, 42836]"
"('Description.java', 'org.junit.runner.Description', 'methodAndClassNamePatternGroupOrDefault', '([\\s\\S]*)\\((.*)\\)', 'testPointInTimeUngroupedLimitedAggregation[](com.salesforce.phoenix.end2end.QueryTest)')","[13187, 51576]"
"('Description.java', 'org.junit.runner.Description', 'methodAndClassNamePatternGroupOrDefault', '([\\s\\S]*)\\((.*)\\)', '[CREATE INDEX ATABLE_IDX ON aTable (a_integer DESC) INCLUDE (    A_STRING,     B_STRING,     A_DATE)]')",[4200]
"('Description.java', 'org.junit.runner.Description', 'methodAndClassNamePatternGroupOrDefault', '([\\s\\S]*)\\((.*)\\)', 'testOrderByUnprojected(com.salesforce.phoenix.end2end.ProductMetricsTest)')","[33973, 71568]"
"('Description.java', 'org.junit.runner.Description', 'methodAndClassNamePatternGroupOrDefault', '([\\s\\S]*)\\((.*)\\)', 'testKeyOrderedRoundAggregation2(com.salesforce.phoenix.end2end.ProductMetricsTest)')","[33616, 71194]"
"('Description.java', 'org.junit.runner.Description', 'methodAndClassNamePatternGroupOrDefault', '([\\s\\S]*)\\((.*)\\)', '[[Ljava.lang.String;@26a6d290]')",[14147]
"('Description.java', 'org.junit.runner.Description', 'methodAndClassNamePatternGroupOrDefault', '([\\s\\S]*)\\((.*)\\)', 'testPercentileWithGroupby(com.salesforce.phoenix.end2end.PercentileTest)')","[30341, 67982]"
"('Description.java', 'org.junit.runner.Description', 'methodAndClassNamePatternGroupOrDefault', '([\\s\\S]*)\\((.*)\\)', '[[[[a - b]], [1]] [I@31690c95 [B@67b9238a UPPER {4}]')",[673]
"('TagLibConfiguration.java', 'org.mortbay.jetty.webapp.TagLibConfiguration', 'configureWebApp', 'start.jar|ant-.*\\.jar|dojo-.*\\.jar|jetty-.*\\.jar|jsp-api-.*\\.jar|junit-.*\\.jar|servlet-api-.*\\.jar|dnsns\\.jar|rt\\.jar|jsse\\.jar|tools\\.jar|sunpkcs11\\.jar|sunjce_provider\\.jar|xerces.*\\.jar', 'sunpkcs11.jar')","[78076, 78577, 105009, 105510, 891471, 891972, 1181128, 1181620, 1235129, 1235621, 1259500, 1259992, 1289128, 1289620, 1307024, 1307516, 1328974, 1329466, 1348730, 1349222, 1394364, 1394856, 1414190, 1414682, 1435678, 1436170]"
"('Description.java', 'org.junit.runner.Description', 'methodAndClassNamePatternGroupOrDefault', '([\\s\\S]*)\\((.*)\\)', 'testFoundIndexOnPartialEvalCaseStatement[CREATE INDEX ATABLE_IDX ON aTable (a_integer, a_string) INCLUDE (    B_STRING,     A_DATE)](com.salesforce.phoenix.end2end.QueryTest)')","[6866, 45297]"
"('Description.java', 'org.junit.runner.Description', 'methodAndClassNamePatternGroupOrDefault', '([\\s\\S]*)\\((.*)\\)', 'testMaxGroupedAggregation(com.salesforce.phoenix.end2end.ProductMetricsTest)')","[34183, 71788]"
"('Description.java', 'org.junit.runner.Description', 'methodAndClassNamePatternGroupOrDefault', '([\\s\\S]*)\\((.*)\\)', 'testDoubleAddExpression[CREATE INDEX ATABLE_IDX ON aTable (a_integer, a_string) INCLUDE (    B_STRING,     A_DATE)](com.salesforce.phoenix.end2end.QueryTest)')","[8200, 46631]"
"('Description.java', 'org.junit.runner.Description', 'methodAndClassNamePatternGroupOrDefault', '([\\s\\S]*)\\((.*)\\)', 'testCompositeRowKeyBytesIndex(com.salesforce.phoenix.index.IndexMaintainerTest)')","[15782, 53924]"
"('Description.java', 'org.junit.runner.Description', 'methodAndClassNamePatternGroupOrDefault', '([\\s\\S]*)\\((.*)\\)', 'com.salesforce.hbase.index.covered.example.TestCoveredColumnIndexCodec')",[39001]
"('Description.java', 'org.junit.runner.Description', 'methodAndClassNamePatternGroupOrDefault', '([\\s\\S]*)\\((.*)\\)', 'testLongSubtractionExpression[CREATE INDEX ATABLE_IDX ON aTable (a_integer DESC) INCLUDE (    A_STRING,     B_STRING,     A_DATE)](com.salesforce.phoenix.end2end.QueryTest)')","[6017, 44469]"
"('Description.java', 'org.junit.runner.Description', 'methodAndClassNamePatternGroupOrDefault', '([\\s\\S]*)\\((.*)\\)', 'testRightJoin[[Ljava.lang.String;@1249ffc3](com.salesforce.phoenix.end2end.HashJoinTest)')","[14812, 53140]"
"('Description.java', 'org.junit.runner.Description', 'methodAndClassNamePatternGroupOrDefault', '([\\s\\S]*)\\((.*)\\)', 'com.salesforce.hbase.index.covered.example.TestCoveredIndexSpecifierBuilder')",[39165]
"('Description.java', 'org.junit.runner.Description', 'methodAndClassNamePatternGroupOrDefault', '([\\s\\S]*)\\((.*)\\)', 'testRVCWithNonLeadingPkColsOfTypesTimeStampAndString(com.salesforce.phoenix.end2end.RowValueConstructorTest)')","[24602, 62746]"
"('StoreFile.java', 'org.apache.hadoop.hbase.regionserver.StoreFile', 'isHFile', '^([0-9a-f]+(?:_SeqId_[0-9]+_)?)', '63a620782d3843dfb910f92576b1a786')","[1288337, 1288390]"
"('Description.java', 'org.junit.runner.Description', 'methodAndClassNamePatternGroupOrDefault', '([\\s\\S]*)\\((.*)\\)', 'testToNumberFilterWithNegativeDecimal(com.salesforce.phoenix.compile.WhereClauseCompileTest)')","[23289, 61470]"
"('ServerName.java', 'org.apache.hadoop.hbase.ServerName', 'parseServerName', '[^,]+,[\\d]+,[\\d]+$', 'bn19-236.dcs.mcnc.org,34354,1516005636554')","[1329703, 1329727, 1329829, 1329849, 1329869, 1329893, 1329917, 1329941, 1329965, 1329989, 1330013, 1330037, 1330061, 1330085, 1330109, 1330133, 1330157, 1330181, 1330205, 1330229, 1330253, 1330277, 1330301, 1330325, 1330349, 1330373, 1330397, 1330421, 1330445, 1330469, 1330493, 1330517, 1330541, 1330565, 1330589, 1330613, 1330637, 1330661, 1330685, 1330709, 1330733, 1330757, 1330781, 1330805, 1330829, 1330853, 1330877, 1330898, 1330919, 1330977, 1331001, 1331025, 1331049, 1331067, 1331085, 1331109, 1331133, 1331157, 1331181, 1331205, 1331229, 1331248, 1331270, 1331292, 1331334, 1337440, 1337749, 1337797, 1348318]"
"('Description.java', 'org.junit.runner.Description', 'methodAndClassNamePatternGroupOrDefault', '([\\s\\S]*)\\((.*)\\)', 'testSmallIntDivideExpression[](com.salesforce.phoenix.end2end.QueryTest)')","[12566, 50955]"
"('StoreFile.java', 'org.apache.hadoop.hbase.regionserver.StoreFile', 'isHFile', '^([0-9a-f]+(?:_SeqId_[0-9]+_)?)', 'b76587164f2b408ea91fc312c0abe2fa')","[890594, 890647]"
"('Description.java', 'org.junit.runner.Description', 'methodAndClassNamePatternGroupOrDefault', '([\\s\\S]*)\\((.*)\\)', 'testKeyRangeExpression6(com.salesforce.phoenix.compile.WhereClauseOptimizerTest)')","[20422, 58566]"
"('Description.java', 'org.junit.runner.Description', 'methodAndClassNamePatternGroupOrDefault', '([\\s\\S]*)\\((.*)\\)', 'testSimpleCaseStatement[CREATE INDEX ATABLE_IDX ON aTable (a_integer, a_string) INCLUDE (    B_STRING,     A_DATE)](com.salesforce.phoenix.end2end.QueryTest)')","[8476, 46907]"
"('Description.java', 'org.junit.runner.Description', 'methodAndClassNamePatternGroupOrDefault', '([\\s\\S]*)\\((.*)\\)', 'testChooseTableFromOrderByAsc(com.salesforce.phoenix.compile.QueryOptimizerTest)')","[18912, 57004]"
"('ServerName.java', 'org.apache.hadoop.hbase.ServerName', 'parseServerName', '[^,]+,[\\d]+,[\\d]+$', 'bn19-236.dcs.mcnc.org,41300,1516005726451')","[1414919, 1415037, 1415057, 1415077, 1415101, 1415125, 1415149, 1415173, 1415197, 1415221, 1415245, 1415269, 1415293, 1415317, 1415341, 1415365, 1415389, 1415413, 1415437, 1415461, 1415485, 1415509, 1415533, 1415557, 1415581, 1415605, 1415629, 1415653, 1415677, 1415701, 1415725, 1415749, 1415773, 1415797, 1415821, 1415845, 1415869, 1415893, 1415917, 1415941, 1415965, 1415989, 1416013, 1416037, 1416061, 1416085, 1416106, 1416127, 1416185, 1416209, 1416227, 1416245, 1416269, 1416293, 1416317, 1416341, 1416360, 1416382, 1416404, 1416446, 1422552, 1422861, 1422909, 1435266]"
"('Description.java', 'org.junit.runner.Description', 'methodAndClassNamePatternGroupOrDefault', '([\\s\\S]*)\\((.*)\\)', 'getDefaultFailurePolicy(com.salesforce.hbase.index.write.TestIndexWriter)')","[40170, 77244]"
"('Description.java', 'org.junit.runner.Description', 'methodAndClassNamePatternGroupOrDefault', '([\\s\\S]*)\\((.*)\\)', 'testGroupByPlusOne[CREATE INDEX ATABLE_IDX ON aTable (a_integer) INCLUDE (    A_STRING,     B_STRING,     A_DATE)](com.salesforce.phoenix.end2end.QueryTest)')","[9509, 47919]"
"('Description.java', 'org.junit.runner.Description', 'methodAndClassNamePatternGroupOrDefault', '([\\s\\S]*)\\((.*)\\)', 'testPointInTimeUngroupedAggregation[CREATE INDEX ATABLE_IDX ON aTable (a_integer) INCLUDE (    A_STRING,     B_STRING,     A_DATE)](com.salesforce.phoenix.end2end.QueryTest)')","[9279, 47689]"
"('Description.java', 'org.junit.runner.Description', 'methodAndClassNamePatternGroupOrDefault', '([\\s\\S]*)\\((.*)\\)', 'com.salesforce.phoenix.filter.SkipScanFilterIntersectTest')",[1526]
"('HFileLink.java', 'org.apache.hadoop.hbase.io.HFileLink', 'isHFileLink', '^((?:[a-zA-Z_0-9][a-zA-Z_0-9.-]*))=((?:[a-f0-9]+))-([0-9a-f]+(?:_SeqId_[0-9]+_)?)$', 'dd52835cba9f4113971346343961d737')","[1179390, 1179443]"
"('Description.java', 'org.junit.runner.Description', 'methodAndClassNamePatternGroupOrDefault', '([\\s\\S]*)\\((.*)\\)', 'testForDecimalArray(com.salesforce.phoenix.schema.PDataTypeForArraysTest)')","[37322, 74758]"
"('Description.java', 'org.junit.runner.Description', 'methodAndClassNamePatternGroupOrDefault', '([\\s\\S]*)\\((.*)\\)', 'testPointInTimeSequence[CREATE INDEX ATABLE_IDX ON aTable (a_integer DESC) INCLUDE (    A_STRING,     B_STRING,     A_DATE)](com.salesforce.phoenix.end2end.QueryTest)')","[4982, 43434]"
"('Description.java', 'org.junit.runner.Description', 'methodAndClassNamePatternGroupOrDefault', '([\\s\\S]*)\\((.*)\\)', 'testVarFixedndex(com.salesforce.phoenix.index.IndexMaintainerTest)')","[15740, 53880]"
"('Description.java', 'org.junit.runner.Description', 'methodAndClassNamePatternGroupOrDefault', '([\\s\\S]*)\\((.*)\\)', 'com.salesforce.phoenix.end2end.QueryTest')",[4179]
"('StoreFile.java', 'org.apache.hadoop.hbase.regionserver.StoreFile', 'isHFile', '^([0-9a-f]+(?:_SeqId_[0-9]+_)?)', '799c74fb144c47c995f39f3aeb40fcac')","[890912, 890965]"
"('Description.java', 'org.junit.runner.Description', 'methodAndClassNamePatternGroupOrDefault', '([\\s\\S]*)\\((.*)\\)', 'com.salesforce.hbase.index.covered.example.TestEndtoEndIndexingWithCompression')",[38751]
"('Description.java', 'org.junit.runner.Description', 'methodAndClassNamePatternGroupOrDefault', '([\\s\\S]*)\\((.*)\\)', 'testUseOfFunctionOnLHSInRVC(com.salesforce.phoenix.compile.WhereClauseOptimizerTest)')","[20107, 58236]"
"('Description.java', 'org.junit.runner.Description', 'methodAndClassNamePatternGroupOrDefault', '([\\s\\S]*)\\((.*)\\)', 'testTimeProjection(com.salesforce.phoenix.end2end.ToCharFunctionTest)')","[35286, 72844]"
"('Description.java', 'org.junit.runner.Description', 'methodAndClassNamePatternGroupOrDefault', '([\\s\\S]*)\\((.*)\\)', 'testScanUri(com.salesforce.phoenix.end2end.SpillableGroupByTest)')","[28595, 66332]"
"('Description.java', 'org.junit.runner.Description', 'methodAndClassNamePatternGroupOrDefault', '([\\s\\S]*)\\((.*)\\)', 'testOrderByAggSelectNonAgg(com.salesforce.phoenix.compile.QueryCompileTest)')","[21842, 59974]"
"('Description.java', 'org.junit.runner.Description', 'methodAndClassNamePatternGroupOrDefault', '([\\s\\S]*)\\((.*)\\)', 'testKeyPrefixParameterMetaData(com.salesforce.phoenix.compile.QueryMetaDataTest)')","[18517, 56630]"
"('Description.java', 'org.junit.runner.Description', 'methodAndClassNamePatternGroupOrDefault', '([\\s\\S]*)\\((.*)\\)', 'testNegateExpression[CREATE INDEX ATABLE_IDX ON aTable (a_integer, a_string) INCLUDE (    B_STRING,     A_DATE)](com.salesforce.phoenix.end2end.QueryTest)')","[7004, 45435]"
"('Description.java', 'org.junit.runner.Description', 'methodAndClassNamePatternGroupOrDefault', '([\\s\\S]*)\\((.*)\\)', 'testDateRangeHavingAggregation(com.salesforce.phoenix.end2end.ProductMetricsTest)')","[33637, 71216]"
"('Description.java', 'org.junit.runner.Description', 'methodAndClassNamePatternGroupOrDefault', '([\\s\\S]*)\\((.*)\\)', 'testExpectedResultsInTableStateForSinglePut(com.salesforce.hbase.index.covered.TestEndToEndCoveredColumnsIndexBuilder)')","[38711, 76034]"
"('Description.java', 'org.junit.runner.Description', 'methodAndClassNamePatternGroupOrDefault', '([\\s\\S]*)\\((.*)\\)', 'testExpectedOrdering(com.salesforce.hbase.index.covered.data.TestIndexMemStore)')","[39947, 77090]"
"('Description.java', 'org.junit.runner.Description', 'methodAndClassNamePatternGroupOrDefault', '([\\s\\S]*)\\((.*)\\)', 'lessThanLeadingDescCompositePK(com.salesforce.phoenix.end2end.DescColumnSortOrderTest)')","[28820, 66508]"
"('Description.java', 'org.junit.runner.Description', 'methodAndClassNamePatternGroupOrDefault', '([\\s\\S]*)\\((.*)\\)', 'testNotInList[CREATE INDEX ATABLE_IDX ON aTable (a_integer DESC) INCLUDE (    A_STRING,     B_STRING,     A_DATE)](com.salesforce.phoenix.end2end.QueryTest)')","[6224, 44676]"
"('Description.java', 'org.junit.runner.Description', 'methodAndClassNamePatternGroupOrDefault', '([\\s\\S]*)\\((.*)\\)', 'testStarJoin[[Ljava.lang.String;@1249ffc3](com.salesforce.phoenix.end2end.HashJoinTest)')","[15134, 53462]"
"('Description.java', 'org.junit.runner.Description', 'methodAndClassNamePatternGroupOrDefault', '([\\s\\S]*)\\((.*)\\)', 'round(com.salesforce.phoenix.expression.DescColumnSortOrderExpressionTest)')","[17519, 55684]"
"('Description.java', 'org.junit.runner.Description', 'methodAndClassNamePatternGroupOrDefault', '([\\s\\S]*)\\((.*)\\)', 'testBaseTableWrongFormatWithTenantTypeId(com.salesforce.phoenix.end2end.TenantSpecificTablesDDLTest)')","[36202, 73724]"
"('Description.java', 'org.junit.runner.Description', 'methodAndClassNamePatternGroupOrDefault', '([\\s\\S]*)\\((.*)\\)', 'testTooLongPKColumn(com.salesforce.phoenix.end2end.VariableLengthPKTest)')","[31904, 69500]"
"('HTableDescriptor.java', 'org.apache.hadoop.hbase.HTableDescriptor', 'hasCoprocessor', '^coprocessor\\$([0-9]+)$', 'coprocessor$5')","[84915, 85544, 95574, 95959, 96274, 96519, 96694, 96799, 97184, 97499, 97744, 97919, 98024, 98409, 98724, 98969, 99144, 99249, 99634, 99949, 100194, 100369, 100474, 100859, 101174, 101419, 101594, 101699, 102084, 102399, 102644, 102819, 102924, 103309, 103624, 103869, 104044, 112043, 112672, 124456, 124852, 125176, 125428, 125608, 126484, 126880, 127204, 127456, 127636, 128512, 128908, 129232, 129484, 129664, 130565, 130961, 131285, 131537, 131717, 132593, 132989, 133313, 133565, 133745, 134621, 135017, 135341, 135593, 135773, 136649, 137045, 137369, 137621, 137801, 138677, 139073, 139397, 139649, 139829, 140705, 141101, 141425, 141677, 141857, 142733, 143129, 143453, 143705, 143885, 144761, 145157, 145481, 145733, 145913, 146789, 147185, 147509, 147761, 147941, 148817, 149213, 149537, 149789, 149969, 150845, 151241, 151565, 151817, 151997, 152873, 153269, 153593, 153845, 154025, 154899, 155284, 155599, 155844, 156019, 156868, 157253, 157568, 157813, 157988, 158837, 159222, 159537, 159782, 159957, 160806, 161191, 161506, 161751, 161926, 162775, 163160, 163475, 163720, 163895, 164744, 165129, 165444, 165689, 165864, 166738, 167123, 167438, 167683, 167858, 168707, 169092, 169407, 169652, 169827, 170676, 171061, 171376, 171621, 171796, 172645, 173030, 173345, 173590, 173765, 174614, 174999, 175314, 175559, 175734, 176583, 176968, 177283, 177528, 177703, 178552, 178937, 179252, 179497, 179672, 180521, 180906, 181221, 181466, 181641, 182490, 182875, 183190, 183435, 183610, 184459, 184844, 185159, 185404, 185579, 186428, 186813, 187128, 187373, 187548, 188397, 188782, 189097, 189342, 189517, 190366, 190751, 191066, 191311, 191486, 192335, 192720, 193035, 193280, 193455, 194320, 194705, 195020, 195265, 195440, 196289, 196674, 196989, 197234, 197409, 198258, 198643, 198958, 199203, 199378, 200227, 200612, 200927, 201172, 201347, 202196, 202581, 202896, 203141, 203316, 204165, 204550, 204865, 205110, 205285, 206134, 206519, 206834, 207079, 207254, 208103, 208488, 208803, 209048, 209223, 210072, 210457, 210772, 211017, 211192, 212041, 212426, 212741, 212986, 213161, 214010, 214395, 214710, 214955, 215130, 215979, 216364, 216679, 216924, 217099, 217948, 218333, 218648, 218893, 219068, 219917, 220302, 220617, 220862, 221037, 221886, 222271, 222586, 222831, 223006, 223855, 224240, 224555, 224800, 224975, 225824, 226209, 226524, 226769, 226944, 227793, 228178, 228493, 228738, 228913, 229762, 230147, 230462, 230707, 230882, 231731, 232116, 232431, 232676, 232851, 233700, 234085, 234400, 234645, 234820, 235669, 236054, 236369, 236614, 236789, 237638, 238023, 238338, 238583, 238758, 239607, 239992, 240307, 240552, 240727, 241576, 241961, 242276, 242521, 242696, 243545, 243930, 244245, 244490, 244665, 245514, 245899, 246214, 246459, 246634, 247483, 247868, 248183, 248428, 248603, 249452, 249837, 250152, 250397, 250572, 251421, 251806, 252121, 252366, 252541, 253390, 253775, 254090, 254335, 254510, 255359, 255744, 256059, 256304, 256479, 257328, 257713, 258028, 258273, 258448, 259297, 259682, 259997, 260242, 260417, 261266, 261651, 261966, 262211, 262386, 263235, 263620, 263935, 264180, 264355, 265204, 265589, 265904, 266149, 266324, 267173, 267558, 267873, 268118, 268293, 269142, 269527, 269842, 270087, 270262, 271111, 271496, 271811, 272056, 272231, 273080, 273465, 273780, 274025, 274200, 275049, 275434, 275749, 275994, 276169, 277018, 277403, 277718, 277963, 278138, 278987, 279372, 279687, 279932, 280107, 280956, 281341, 281656, 281901, 282076, 282925, 283310, 283625, 283870, 284045, 284894, 285279, 285594, 285839, 286014, 287735, 288120, 288435, 288680, 288855, 289704, 290089, 290404, 290649, 290824, 291673, 292058, 292373, 292618, 292793, 293642, 294027, 294342, 294587, 294762, 295611, 295996, 296311, 296556, 296731, 297580, 297965, 298280, 298525, 298700, 299549, 299934, 300249, 300494, 300669, 301518, 301903, 302218, 302463, 302638, 303487, 303872, 304187, 304432, 304607, 305456, 305841, 306156, 306401, 306576, 307425, 307810, 308125, 308370, 308545, 309394, 309779, 310094, 310339, 310514, 311363, 311748, 312063, 312308, 312483, 313332, 313717, 314032, 314277, 314452, 315301, 315686, 316001, 316246, 316421, 317270, 317655, 317970, 318215, 318390, 319239, 319624, 319939, 320184, 320359, 321208, 321593, 321908, 322153, 322328, 323177, 323562, 323877, 324122, 324297, 325146, 325531, 325846, 326091, 326266, 327115, 327500, 327815, 328060, 328235, 329084, 329469, 329784, 330029, 330204, 331053, 331438, 331753, 331998, 332173, 333090, 333475, 333790, 334035, 334210, 335059, 335444, 335759, 336004, 336179, 337391, 337776, 338091, 338336, 338511, 339360, 339745, 340060, 340305, 340480, 341329, 341714, 342029, 342274, 342449, 343298, 343683, 343998, 344243, 344418, 345267, 345652, 345967, 346212, 346387, 347236, 347621, 347936, 348181, 348356, 349205, 349590, 349905, 350150, 350325, 351174, 351559, 351874, 352119, 352294, 353143, 353528, 353843, 354088, 354263, 355112, 355497, 355812, 356057, 356232, 357081, 357466, 357781, 358026, 358201, 359050, 359435, 359750, 359995, 360170, 361019, 361404, 361719, 361964, 362139, 362988, 363373, 363688, 363933, 364108, 364957, 365342, 365657, 365902, 366077, 366926, 367311, 367626, 367871, 368046, 368895, 369280, 369595, 369840, 370015, 370864, 371249, 371564, 371809, 371984, 372833, 373218, 373533, 373778, 373953, 374802, 375187, 375502, 375747, 375922, 376771, 377156, 377471, 377716, 377891, 378765, 379150, 379465, 379710, 379885, 380734, 381119, 381434, 381679, 381854, 382703, 383088, 383403, 383648, 383823, 384672, 385057, 385372, 385617, 385792, 386641, 387026, 387341, 387586, 387761, 388610, 388995, 389310, 389555, 389730, 390579, 390964, 391279, 391524, 391699, 392548, 392933, 393248, 393493, 393668, 394517, 394902, 395217, 395462, 395637, 396486, 396871, 397186, 397431, 397606, 398455, 398840, 399155, 399400, 399575, 400424, 400809, 401124, 401369, 401544, 402393, 402778, 403093, 403338, 403513, 404362, 404747, 405062, 405307, 405482, 406331, 406716, 407031, 407276, 407451, 408300, 408685, 409000, 409245, 409420, 410269, 410654, 410969, 411214, 411389, 412238, 412623, 412938, 413183, 413358, 414207, 414592, 414907, 415152, 415327, 416176, 416561, 416876, 417121, 417296, 418145, 418530, 418845, 419090, 419265, 420114, 420499, 420814, 421059, 421234, 422083, 422468, 422783, 423028, 423203, 424052, 424437, 424752, 424997, 425172, 426021, 426406, 426721, 426966, 427141, 427990, 428375, 428690, 428935, 429110, 429959, 430344, 430659, 430904, 431079, 431928, 432313, 432628, 432873, 433048, 433897, 434282, 434597, 434842, 435017, 435866, 436251, 436566, 436811, 436986, 437835, 438220, 438535, 438780, 438955, 439804, 440189, 440504, 440749, 440924, 441773, 442158, 442473, 442718, 442893, 443742, 444127, 444442, 444687, 444862, 445711, 446096, 446411, 446656, 446831, 447680, 448065, 448380, 448625, 448800, 449649, 450034, 450349, 450594, 450769, 451618, 452003, 452318, 452563, 452738, 453587, 453972, 454287, 454532, 454707, 455556, 455941, 456256, 456501, 456676, 457525, 457910, 458225, 458470, 458645, 459494, 459879, 460194, 460439, 460614, 461463, 461848, 462163, 462408, 462583, 463432, 463817, 464132, 464377, 464552, 465401, 465786, 466101, 466346, 466521, 467370, 467755, 468070, 468315, 468490, 469339, 469724, 470039, 470284, 470459, 471308, 471693, 472008, 472253, 472428, 473277, 473662, 473977, 474222, 474397, 475262, 475647, 475962, 476207, 476382, 477256, 477641, 477956, 478201, 478376, 479225, 479610, 479925, 480170, 480345, 481194, 481579, 481894, 482139, 482314, 483163, 483548, 483863, 484108, 484283, 485132, 485517, 485832, 486077, 486252, 487101, 487486, 487801, 488046, 488221, 489070, 489455, 489770, 490015, 490190, 491039, 491424, 491739, 491984, 492159, 493008, 493393, 493708, 493953, 494128, 494977, 495362, 495677, 495922, 496097, 496946, 497331, 497646, 497891, 498066, 499692, 500077, 500392, 500637, 500812, 501661, 502046, 502361, 502606, 502781, 503630, 504015, 504330, 504575, 504750, 505599, 505984, 506299, 506544, 506719, 507568, 507953, 508268, 508513, 508688, 509537, 509922, 510237, 510482, 510657, 511506, 511891, 512206, 512451, 512626, 513475, 513860, 514175, 514420, 514595, 515444, 515829, 516144, 516389, 516564, 517413, 517798, 518113, 518358, 518533, 519382, 519767, 520082, 520327, 520502, 521351, 521736, 522051, 522296, 522471, 523320, 523705, 524020, 524265, 524440, 525289, 525674, 525989, 526234, 526409, 527258, 527643, 527958, 528203, 528378, 529227, 529612, 529927, 530172, 530347, 531196, 531581, 531896, 532141, 532316, 533165, 533550, 533865, 534110, 534285, 535134, 535519, 535834, 536079, 536254, 537103, 537488, 537803, 538048, 538223, 539072, 539457, 539772, 540017, 540192, 541041, 541426, 541741, 541986, 542161, 543010, 543395, 543710, 543955, 544130, 544979, 545364, 545679, 545924, 546099, 546948, 547333, 547648, 547893, 548068, 549353, 549738, 550053, 550298, 550473, 551322, 551707, 552022, 552267, 552442, 553291, 553676, 553991, 554236, 554411, 555260, 555645, 555960, 556205, 556380, 557229, 557614, 557929, 558174, 558349, 559198, 559583, 559898, 560143, 560318, 561167, 561552, 561867, 562112, 562287, 563136, 563521, 563836, 564081, 564256, 565105, 565490, 565805, 566050, 566225, 567074, 567459, 567774, 568019, 568194, 569043, 569428, 569743, 569988, 570163, 571012, 571397, 571712, 571957, 572132, 572981, 573366, 573681, 573926, 574101, 574950, 575335, 575650, 575895, 576070, 576919, 577304, 577619, 577864, 578039, 578888, 579273, 579588, 579833, 580008, 580925, 581310, 581625, 581870, 582045, 582894, 583279, 583594, 583839, 584014, 584863, 585248, 585563, 585808, 585983, 586848, 587233, 587548, 587793, 587968, 588817, 589202, 589517, 589762, 589937, 590811, 591196, 591511, 591756, 591931, 592780, 593165, 593480, 593725, 593900, 594749, 595134, 595449, 595694, 595869, 596718, 597103, 597418, 597663, 597838, 598687, 599072, 599387, 599632, 599807, 600656, 601041, 601356, 601601, 601776, 602625, 603010, 603325, 603570, 603745, 604594, 604979, 605294, 605539, 605714, 606563, 606948, 607263, 607508, 607683, 608532, 608917, 609232, 609477, 609652, 610501, 610886, 611201, 611446, 611621, 612470, 612855, 613170, 613415, 613590, 614439, 614824, 615139, 615384, 615559, 616408, 616793, 617108, 617353, 617528, 618377, 618762, 619077, 619322, 619497, 620346, 620731, 621046, 621291, 621466, 622315, 622700, 623015, 623260, 623435, 624284, 624669, 624984, 625229, 625404, 626253, 626638, 626953, 627198, 627373, 628222, 628607, 628922, 629167, 629342, 630191, 630576, 630891, 631136, 631311, 632160, 632545, 632860, 633105, 633280, 634129, 634514, 634829, 635074, 635249, 636098, 636483, 636798, 637043, 637218, 638067, 638452, 638767, 639012, 639187, 640036, 640421, 640736, 640981, 641156, 642005, 642390, 642705, 642950, 643125, 643974, 644359, 644674, 644919, 645094, 645943, 646328, 646643, 646888, 647063, 647912, 648297, 648612, 648857, 649032, 649881, 650266, 650581, 650826, 651001, 651850, 652235, 652550, 652795, 652970, 653819, 654204, 654519, 654764, 654939, 655788, 656173, 656488, 656733, 656908, 657757, 658142, 658457, 658702, 658877, 659726, 660111, 660426, 660671, 660846, 661695, 662080, 662395, 662640, 662815, 663664, 664049, 664364, 664609, 664784, 665633, 666018, 666333, 666578, 666753, 667602, 667987, 668302, 668547, 668722, 669571, 669956, 670271, 670516, 670691, 671540, 671925, 672240, 672485, 672660, 673509, 673894, 674209, 674454, 674629, 675478, 675863, 676178, 676423, 676598, 677447, 677832, 678147, 678392, 678567, 679416, 679801, 680116, 680361, 680536, 681385, 681770, 682085, 682330, 682505, 683354, 683739, 684054, 684299, 684474, 685323, 685708, 686023, 686268, 686443, 687292, 687677, 687992, 688237, 688412, 689261, 689646, 689961, 690206, 690381, 691230, 691615, 691930, 692175, 692350, 693199, 693584, 693899, 694144, 694319, 695168, 695553, 695868, 696113, 696288, 697137, 697522, 697837, 698082, 698257, 699122, 699507, 699822, 700067, 700242, 701091, 701476, 701791, 702036, 702211, 703060, 703445, 703760, 704005, 704180, 705029, 705414, 705729, 705974, 706149, 706998, 707383, 707698, 707943, 708118, 708967, 709352, 709667, 709912, 710087, 711380, 711765, 712080, 712325, 712500, 713349, 713734, 714049, 714294, 714469, 715318, 715703, 716018, 716263, 716438, 717287, 717672, 717987, 718232, 718407, 719256, 719641, 719956, 720201, 720376, 721225, 721610, 721925, 722170, 722345, 723194, 723579, 723894, 724139, 724314, 725163, 725548, 725863, 726108, 726283, 727132, 727517, 727832, 728077, 728252, 729101, 729486, 729801, 730046, 730221, 731070, 731455, 731770, 732015, 732190, 733039, 733424, 733739, 733984, 734159, 735008, 735393, 735708, 735953, 736128, 736977, 737362, 737677, 737922, 738097, 738946, 739331, 739646, 739891, 740066, 740915, 741300, 741615, 741860, 742035, 742884, 743269, 743584, 743829, 744004, 744853, 745238, 745553, 745798, 745973, 746822, 747207, 747522, 747767, 747942, 748791, 749176, 749491, 749736, 749911, 750760, 751145, 751460, 751705, 751880, 752729, 753114, 753429, 753674, 753849, 754698, 755083, 755398, 755643, 755818, 756667, 757052, 757367, 757612, 757787, 758636, 759021, 759336, 759581, 759756, 759861, 760246, 760561, 760806, 760981, 761086, 761471, 761786, 762031, 762206, 762311, 762696, 763011, 763256, 763431, 763536, 763921, 764236, 764481, 764656, 764761, 765146, 765461, 765706, 765881, 765986, 766371, 766686, 766931, 767106, 767211, 767596, 767911, 768156, 768331, 768436, 768821, 769136, 769381, 769556, 769661, 770046, 770361, 770606, 770781, 770886, 771271, 771586, 771831, 772006, 772111, 772496, 772811, 773056, 773231, 773336, 773721, 774036, 774281, 774456, 774561, 774946, 775261, 775506, 775681, 775786, 776171, 776486, 776731, 776906, 777011, 777396, 777711, 777956, 778131, 778236, 778621, 778936, 779181, 779356, 779461, 779846, 780161, 780406, 780581, 780686, 781071, 781386, 781631, 781806, 781911, 782296, 782611, 782856, 783031, 783136, 783521, 783836, 784081, 784256, 784361, 784746, 785061, 785306, 785481, 785586, 785971, 786286, 786531, 786706, 786811, 787196, 787511, 787756, 787931, 788036, 788421, 788736, 788981, 789156, 789261, 789646, 789961, 790206, 790381, 790486, 790871, 791186, 791431, 791606, 791711, 792096, 792411, 792656, 792831, 792936, 793321, 793636, 793881, 794056, 794161, 794546, 794861, 795106, 795281, 795386, 795771, 796086, 796331, 796506, 796611, 796996, 797311, 797556, 797731, 797836, 798221, 798536, 798781, 798956, 799061, 799446, 799761, 800006, 800181, 800286, 800671, 800986, 801231, 801406, 801511, 801896, 802211, 802456, 802631, 802736, 803121, 803436, 803681, 803856, 803961, 804346, 804661, 804906, 805081, 805186, 805571, 805886, 806131, 806306, 806411, 806796, 807111, 807356, 807531, 807636, 808021, 808336, 808581, 808756, 808877, 809262, 809577, 809822, 809997, 810102, 810487, 810802, 811047, 811222, 811327, 811712, 812027, 812272, 812447, 812552, 812937, 813252, 813497, 813672, 813777, 814162, 814477, 814722, 814897, 815002, 815387, 815702, 815947, 816122, 816227, 816612, 816927, 817172, 817347, 817452, 817837, 818152, 818397, 818572, 818677, 819062, 819377, 819622, 819797, 819902, 820287, 820602, 820847, 821022, 821127, 821512, 821827, 822072, 822247, 822352, 822737, 823052, 823297, 823472, 823577, 823962, 824277, 824522, 824697, 824802, 825187, 825502, 825747, 825922, 826027, 826412, 826727, 826972, 827147, 827252, 827637, 827952, 828197, 828372, 828477, 828862, 829177, 829422, 829597, 829702, 830087, 830402, 830647, 830822, 830927, 831312, 831627, 831872, 832047, 832152, 832537, 832852, 833097, 833272, 833377, 833762, 834077, 834322, 834497, 834602, 834987, 835302, 835547, 835722, 835827, 836212, 836527, 836772, 836947, 837052, 837437, 837752, 837997, 838172, 838277, 838662, 838977, 839222, 839397, 839502, 839887, 840202, 840447, 840622, 840727, 841112, 841427, 841672, 841847, 841952, 842337, 842652, 842897, 843072, 843177, 843562, 843877, 844122, 844297, 844402, 844787, 845102, 845347, 845522, 845627, 846012, 846327, 846572, 846747, 846852, 847237, 847552, 847797, 847972, 848077, 848462, 848777, 849022, 849197, 849302, 849687, 850002, 850247, 850422, 850527, 850912, 851227, 851472, 851647, 851752, 852137, 852452, 852697, 852872, 852977, 853362, 853677, 853922, 854097, 854202, 854587, 854902, 855147, 855322, 855427, 855812, 856127, 856372, 856547, 856652, 857037, 857352, 857597, 857772, 857877, 858262, 858577, 858822, 858997, 859102, 859487, 859802, 860047, 860222, 860787, 861172, 861487, 861732, 861907, 862012, 862397, 862712, 862957, 863132, 863237, 863622, 863937, 864182, 864357, 864462, 864847, 865162, 865407, 865582, 865687, 866072, 866387, 866632, 866807, 866912, 867297, 867612, 867857, 868032, 868137, 868522, 868837, 869082, 869257, 869362, 869747, 870062, 870307, 870482, 870587, 870972, 871287, 871532, 871707, 871812, 872197, 872512, 872757, 872932, 873037, 873422, 873737, 873982, 874157, 874262, 874647, 874962, 875207, 875382, 875487, 875872, 876187, 876432, 876607, 876712, 877097, 877412, 877657, 877832, 877937, 878322, 878637, 878882, 879057, 879162, 879547, 879862, 880107, 880282, 880387, 880772, 881087, 881332, 881507, 881612, 881997, 882312, 882557, 882732, 882837, 883222, 883537, 883782, 883957, 884062, 884447, 884762, 885007, 885182, 885287, 885672, 885987, 886232, 886407, 886512, 886897, 887212, 887457, 887632, 887737, 888122, 888437, 888682, 888857, 888962, 889347, 889662, 889907, 890082, 898513, 899142, 918659, 919066, 919399, 919658, 919843, 919954, 920361, 920694, 920953, 921138, 921249, 921656, 921989, 922248, 922433, 922544, 922951, 923284, 923543, 923728, 923839, 924246, 924579, 924838, 925023, 925134, 925541, 925874, 926133, 926318, 926429, 926836, 927169, 927428, 927613, 927724, 928131, 928464, 928723, 928908, 929019, 929426, 929759, 930018, 930203, 930314, 930721, 931054, 931313, 931498, 931609, 932016, 932349, 932608, 932793, 932904, 933311, 933644, 933903, 934088, 934199, 934606, 934939, 935198, 935383, 935494, 935901, 936234, 936493, 936678, 936789, 937196, 937529, 937788, 937973, 938084, 938491, 938824, 939083, 939268, 939379, 939786, 940119, 940378, 940563, 940674, 941081, 941414, 941673, 941858, 941969, 942376, 942709, 942968, 943153, 943264, 943671, 944004, 944263, 944448, 944559, 944966, 945299, 945558, 945743, 945854, 946261, 946594, 946853, 947038, 947149, 947556, 947889, 948148, 948333, 948444, 948851, 949184, 949443, 949628, 949739, 950146, 950479, 950738, 950923, 951034, 951441, 951774, 952033, 952218, 952329, 952736, 953069, 953328, 953513, 953624, 954031, 954364, 954623, 954808, 954919, 955326, 955659, 955918, 956103, 956214, 956621, 956954, 957213, 957398, 957509, 957916, 958249, 958508, 958693, 958804, 959211, 959544, 959803, 959988, 960099, 960506, 960839, 961098, 961283, 961394, 961801, 962134, 962393, 962578, 962689, 963096, 963429, 963688, 963873, 963984, 964391, 964724, 964983, 965168, 965279, 965686, 966019, 966278, 966463, 966574, 966981, 967314, 967573, 967758, 967869, 968276, 968609, 968868, 969053, 969164, 969571, 969904, 970163, 970348, 970459, 970866, 971199, 971458, 971643, 971754, 972161, 972494, 972753, 972938, 973049, 973456, 973789, 974048, 974233, 974344, 974751, 975084, 975343, 975528, 975639, 976046, 976379, 976638, 976823, 976934, 977341, 977674, 977933, 978118, 978229, 978636, 978969, 979228, 979413, 979524, 979931, 980264, 980523, 980708, 980819, 981226, 981559, 981818, 982003, 982114, 982521, 982854, 983113, 983298, 983409, 983816, 984149, 984408, 984593, 984704, 985111, 985444, 985703, 985888, 985999, 986406, 986739, 986998, 987183, 987294, 987701, 988034, 988293, 988478, 988589, 988996, 989329, 989588, 989773, 989884, 990291, 990624, 990883, 991068, 991179, 991586, 991919, 992178, 992363, 992474, 992881, 993214, 993473, 993658, 993769, 994176, 994509, 994768, 994953, 995064, 995471, 995804, 996063, 996248, 996357, 996753, 997077, 997329, 997509, 997617, 998013, 998337, 998589, 998769, 998877, 999273, 999597, 999849, 1000029, 1000137, 1000533, 1000857, 1001109, 1001289, 1001397, 1001793, 1002117, 1002369, 1002549, 1002657, 1003053, 1003377, 1003629, 1003809, 1003917, 1004313, 1004637, 1004889, 1005069, 1005177, 1005573, 1005897, 1006149, 1006329, 1006437, 1006833, 1007157, 1007409, 1007589, 1007697, 1008093, 1008417, 1008669, 1008849, 1008957, 1009353, 1009677, 1009929, 1010109, 1010217, 1010613, 1010937, 1011189, 1011369, 1011477, 1011873, 1012197, 1012449, 1012629, 1012737, 1013133, 1013457, 1013709, 1013889, 1013997, 1014393, 1014717, 1014969, 1015149, 1015257, 1015653, 1015977, 1016229, 1016409, 1016517, 1016913, 1017237, 1017489, 1017669, 1017777, 1018173, 1018497, 1018749, 1018929, 1019037, 1019433, 1019757, 1020009, 1020189, 1020297, 1020693, 1021017, 1021269, 1021449, 1021557, 1021953, 1022277, 1022529, 1022709, 1022817, 1023213, 1023537, 1023789, 1023969, 1024077, 1024473, 1024797, 1025049, 1025229, 1025337, 1025733, 1026057, 1026309, 1026489, 1033368, 1033764, 1034088, 1034340, 1034520, 1034628, 1035024, 1035348, 1035600, 1035780, 1035888, 1036284, 1036608, 1036860, 1037040, 1037148, 1037544, 1037868, 1038120, 1038300, 1040640, 1041036, 1041360, 1041612, 1041792, 1041900, 1042296, 1042620, 1042872, 1043052, 1043160, 1043556, 1043880, 1044132, 1044312, 1044420, 1044816, 1045140, 1045392, 1045572, 1047912, 1048308, 1048632, 1048884, 1049064, 1049172, 1049568, 1049892, 1050144, 1050324, 1050432, 1050828, 1051152, 1051404, 1051584, 1051692, 1052088, 1052412, 1052664, 1052844, 1055184, 1055580, 1055904, 1056156, 1056336, 1056444, 1056840, 1057164, 1057416, 1057596, 1057704, 1058100, 1058424, 1058676, 1058856, 1058964, 1059360, 1059684, 1059936, 1060116, 1062456, 1062852, 1063176, 1063428, 1063608, 1063716, 1064112, 1064436, 1064688, 1064868, 1064976, 1065372, 1065696, 1065948, 1066128, 1066236, 1066632, 1066956, 1067208, 1067388, 1069728, 1070124, 1070448, 1070700, 1070880, 1070988, 1071384, 1071708, 1071960, 1072140, 1072248, 1072644, 1072968, 1073220, 1073400, 1073508, 1073904, 1074228, 1074480, 1074660, 1077000, 1077396, 1077720, 1077972, 1078152, 1078260, 1078656, 1078980, 1079232, 1079412, 1079520, 1079916, 1080240, 1080492, 1080672, 1080780, 1081176, 1081500, 1081752, 1081932, 1084272, 1084668, 1084992, 1085244, 1085424, 1085532, 1085928, 1086252, 1086504, 1086684, 1086792, 1087188, 1087512, 1087764, 1087944, 1088052, 1088448, 1088772, 1089024, 1089204, 1091544, 1091940, 1092264, 1092516, 1092696, 1092804, 1093200, 1093524, 1093776, 1093956, 1094064, 1094460, 1094784, 1095036, 1095216, 1095324, 1095720, 1096044, 1096296, 1096476, 1098816, 1099212, 1099536, 1099788, 1099968, 1100076, 1100472, 1100796, 1101048, 1101228, 1101336, 1101732, 1102056, 1102308, 1102488, 1102596, 1102992, 1103316, 1103568, 1103748, 1106088, 1106484, 1106808, 1107060, 1107240, 1107348, 1107744, 1108068, 1108320, 1108500, 1108608, 1109004, 1109328, 1109580, 1109760, 1109868, 1110264, 1110588, 1110840, 1111020, 1113360, 1113756, 1114080, 1114332, 1114512, 1114620, 1115016, 1115340, 1115592, 1115772, 1115880, 1116276, 1116600, 1116852, 1117032, 1117140, 1117536, 1117860, 1118112, 1118292, 1120632, 1121028, 1121352, 1121604, 1121784, 1121892, 1122288, 1122612, 1122864, 1123044, 1123152, 1123548, 1123872, 1124124, 1124304, 1124412, 1124808, 1125132, 1125384, 1125564, 1127904, 1128300, 1128624, 1128876, 1129056, 1129164, 1129560, 1129884, 1130136, 1130316, 1130424, 1130820, 1131144, 1131396, 1131576, 1131684, 1132080, 1132404, 1132656, 1132836, 1135176, 1135572, 1135896, 1136148, 1136328, 1136436, 1136832, 1137156, 1137408, 1137588, 1137696, 1138092, 1138416, 1138668, 1138848, 1138956, 1139352, 1139676, 1139928, 1140108, 1142448, 1142844, 1143168, 1143420, 1143600, 1143708, 1144104, 1144428, 1144680, 1144860, 1144968, 1145364, 1145688, 1145940, 1146120, 1146228, 1146624, 1146948, 1147200, 1147380, 1149720, 1150116, 1150440, 1150692, 1150872, 1150980, 1151376, 1151700, 1151952, 1152132, 1152240, 1152636, 1152960, 1153212, 1153392, 1153500, 1153896, 1154220, 1154472, 1154652, 1156992, 1157388, 1157712, 1157964, 1158144, 1158252, 1158648, 1158972, 1159224, 1159404, 1159512, 1159908, 1160232, 1160484, 1160664, 1160772, 1161168, 1161492, 1161744, 1161924, 1164264, 1164660, 1164984, 1165236, 1165416, 1165524, 1165920, 1166244, 1166496, 1166676, 1166784, 1167180, 1167504, 1167756, 1167936, 1168044, 1168440, 1168764, 1169016, 1169196, 1171536, 1171932, 1172256, 1172508, 1172688, 1172796, 1173192, 1173516, 1173768, 1173948, 1174056, 1174452, 1174776, 1175028, 1175208, 1175316, 1175712, 1176036, 1176288, 1176468, 1187942, 1188555, 1198042, 1198449, 1198782, 1199041, 1199226, 1207789, 1208196, 1208529, 1208788, 1208973, 1209084, 1209491, 1209824, 1210083, 1210268, 1210379, 1210786, 1211119, 1211378, 1211563, 1211676, 1212094, 1212436, 1212702, 1212892, 1213004, 1213411, 1213744, 1214003, 1214188, 1214299, 1214706, 1215039, 1215298, 1215483, 1215594, 1216001, 1216334, 1216593, 1216778, 1216889, 1217296, 1217629, 1217888, 1218073, 1218184, 1218591, 1218924, 1219183, 1219368, 1219479, 1219886, 1220219, 1220478, 1220663, 1220774, 1221181, 1221514, 1221773, 1221958, 1222069, 1222476, 1222809, 1223068, 1223253, 1223364, 1223771, 1224104, 1224363, 1224548, 1224661, 1225079, 1225421, 1225687, 1225877, 1225989, 1226396, 1226729, 1226988, 1227173, 1227284, 1227691, 1228024, 1228283, 1228468, 1228579, 1228986, 1229319, 1229578, 1229763, 1229876, 1230294, 1230636, 1230902, 1231092, 1231206, 1231624, 1231966, 1232232, 1232422, 1232534, 1232941, 1233274, 1233533, 1233718, 1241943, 1242556, 1252043, 1252450, 1252783, 1253042, 1253227, 1253338, 1253745, 1254078, 1254337, 1254522, 1254633, 1255040, 1255373, 1255632, 1255817, 1255928, 1256335, 1256668, 1256927, 1257112, 1257223, 1257630, 1257963, 1258222, 1258407, 1266362, 1266975, 1276322, 1276718, 1277042, 1277294, 1277474, 1281632, 1282028, 1282352, 1282604, 1282784, 1282892, 1283288, 1283612, 1283864, 1284044, 1284152, 1284548, 1284872, 1285124, 1285304, 1285412, 1285808, 1286132, 1286384, 1286564, 1286672, 1287068, 1287392, 1287644, 1287824, 1295942, 1296555, 1313934, 1314547, 1324072, 1324479, 1324812, 1325071, 1325256, 1325367, 1325774, 1326107, 1326366, 1326551, 1326664, 1327082, 1327424, 1327690, 1327880, 1335932, 1336545, 1345370, 1345777, 1346110, 1346369, 1346554, 1346665, 1347072, 1347405, 1347664, 1347849, 1355536, 1356149, 1365496, 1365892, 1366216, 1366468, 1366648, 1366756, 1367152, 1367476, 1367728, 1367908, 1368016, 1368412, 1368736, 1368988, 1369168, 1373326, 1373722, 1374046, 1374298, 1374478, 1374586, 1374982, 1375306, 1375558, 1375738, 1375846, 1376242, 1376566, 1376818, 1376998, 1377106, 1377502, 1377826, 1378078, 1378258, 1378366, 1378762, 1379086, 1379338, 1379518, 1379626, 1380022, 1380346, 1380598, 1380778, 1380886, 1381282, 1381606, 1381858, 1382038, 1382146, 1382542, 1382866, 1383118, 1383298, 1383406, 1383802, 1384126, 1384378, 1384558, 1384666, 1385062, 1385386, 1385638, 1385818, 1385926, 1386322, 1386646, 1386898, 1387078, 1387186, 1387582, 1387906, 1388158, 1388338, 1388446, 1388842, 1389166, 1389418, 1389598, 1389706, 1390102, 1390426, 1390678, 1390858, 1390966, 1391362, 1391686, 1391938, 1392118, 1392226, 1392622, 1392946, 1393198, 1393378, 1401226, 1401839, 1410664, 1411071, 1411404, 1411663, 1411848, 1412019, 1412426, 1412759, 1413018, 1413203, 1421044, 1421657, 1430212, 1430586, 1430892, 1431130, 1431300, 1431400, 1431763, 1432060, 1432291, 1432456, 1432557, 1432931, 1433237, 1433475, 1433645, 1433745, 1434108, 1434405, 1434636, 1434801]"
"('Description.java', 'org.junit.runner.Description', 'methodAndClassNamePatternGroupOrDefault', '([\\s\\S]*)\\((.*)\\)', 'testNullabilityMultiCondCaseStatement[CREATE INDEX ATABLE_IDX ON aTable (a_integer DESC) INCLUDE (    A_STRING,     B_STRING,     A_DATE)](com.salesforce.phoenix.end2end.QueryTest)')","[5419, 43871]"
"('Description.java', 'org.junit.runner.Description', 'methodAndClassNamePatternGroupOrDefault', '([\\s\\S]*)\\((.*)\\)', 'testDropIndexedColumn(com.salesforce.phoenix.end2end.AlterTableTest)')","[26424, 64396]"
"('Description.java', 'org.junit.runner.Description', 'methodAndClassNamePatternGroupOrDefault', '([\\s\\S]*)\\((.*)\\)', 'testDateInList[CREATE INDEX ATABLE_IDX ON aTable (a_integer, a_string) INCLUDE (    B_STRING,     A_DATE)](com.salesforce.phoenix.end2end.QueryTest)')","[7533, 45964]"
"('Description.java', 'org.junit.runner.Description', 'methodAndClassNamePatternGroupOrDefault', '([\\s\\S]*)\\((.*)\\)', 'testRowKeySingleIn[CREATE INDEX ATABLE_IDX ON aTable (a_integer, a_string) INCLUDE (    B_STRING,     A_DATE)](com.salesforce.phoenix.end2end.QueryTest)')","[9120, 47551]"
"('Description.java', 'org.junit.runner.Description', 'methodAndClassNamePatternGroupOrDefault', '([\\s\\S]*)\\((.*)\\)', 'testDisallowAddingNotNullableColumnNotPartOfPkForExistingTable(com.salesforce.phoenix.end2end.AlterTableTest)')","[26634, 64616]"
"('Description.java', 'org.junit.runner.Description', 'methodAndClassNamePatternGroupOrDefault', '([\\s\\S]*)\\((.*)\\)', 'testCeilDateInWhere(com.salesforce.phoenix.end2end.RoundFloorCeilFunctionsEnd2EndTest)')","[35597, 73130]"
"('Description.java', 'org.junit.runner.Description', 'methodAndClassNamePatternGroupOrDefault', '([\\s\\S]*)\\((.*)\\)', 'testDegenerateMult2(com.salesforce.phoenix.compile.WhereClauseOptimizerTest)')","[19477, 57576]"
"('Description.java', 'org.junit.runner.Description', 'methodAndClassNamePatternGroupOrDefault', '([\\s\\S]*)\\((.*)\\)', 'testBatchUpsert(com.salesforce.phoenix.end2end.VariableLengthPKTest)')","[31757, 69346]"
"('Description.java', 'org.junit.runner.Description', 'methodAndClassNamePatternGroupOrDefault', '([\\s\\S]*)\\((.*)\\)', 'com.salesforce.phoenix.end2end.salted.SaltedTableTest')","[24873, 1259115]"
"('StoreFile.java', 'org.apache.hadoop.hbase.regionserver.StoreFile', 'isHFile', '^([0-9a-f]+(?:_SeqId_[0-9]+_)?)', '4e94dc3c7468464cb1c4b1af5fb37199')","[104344, 104397]"
"('Description.java', 'org.junit.runner.Description', 'methodAndClassNamePatternGroupOrDefault', '([\\s\\S]*)\\((.*)\\)', 'testDeleteFromImmutableWithKV(com.salesforce.phoenix.compile.QueryCompileTest)')","[22304, 60458]"
"('HTableDescriptor.java', 'org.apache.hadoop.hbase.HTableDescriptor', 'addCoprocessor', '^coprocessor\\$([0-9]+)$', 'UpgradeTo21')","[84408, 86062, 111536, 113190, 898006, 899660, 1187448, 1189060, 1241449, 1243061, 1265868, 1267480, 1295448, 1297060, 1313440, 1315052, 1335438, 1337050, 1355042, 1356654, 1400732, 1402344, 1420550, 1422162]"
"('Description.java', 'org.junit.runner.Description', 'methodAndClassNamePatternGroupOrDefault', '([\\s\\S]*)\\((.*)\\)', 'testWithOutOfRangeIndex(com.salesforce.phoenix.end2end.ArrayTest)')","[25514, 63582]"
"('Description.java', 'org.junit.runner.Description', 'methodAndClassNamePatternGroupOrDefault', '([\\s\\S]*)\\((.*)\\)', 'testRegexpSubstrFunction(com.salesforce.phoenix.end2end.VariableLengthPKTest)')","[31988, 69588]"
"('Description.java', 'org.junit.runner.Description', 'methodAndClassNamePatternGroupOrDefault', '([\\s\\S]*)\\((.*)\\)', 'testInFilterOnKey[CREATE INDEX ATABLE_IDX ON aTable (a_integer DESC) INCLUDE (    A_STRING,     B_STRING,     A_DATE)](com.salesforce.phoenix.end2end.QueryTest)')","[4752, 43204]"
"('Description.java', 'org.junit.runner.Description', 'methodAndClassNamePatternGroupOrDefault', '([\\s\\S]*)\\((.*)\\)', 'testUnsignedSmallInt(com.salesforce.phoenix.schema.PDataTypeTest)')","[37929, 75374]"
"('Description.java', 'org.junit.runner.Description', 'methodAndClassNamePatternGroupOrDefault', '([\\s\\S]*)\\((.*)\\)', 'testVarCharXInQuery(com.salesforce.phoenix.end2end.SkipScanQueryTest)')","[29448, 67146]"
"('HTableDescriptor.java', 'org.apache.hadoop.hbase.HTableDescriptor', 'hasCoprocessor', '^coprocessor\\$([0-9]+)$', 'SPLIT_POLICY')","[80236, 80354, 80590, 80786, 81141, 81415, 81889, 82241, 82834, 83263, 83810, 84759, 85384, 107364, 107482, 107718, 107914, 108269, 108543, 109017, 109369, 109962, 110391, 110938, 111887, 112512, 893834, 893952, 894188, 894384, 894739, 895013, 895487, 895839, 896432, 896861, 897408, 898357, 898982, 1183382, 1183497, 1183727, 1183918, 1184264, 1184531, 1184993, 1185336, 1185914, 1186332, 1186865, 1187790, 1188399, 1237383, 1237498, 1237728, 1237919, 1238265, 1238532, 1238994, 1239337, 1239915, 1240333, 1240866, 1241791, 1242400, 1261802, 1261917, 1262147, 1262338, 1262684, 1262951, 1263413, 1263756, 1264334, 1264752, 1265285, 1266210, 1266819, 1291382, 1291497, 1291727, 1291918, 1292264, 1292531, 1292993, 1293336, 1293914, 1294332, 1294865, 1295790, 1296399, 1309374, 1309489, 1309719, 1309910, 1310256, 1310523, 1310985, 1311328, 1311906, 1312324, 1312857, 1313782, 1314391, 1331372, 1331487, 1331717, 1331908, 1332254, 1332521, 1332983, 1333326, 1333904, 1334322, 1334855, 1335780, 1336389, 1350976, 1351091, 1351321, 1351512, 1351858, 1352125, 1352587, 1352930, 1353508, 1353926, 1354459, 1355384, 1355993, 1396666, 1396781, 1397011, 1397202, 1397548, 1397815, 1398277, 1398620, 1399198, 1399616, 1400149, 1401074, 1401683, 1416484, 1416599, 1416829, 1417020, 1417366, 1417633, 1418095, 1418438, 1419016, 1419434, 1419967, 1420892, 1421501]"
"('Description.java', 'org.junit.runner.Description', 'methodAndClassNamePatternGroupOrDefault', '([\\s\\S]*)\\((.*)\\)', 'com.salesforce.phoenix.end2end.index.MutableIndexFailureTest')",[28452]
"('Description.java', 'org.junit.runner.Description', 'methodAndClassNamePatternGroupOrDefault', '([\\s\\S]*)\\((.*)\\)', 'testCSVUpsertWithColumns(com.salesforce.phoenix.end2end.CSVLoaderTest)')","[34933, 72514]"
"('Description.java', 'org.junit.runner.Description', 'methodAndClassNamePatternGroupOrDefault', '([\\s\\S]*)\\((.*)\\)', 'testSimpleInListStatement[CREATE INDEX ATABLE_IDX ON aTable (a_integer, a_string) INCLUDE (    B_STRING,     A_DATE)](com.salesforce.phoenix.end2end.QueryTest)')","[9074, 47505]"
"('Description.java', 'org.junit.runner.Description', 'methodAndClassNamePatternGroupOrDefault', '([\\s\\S]*)\\((.*)\\)', 'testOrderByNotInSelectDistinct(com.salesforce.phoenix.compile.QueryCompileTest)')","[22220, 60370]"
"('Description.java', 'org.junit.runner.Description', 'methodAndClassNamePatternGroupOrDefault', '([\\s\\S]*)\\((.*)\\)', 'testTimestampSerializedAndDeserializedCorrectly(com.salesforce.phoenix.end2end.UpsertValuesTest)')","[26756, 64704]"
"('Description.java', 'org.junit.runner.Description', 'methodAndClassNamePatternGroupOrDefault', '([\\s\\S]*)\\((.*)\\)', 'testDateSubstractExpressionMetaData3(com.salesforce.phoenix.compile.QueryMetaDataTest)')","[18622, 56740]"
"('StoreFile.java', 'org.apache.hadoop.hbase.regionserver.StoreFile', 'isHFile', '^([0-9a-f]+(?:_SeqId_[0-9]+_)?)', 'ec0090a84103444c81cb173af11a1c15')","[499584, 499622]"
"('Description.java', 'org.junit.runner.Description', 'methodAndClassNamePatternGroupOrDefault', '([\\s\\S]*)\\((.*)\\)', 'com.salesforce.phoenix.compile.WhereClauseOptimizerTest')","[19330, 1180500]"
"('HTableDescriptor.java', 'org.apache.hadoop.hbase.HTableDescriptor', 'addCoprocessor', '[^=,]+', 'index.builder')","[93748, 93785, 120908, 120946, 907457, 907496, 910983, 911022, 914509, 914548, 918035, 918074, 1196806, 1196845, 1202318, 1202358, 1206544, 1206584, 1250807, 1250846, 1275097, 1275135, 1280407, 1280445, 1304806, 1304845, 1322827, 1322867, 1344746, 1344785, 1364271, 1364309, 1372101, 1372139, 1410040, 1410079, 1429621, 1429657]"
"('StoreFile.java', 'org.apache.hadoop.hbase.regionserver.StoreFile', 'isHFile', '^([0-9a-f]+(?:_SeqId_[0-9]+_)?)', '3819d3dcf998429197e711323a71b973')","[1306551, 1306604]"
"('Description.java', 'org.junit.runner.Description', 'methodAndClassNamePatternGroupOrDefault', '([\\s\\S]*)\\((.*)\\)', 'testMultipleRegions(com.salesforce.hbase.index.write.recovery.TestPerRegionIndexWriteCache)')","[40313, 77354]"
"('HTableDescriptor.java', 'org.apache.hadoop.hbase.HTableDescriptor', 'addCoprocessor', '^coprocessor\\$([0-9]+)$', 'coprocessor$1')","[81063, 81811, 82756, 84681, 86374, 87804, 88434, 89261, 90675, 91496, 92062, 92805, 94040, 108191, 108939, 109884, 111809, 113502, 114897, 115527, 116354, 117768, 118593, 119175, 119939, 121208, 122741, 123356, 124133, 894661, 895409, 896354, 898279, 899972, 901367, 901997, 902824, 904238, 905079, 905677, 906462, 907765, 908605, 909203, 909988, 911291, 912131, 912729, 913514, 914817, 915657, 916255, 917040, 918343, 1027184, 1027780, 1028533, 1029441, 1030037, 1030790, 1031698, 1032294, 1033047, 1184188, 1184917, 1185838, 1187714, 1189364, 1190790, 1191404, 1192210, 1193588, 1194428, 1195026, 1195811, 1197114, 1199877, 1200491, 1201297, 1202634, 1204103, 1204717, 1205523, 1206860, 1238189, 1238918, 1239839, 1241715, 1243365, 1244791, 1245405, 1246211, 1247589, 1248429, 1249027, 1249812, 1251115, 1262608, 1263337, 1264258, 1266134, 1267784, 1269160, 1269774, 1270580, 1271958, 1272782, 1273364, 1274128, 1275397, 1278092, 1278674, 1279438, 1280707, 1292188, 1292917, 1293838, 1295714, 1297364, 1298790, 1299404, 1300210, 1301588, 1302428, 1303026, 1303811, 1305114, 1310180, 1310909, 1311830, 1313706, 1315356, 1316732, 1317346, 1318152, 1319530, 1320386, 1321000, 1321806, 1323143, 1332178, 1332907, 1333828, 1335704, 1337354, 1338730, 1339344, 1340150, 1341528, 1342368, 1342966, 1343751, 1345054, 1351782, 1352511, 1353432, 1355308, 1356958, 1358334, 1358948, 1359754, 1361132, 1361956, 1362538, 1363302, 1364571, 1369786, 1370368, 1371132, 1372401, 1397472, 1398201, 1399122, 1400998, 1402648, 1404024, 1404638, 1405444, 1406822, 1407662, 1408260, 1409045, 1410348, 1417290, 1418019, 1418940, 1420816, 1422466, 1423842, 1424456, 1425262, 1426640, 1427432, 1427982, 1428704, 1429905]"
"('Description.java', 'org.junit.runner.Description', 'methodAndClassNamePatternGroupOrDefault', '([\\s\\S]*)\\((.*)\\)', 'testInListParameterMetaData3(com.salesforce.phoenix.compile.QueryMetaDataTest)')","[18118, 56212]"
"('HFileLink.java', 'org.apache.hadoop.hbase.io.HFileLink', 'isHFileLink', '^((?:[a-zA-Z_0-9][a-zA-Z_0-9.-]*))=((?:[a-f0-9]+))-([0-9a-f]+(?:_SeqId_[0-9]+_)?)$', 'fad6b449795c4e2cb4c514bf1cc13d39')","[548881, 548934, 549201, 549256]"
"('ClassSize.java', 'org.apache.hadoop.hbase.util.ClassSize', '<clinit>', '\\d\\.\\d\\..*', '1.7.0_80')","[78748, 78812]"
"('Description.java', 'org.junit.runner.Description', 'methodAndClassNamePatternGroupOrDefault', '([\\s\\S]*)\\((.*)\\)', 'testGetSplitsWithSkipScanFilter[ScanRanges[[[a], [1], [[B - E)]]] [[a1B - a1C), [a1C - a1D), [a1D - a1E)]](com.salesforce.phoenix.end2end.SkipRangeParallelIteratorRegionSplitterTest)')","[4028, 4072, 42583, 42606]"
"('Description.java', 'org.junit.runner.Description', 'methodAndClassNamePatternGroupOrDefault', '([\\s\\S]*)\\((.*)\\)', 'testSplitBytes(com.salesforce.phoenix.util.ByteUtilTest)')","[15597, 53770]"
"('Description.java', 'org.junit.runner.Description', 'methodAndClassNamePatternGroupOrDefault', '([\\s\\S]*)\\((.*)\\)', 'testCoveredColumnUpdates(com.salesforce.phoenix.end2end.index.MutableIndexTest)')","[28040, 65870]"
"('Description.java', 'org.junit.runner.Description', 'methodAndClassNamePatternGroupOrDefault', '([\\s\\S]*)\\((.*)\\)', 'com.salesforce.hbase.index.covered.example.TestEndToEndCoveredIndexing')",[39245]
"('Description.java', 'org.junit.runner.Description', 'methodAndClassNamePatternGroupOrDefault', '([\\s\\S]*)\\((.*)\\)', 'testRoundingUpDecimalInWhere(com.salesforce.phoenix.end2end.RoundFloorCeilFunctionsEnd2EndTest)')","[35681, 73218]"
"('Description.java', 'org.junit.runner.Description', 'methodAndClassNamePatternGroupOrDefault', '([\\s\\S]*)\\((.*)\\)', 'testCSVUpsertWithBogusColumnStrict(com.salesforce.phoenix.end2end.CSVLoaderTest)')","[34807, 72382]"
"('Description.java', 'org.junit.runner.Description', 'methodAndClassNamePatternGroupOrDefault', '([\\s\\S]*)\\((.*)\\)', 'testKeyRangeExpression5(com.salesforce.phoenix.compile.WhereClauseOptimizerTest)')","[20401, 58544]"
"('Description.java', 'org.junit.runner.Description', 'methodAndClassNamePatternGroupOrDefault', '([\\s\\S]*)\\((.*)\\)', 'testExpectedResultsInTableStateForBatchPuts(com.salesforce.hbase.index.covered.TestEndToEndCoveredColumnsIndexBuilder)')","[38732, 76056]"
"('Description.java', 'org.junit.runner.Description', 'methodAndClassNamePatternGroupOrDefault', '([\\s\\S]*)\\((.*)\\)', 'testDoubleDivideExpression[CREATE INDEX ATABLE_IDX ON aTable (a_integer, a_string) INCLUDE (    B_STRING,     A_DATE)](com.salesforce.phoenix.end2end.QueryTest)')","[7441, 45872]"
"('Description.java', 'org.junit.runner.Description', 'methodAndClassNamePatternGroupOrDefault', '([\\s\\S]*)\\((.*)\\)', 'com.salesforce.phoenix.end2end.CSVLoaderTest')",[34786]
"('Description.java', 'org.junit.runner.Description', 'methodAndClassNamePatternGroupOrDefault', '([\\s\\S]*)\\((.*)\\)', 'test[ScanRanges[[[b], [1], [[B - D], [G - I]]]] [b1E - b1H]](com.salesforce.phoenix.compile.ScanRangesTest)')","[3085, 42100]"
"('Description.java', 'org.junit.runner.Description', 'methodAndClassNamePatternGroupOrDefault', '([\\s\\S]*)\\((.*)\\)', 'testAndFilter(com.salesforce.phoenix.compile.WhereClauseCompileTest)')","[23646, 61844]"
"('StoreFile.java', 'org.apache.hadoop.hbase.regionserver.StoreFile', 'isReference', '^([0-9a-f]+(?:_SeqId_[0-9]+_)?|(?:[a-zA-Z_0-9][a-zA-Z_0-9.-]*)=(?:[a-f0-9]+)-[0-9a-f]+(?:_SeqId_[0-9]+_)?)\\.(.+)$', 'c8d666ee9127473ea264c1758dbda1f4')","[1234109, 1234162]"
"('Description.java', 'org.junit.runner.Description', 'methodAndClassNamePatternGroupOrDefault', '([\\s\\S]*)\\((.*)\\)', 'test[[[\\xFF], [\\xFF]] [I@287fb716 [B@58cd1a1f UPPER {4}](com.salesforce.phoenix.util.ScanUtilTest)')","[872, 40973]"
"('Description.java', 'org.junit.runner.Description', 'methodAndClassNamePatternGroupOrDefault', '([\\s\\S]*)\\((.*)\\)', 'testUnfoundSingleColumnCaseStatement[CREATE INDEX ATABLE_IDX ON aTable (a_integer, a_string) INCLUDE (    B_STRING,     A_DATE)](com.salesforce.phoenix.end2end.QueryTest)')","[6774, 45205]"
"('Description.java', 'org.junit.runner.Description', 'methodAndClassNamePatternGroupOrDefault', '([\\s\\S]*)\\((.*)\\)', 'testFloat(com.salesforce.phoenix.schema.PDataTypeTest)')","[37782, 75220]"
"('Description.java', 'org.junit.runner.Description', 'methodAndClassNamePatternGroupOrDefault', '([\\s\\S]*)\\((.*)\\)', 'testAmbiguousStaticUpsert(com.salesforce.phoenix.end2end.DynamicUpsertTest)')","[27231, 65122]"
"('Description.java', 'org.junit.runner.Description', 'methodAndClassNamePatternGroupOrDefault', '([\\s\\S]*)\\((.*)\\)', 'testSelectNextValueForMultipleConn(com.salesforce.phoenix.end2end.SequenceTest)')","[29551, 67234]"
"('Description.java', 'org.junit.runner.Description', 'methodAndClassNamePatternGroupOrDefault', '([\\s\\S]*)\\((.*)\\)', 'testFeatureEQAggregation(com.salesforce.phoenix.end2end.ProductMetricsTest)')","[33259, 70820]"
"('Description.java', 'org.junit.runner.Description', 'methodAndClassNamePatternGroupOrDefault', '([\\s\\S]*)\\((.*)\\)', 'testTernarySubtractionExpression[CREATE INDEX ATABLE_IDX ON aTable (a_integer) INCLUDE (    A_STRING,     B_STRING,     A_DATE)](com.salesforce.phoenix.end2end.QueryTest)')","[9785, 48195]"
"('Description.java', 'org.junit.runner.Description', 'methodAndClassNamePatternGroupOrDefault', '([\\s\\S]*)\\((.*)\\)', 'testDeleteRangeAutoCommitNoIndex(com.salesforce.phoenix.end2end.DeleteTest)')","[32696, 70270]"
"('Description.java', 'org.junit.runner.Description', 'methodAndClassNamePatternGroupOrDefault', '([\\s\\S]*)\\((.*)\\)', 'testIntegerProjection(com.salesforce.phoenix.end2end.ToCharFunctionTest)')","[35202, 72756]"
"('Description.java', 'org.junit.runner.Description', 'methodAndClassNamePatternGroupOrDefault', '([\\s\\S]*)\\((.*)\\)', '[[[a, b], [1, 2], [A, [C - D], G]] null]')",[1679]
"('StoreFile.java', 'org.apache.hadoop.hbase.regionserver.StoreFile', 'isReference', '^([0-9a-f]+(?:_SeqId_[0-9]+_)?|(?:[a-zA-Z_0-9][a-zA-Z_0-9.-]*)=(?:[a-f0-9]+)-[0-9a-f]+(?:_SeqId_[0-9]+_)?)\\.(.+)$', '6f3fdf0e747d480d82e7fb3048526d43')","[1288638, 1288691]"
"('Description.java', 'org.junit.runner.Description', 'methodAndClassNamePatternGroupOrDefault', '([\\s\\S]*)\\((.*)\\)', 'testDisableWAL(com.salesforce.phoenix.end2end.AlterTableTest)')","[26655, 64638]"
"('Description.java', 'org.junit.runner.Description', 'methodAndClassNamePatternGroupOrDefault', '([\\s\\S]*)\\((.*)\\)', '[[[aaa, abc, def], [[AB - AX], [EB - EZ), [PO - PP)]] [I@2cd0e678 [rowkey=abcAB, expected include, rowkey=abcAY, expected seek next using hint: abcEB, rowkey=abcEF, expected include, rowkey=abcPP, expected seek next using hint: defAB, rowkey=defEZ, expected seek next using hint: defPO, rowkey=defPO, expected include, rowkey=defPP, expected finished]]')",[1220]
"('Description.java', 'org.junit.runner.Description', 'methodAndClassNamePatternGroupOrDefault', '([\\s\\S]*)\\((.*)\\)', 'testSumUnsignedDouble(com.salesforce.phoenix.end2end.ArithmeticQueryTest)')","[32946, 70512]"
"('Description.java', 'org.junit.runner.Description', 'methodAndClassNamePatternGroupOrDefault', '([\\s\\S]*)\\((.*)\\)', 'testConstantFalseHaving(com.salesforce.phoenix.end2end.ProductMetricsTest)')","[34330, 71942]"
"('Description.java', 'org.junit.runner.Description', 'methodAndClassNamePatternGroupOrDefault', '([\\s\\S]*)\\((.*)\\)', 'testIntToDecimalMultiplyExpression[CREATE INDEX ATABLE_IDX ON aTable (a_integer, a_string) INCLUDE (    B_STRING,     A_DATE)](com.salesforce.phoenix.end2end.QueryTest)')","[9143, 47574]"
"('Description.java', 'org.junit.runner.Description', 'methodAndClassNamePatternGroupOrDefault', '([\\s\\S]*)\\((.*)\\)', 'testDateAdd[](com.salesforce.phoenix.end2end.QueryTest)')","[13394, 51783]"
"('Description.java', 'org.junit.runner.Description', 'methodAndClassNamePatternGroupOrDefault', '([\\s\\S]*)\\((.*)\\)', 'testPercentileQuery1(com.salesforce.phoenix.parse.QueryParserTest)')","[16998, 55178]"
"('StoreFile.java', 'org.apache.hadoop.hbase.regionserver.StoreFile', 'isReference', '^([0-9a-f]+(?:_SeqId_[0-9]+_)?|(?:[a-zA-Z_0-9][a-zA-Z_0-9.-]*)=(?:[a-f0-9]+)-[0-9a-f]+(?:_SeqId_[0-9]+_)?)\\.(.+)$', '9d657908ff874f4fa3ffff3bda618db1')","[1393662, 1393715]"
"('Description.java', 'org.junit.runner.Description', 'methodAndClassNamePatternGroupOrDefault', '([\\s\\S]*)\\((.*)\\)', 'testTypeMismatch2ForArrayElem(com.salesforce.phoenix.compile.QueryCompileTest)')","[21863, 59996]"
"('Description.java', 'org.junit.runner.Description', 'methodAndClassNamePatternGroupOrDefault', '([\\s\\S]*)\\((.*)\\)', 'testDefaultJoin[[Ljava.lang.String;@1249ffc3](com.salesforce.phoenix.end2end.HashJoinTest)')","[14789, 53117]"
"('Description.java', 'org.junit.runner.Description', 'methodAndClassNamePatternGroupOrDefault', '([\\s\\S]*)\\((.*)\\)', 'testCompareLongGTEDecimal2(com.salesforce.phoenix.end2end.CompareDecimalToLongTest)')","[26300, 64286]"
"('Description.java', 'org.junit.runner.Description', 'methodAndClassNamePatternGroupOrDefault', '([\\s\\S]*)\\((.*)\\)', 'testSubstrParameterMetaData(com.salesforce.phoenix.compile.QueryMetaDataTest)')","[18538, 56652]"
"('Description.java', 'org.junit.runner.Description', 'methodAndClassNamePatternGroupOrDefault', '([\\s\\S]*)\\((.*)\\)', 'testCountIsNotNull[CREATE INDEX ATABLE_IDX ON aTable (a_integer) INCLUDE (    A_STRING,     B_STRING,     A_DATE)](com.salesforce.phoenix.end2end.QueryTest)')","[11533, 49943]"
"('Description.java', 'org.junit.runner.Description', 'methodAndClassNamePatternGroupOrDefault', '([\\s\\S]*)\\((.*)\\)', 'testCorrectRollback(com.salesforce.hbase.index.covered.TestLocalTableState)')","[39844, 77002]"
"('Description.java', 'org.junit.runner.Description', 'methodAndClassNamePatternGroupOrDefault', '([\\s\\S]*)\\((.*)\\)', 'testCompilerOptimization(com.salesforce.phoenix.end2end.SequenceTest)')","[29740, 67432]"
"('Description.java', 'org.junit.runner.Description', 'methodAndClassNamePatternGroupOrDefault', '([\\s\\S]*)\\((.*)\\)', 'testKeyRangeExpression8(com.salesforce.phoenix.compile.WhereClauseOptimizerTest)')","[20464, 58610]"
"('Description.java', 'org.junit.runner.Description', 'methodAndClassNamePatternGroupOrDefault', '([\\s\\S]*)\\((.*)\\)', 'testOrderByNonAggSelectAgg(com.salesforce.phoenix.compile.QueryCompileTest)')","[21737, 59864]"
"('Description.java', 'org.junit.runner.Description', 'methodAndClassNamePatternGroupOrDefault', '([\\s\\S]*)\\((.*)\\)', 'testDecimalAddExpression[CREATE INDEX ATABLE_IDX ON aTable (a_integer DESC) INCLUDE (    A_STRING,     B_STRING,     A_DATE)](com.salesforce.phoenix.end2end.QueryTest)')","[4269, 42721]"
"('Description.java', 'org.junit.runner.Description', 'methodAndClassNamePatternGroupOrDefault', '([\\s\\S]*)\\((.*)\\)', 'testPrimaryKeyMetadataScan(com.salesforce.phoenix.end2end.QueryDatabaseMetaDataTest)')","[27355, 65232]"
"('Description.java', 'org.junit.runner.Description', 'methodAndClassNamePatternGroupOrDefault', '([\\s\\S]*)\\((.*)\\)', 'testUpsertValuesWithDate(com.salesforce.phoenix.end2end.UpsertValuesTest)')","[26861, 64814]"
"('Description.java', 'org.junit.runner.Description', 'methodAndClassNamePatternGroupOrDefault', '([\\s\\S]*)\\((.*)\\)', 'testNonAggInHavingClause(com.salesforce.phoenix.compile.QueryCompileTest)')","[23165, 61360]"
"('Description.java', 'org.junit.runner.Description', 'methodAndClassNamePatternGroupOrDefault', '([\\s\\S]*)\\((.*)\\)', 'testQueryMoreWithSubsetofPKColsInRowValueConstructor_salted(com.salesforce.phoenix.end2end.RowValueConstructorTest)')","[24728, 62878]"
"('Description.java', 'org.junit.runner.Description', 'methodAndClassNamePatternGroupOrDefault', '([\\s\\S]*)\\((.*)\\)', 'testForUnSignedTinyIntArray(com.salesforce.phoenix.schema.PDataTypeForArraysTest)')","[37343, 74780]"
"('Description.java', 'org.junit.runner.Description', 'methodAndClassNamePatternGroupOrDefault', '([\\s\\S]*)\\((.*)\\)', 'testDecimalDivision(com.salesforce.phoenix.arithmetic.ArithmeticOperationTest)')","[15477, 53704]"
"('StoreFile.java', 'org.apache.hadoop.hbase.regionserver.StoreFile', 'getReferredToFile', '^([0-9a-f]+(?:_SeqId_[0-9]+_)?|(?:[a-zA-Z_0-9][a-zA-Z_0-9.-]*)=(?:[a-f0-9]+)-[0-9a-f]+(?:_SeqId_[0-9]+_)?)\\.(.+)$', '0a351bf9e72044fcbe50dd3dd3e84ba3.7e2180d779449fb7a4a3e8ea8396681a')","[287466, 287493]"
"('Description.java', 'org.junit.runner.Description', 'methodAndClassNamePatternGroupOrDefault', '([\\s\\S]*)\\((.*)\\)', 'testSerializationWithNullMaxLength(com.salesforce.phoenix.expression.ColumnExpressionTest)')","[17101, 55266]"
"('Description.java', 'org.junit.runner.Description', 'methodAndClassNamePatternGroupOrDefault', '([\\s\\S]*)\\((.*)\\)', 'testSplitWithCachedMeta[](com.salesforce.phoenix.end2end.QueryTest)')","[13555, 51944]"
"('HFileLink.java', 'org.apache.hadoop.hbase.io.HFileLink', 'isHFileLink', '^((?:[a-zA-Z_0-9][a-zA-Z_0-9.-]*))=((?:[a-f0-9]+))-([0-9a-f]+(?:_SeqId_[0-9]+_)?)$', '60bdafa5091844ed8284ec200493e925')","[1234303, 1234356]"
"('Description.java', 'org.junit.runner.Description', 'methodAndClassNamePatternGroupOrDefault', '([\\s\\S]*)\\((.*)\\)', 'testFloorTime(com.salesforce.phoenix.end2end.RoundFloorCeilFunctionsEnd2EndTest)')","[35471, 72998]"
"('Description.java', 'org.junit.runner.Description', 'methodAndClassNamePatternGroupOrDefault', '([\\s\\S]*)\\((.*)\\)', 'testDoubleSubtractionExpression[CREATE INDEX ATABLE_IDX ON aTable (a_integer, a_string) INCLUDE (    B_STRING,     A_DATE)](com.salesforce.phoenix.end2end.QueryTest)')","[8085, 46516]"
"('Description.java', 'org.junit.runner.Description', 'methodAndClassNamePatternGroupOrDefault', '([\\s\\S]*)\\((.*)\\)', 'testLongMultiplyExpression[CREATE INDEX ATABLE_IDX ON aTable (a_integer, a_string) INCLUDE (    B_STRING,     A_DATE)](com.salesforce.phoenix.end2end.QueryTest)')","[7855, 46286]"
"('Description.java', 'org.junit.runner.Description', 'methodAndClassNamePatternGroupOrDefault', '([\\s\\S]*)\\((.*)\\)', 'inDescCompositePK1(com.salesforce.phoenix.end2end.DescColumnSortOrderTest)')","[29324, 67036]"
"('Description.java', 'org.junit.runner.Description', 'methodAndClassNamePatternGroupOrDefault', '([\\s\\S]*)\\((.*)\\)', 'testFilterOnTrailingKeyColumn(com.salesforce.phoenix.end2end.ProductMetricsTest)')","[33301, 70864]"
"('Description.java', 'org.junit.runner.Description', 'methodAndClassNamePatternGroupOrDefault', '([\\s\\S]*)\\((.*)\\)', '[ScanRanges[[[b], [1], [B]]] [c1B - c9Z]]')",[3282]
"('Description.java', 'org.junit.runner.Description', 'methodAndClassNamePatternGroupOrDefault', '([\\s\\S]*)\\((.*)\\)', 'testScanByUnsignedFloatValue[CREATE INDEX ATABLE_IDX ON aTable (a_integer) INCLUDE (    A_STRING,     B_STRING,     A_DATE)](com.salesforce.phoenix.end2end.QueryTest)')","[10429, 48839]"
"('Description.java', 'org.junit.runner.Description', 'methodAndClassNamePatternGroupOrDefault', '([\\s\\S]*)\\((.*)\\)', 'testBoundLimit(com.salesforce.phoenix.compile.LimitClauseTest)')","[24062, 62240]"
"('StoreFile.java', 'org.apache.hadoop.hbase.regionserver.StoreFile', 'isReference', '^([0-9a-f]+(?:_SeqId_[0-9]+_)?|(?:[a-zA-Z_0-9][a-zA-Z_0-9.-]*)=(?:[a-f0-9]+)-[0-9a-f]+(?:_SeqId_[0-9]+_)?)\\.(.+)$', '07510553f5b94308b2ffad3a2d98dc07')","[1258798, 1258851]"
"('StoreFile.java', 'org.apache.hadoop.hbase.regionserver.StoreFile', 'isReference', '^([0-9a-f]+(?:_SeqId_[0-9]+_)?|(?:[a-zA-Z_0-9][a-zA-Z_0-9.-]*)=(?:[a-f0-9]+)-[0-9a-f]+(?:_SeqId_[0-9]+_)?)\\.(.+)$', '9ecb9c0bc55447468f6c7d26a65f1aed')","[1234003, 1234056]"
"('Description.java', 'org.junit.runner.Description', 'methodAndClassNamePatternGroupOrDefault', '([\\s\\S]*)\\((.*)\\)', 'testAsInColumnAlias(com.salesforce.phoenix.parse.QueryParserTest)')","[16662, 54826]"
"('Description.java', 'org.junit.runner.Description', 'methodAndClassNamePatternGroupOrDefault', '([\\s\\S]*)\\((.*)\\)', 'testUnsignedDoubleAddExpression[CREATE INDEX ATABLE_IDX ON aTable (a_integer, a_string) INCLUDE (    B_STRING,     A_DATE)](com.salesforce.phoenix.end2end.QueryTest)')","[7717, 46148]"
"('Description.java', 'org.junit.runner.Description', 'methodAndClassNamePatternGroupOrDefault', '([\\s\\S]*)\\((.*)\\)', 'testNotEqualsByFloat[CREATE INDEX ATABLE_IDX ON aTable (a_integer, a_string) INCLUDE (    B_STRING,     A_DATE)](com.salesforce.phoenix.end2end.QueryTest)')","[7671, 46102]"
"('StoreFile.java', 'org.apache.hadoop.hbase.regionserver.StoreFile', 'isHFile', '^([0-9a-f]+(?:_SeqId_[0-9]+_)?)', 'c8aaabff5ce849d5a8c36eb988aaa4ab')","[890170, 890223]"
"('Description.java', 'org.junit.runner.Description', 'methodAndClassNamePatternGroupOrDefault', '([\\s\\S]*)\\((.*)\\)', 'testCastingIntegerToDecimalInSelect(com.salesforce.phoenix.compile.QueryCompileTest)')","[23123, 61316]"
"('Description.java', 'org.junit.runner.Description', 'methodAndClassNamePatternGroupOrDefault', '([\\s\\S]*)\\((.*)\\)', 'testCoveringPointDelete(com.salesforce.hbase.index.covered.filter.TestApplyAndFilterDeletesFilter)')","[39661, 76870]"
"('Description.java', 'org.junit.runner.Description', 'methodAndClassNamePatternGroupOrDefault', '([\\s\\S]*)\\((.*)\\)', 'testGetSplits(com.salesforce.phoenix.end2end.DefaultParallelIteratorsRegionSplitterTest)')","[28555, 66310]"
"('KerberosName.java', 'org.apache.hadoop.security.KerberosName', '<init>', '([^/@]*)(/([^/@]*))?@([^/@]*)', 'pwang7.hfs.0')","[78683, 78961]"
"('Description.java', 'org.junit.runner.Description', 'methodAndClassNamePatternGroupOrDefault', '([\\s\\S]*)\\((.*)\\)', 'testRewriteAnd(com.salesforce.phoenix.compile.SelectStatementRewriterTest)')","[21281, 59446]"
"('Description.java', 'org.junit.runner.Description', 'methodAndClassNamePatternGroupOrDefault', '([\\s\\S]*)\\((.*)\\)', 'testNegativeCountDistinct(com.salesforce.phoenix.parse.QueryParserTest)')","[16368, 54518]"
"('Description.java', 'org.junit.runner.Description', 'methodAndClassNamePatternGroupOrDefault', '([\\s\\S]*)\\((.*)\\)', 'com.salesforce.phoenix.compile.QueryCompileTest')","[21653, 1180608]"
"('Description.java', 'org.junit.runner.Description', 'methodAndClassNamePatternGroupOrDefault', '([\\s\\S]*)\\((.*)\\)', 'testHavingToWhere(com.salesforce.phoenix.compile.HavingClauseTest)')","[21508, 59644]"
"('HFileLink.java', 'org.apache.hadoop.hbase.io.HFileLink', 'isHFileLink', '^((?:[a-zA-Z_0-9][a-zA-Z_0-9.-]*))=((?:[a-f0-9]+))-([0-9a-f]+(?:_SeqId_[0-9]+_)?)$', '5c77b97569e64033bf9fb36cb234d10c')","[1393538, 1393591]"
"('Description.java', 'org.junit.runner.Description', 'methodAndClassNamePatternGroupOrDefault', '([\\s\\S]*)\\((.*)\\)', 'testUpsertMultiByteIntoChar(com.salesforce.phoenix.compile.QueryCompileTest)')","[21800, 59930]"
"('Description.java', 'org.junit.runner.Description', 'methodAndClassNamePatternGroupOrDefault', '([\\s\\S]*)\\((.*)\\)', 'testBadVarcharDef(com.salesforce.phoenix.parse.QueryParserTest)')","[17061, 55244]"
"('Description.java', 'org.junit.runner.Description', 'methodAndClassNamePatternGroupOrDefault', '([\\s\\S]*)\\((.*)\\)', 'testFakeCFDynamicUpsert(com.salesforce.phoenix.end2end.DynamicColumnTest)')","[36658, 74142]"
"('Description.java', 'org.junit.runner.Description', 'methodAndClassNamePatternGroupOrDefault', '([\\s\\S]*)\\((.*)\\)', 'testVarCharParallelListInQuery(com.salesforce.phoenix.end2end.SkipScanQueryTest)')","[29490, 67190]"
"('StoreFile.java', 'org.apache.hadoop.hbase.regionserver.StoreFile', 'isReference', '^([0-9a-f]+(?:_SeqId_[0-9]+_)?|(?:[a-zA-Z_0-9][a-zA-Z_0-9.-]*)=(?:[a-f0-9]+)-[0-9a-f]+(?:_SeqId_[0-9]+_)?)\\.(.+)$', '0a351bf9e72044fcbe50dd3dd3e84ba3.7e2180d779449fb7a4a3e8ea8396681a')","[287425, 287453, 332242, 332276]"
"('Description.java', 'org.junit.runner.Description', 'methodAndClassNamePatternGroupOrDefault', '([\\s\\S]*)\\((.*)\\)', 'testPartiallyQualifiedRVCInList[CREATE INDEX ATABLE_IDX ON aTable (a_integer) INCLUDE (    A_STRING,     B_STRING,     A_DATE)](com.salesforce.phoenix.end2end.QueryTest)')","[10061, 48471]"
"('Description.java', 'org.junit.runner.Description', 'methodAndClassNamePatternGroupOrDefault', '([\\s\\S]*)\\((.*)\\)', 'testTimeProjection(com.salesforce.phoenix.end2end.ToNumberFunctionTest)')","[34515, 72096]"
"('Description.java', 'org.junit.runner.Description', 'methodAndClassNamePatternGroupOrDefault', '([\\s\\S]*)\\((.*)\\)', 'testViewInvalidation(com.salesforce.phoenix.compile.ViewCompileTest)')","[18809, 56916]"
"('Description.java', 'org.junit.runner.Description', 'methodAndClassNamePatternGroupOrDefault', '([\\s\\S]*)\\((.*)\\)', 'testBoundaryLessThanOrEqualRound(com.salesforce.phoenix.compile.WhereClauseOptimizerTest)')","[20779, 58940]"
"('Description.java', 'org.junit.runner.Description', 'methodAndClassNamePatternGroupOrDefault', '([\\s\\S]*)\\((.*)\\)', 'testNullabilityMultiCondCaseStatement[CREATE INDEX ATABLE_IDX ON aTable (a_integer) INCLUDE (    A_STRING,     B_STRING,     A_DATE)](com.salesforce.phoenix.end2end.QueryTest)')","[10383, 48793]"
"('Description.java', 'org.junit.runner.Description', 'methodAndClassNamePatternGroupOrDefault', '([\\s\\S]*)\\((.*)\\)', 'testLeftJoin[[Ljava.lang.String;@26a6d290](com.salesforce.phoenix.end2end.HashJoinTest)')","[14170, 52519]"
"('Description.java', 'org.junit.runner.Description', 'methodAndClassNamePatternGroupOrDefault', '([\\s\\S]*)\\((.*)\\)', 'testSelectNextValueForMultipleConnWithStmtClose(com.salesforce.phoenix.end2end.SequenceTest)')","[29572, 67256]"
"('Description.java', 'org.junit.runner.Description', 'methodAndClassNamePatternGroupOrDefault', '([\\s\\S]*)\\((.*)\\)', 'testSelectCF(com.salesforce.phoenix.end2end.index.MutableIndexTest)')","[28061, 65892]"
"('Description.java', 'org.junit.runner.Description', 'methodAndClassNamePatternGroupOrDefault', '([\\s\\S]*)\\((.*)\\)', 'testSingleColumnGroupBy(com.salesforce.phoenix.end2end.VariableLengthPKTest)')","[32429, 70050]"
"('Description.java', 'org.junit.runner.Description', 'methodAndClassNamePatternGroupOrDefault', '([\\s\\S]*)\\((.*)\\)', 'testCompressedWALWithCodec(com.salesforce.hbase.index.util.TestIndexManagementUtil)')","[38568, 75924]"
"('Description.java', 'org.junit.runner.Description', 'methodAndClassNamePatternGroupOrDefault', '([\\s\\S]*)\\((.*)\\)', 'com.salesforce.phoenix.end2end.MultiCfQueryExecTest')",[30549]
"('Description.java', 'org.junit.runner.Description', 'methodAndClassNamePatternGroupOrDefault', '([\\s\\S]*)\\((.*)\\)', 'testDecimalAveraging(com.salesforce.phoenix.end2end.ArithmeticQueryTest)')","[33030, 70600]"
"('HTableDescriptor.java', 'org.apache.hadoop.hbase.HTableDescriptor', 'hasCoprocessor', '^coprocessor\\$([0-9]+)$', 'IS_ROOT')","[80275, 80394, 80629, 80826, 81180, 81455, 81928, 82281, 82873, 83380, 83930, 84876, 85504, 87213, 87292, 87449, 87606, 87882, 88117, 88512, 88825, 89339, 89729, 90120, 90965, 91036, 91177, 91318, 91566, 91777, 92132, 92413, 92875, 93227, 95539, 95924, 96239, 96484, 96659, 96764, 97149, 97464, 97709, 97884, 97989, 98374, 98689, 98934, 99109, 99214, 99599, 99914, 100159, 100334, 100439, 100824, 101139, 101384, 101559, 101664, 102049, 102364, 102609, 102784, 102889, 103274, 103589, 103834, 104009, 107403, 107522, 107757, 107954, 108308, 108583, 109056, 109409, 110001, 110508, 111058, 112004, 112632, 114306, 114385, 114542, 114699, 114975, 115210, 115605, 115918, 116432, 116822, 117213, 118047, 118120, 118265, 118410, 118665, 118882, 119247, 119536, 120011, 120373, 122093, 122190, 122384, 122545, 122837, 123062, 123452, 123741, 124420, 124816, 125140, 125392, 125572, 125676, 125964, 126188, 126348, 126448, 126844, 127168, 127420, 127600, 127704, 127992, 128216, 128376, 128476, 128872, 129196, 129448, 129628, 129732, 130020, 130244, 130404, 130529, 130925, 131249, 131501, 131681, 131785, 132073, 132297, 132457, 132557, 132953, 133277, 133529, 133709, 133813, 134101, 134325, 134485, 134585, 134981, 135305, 135557, 135737, 135841, 136129, 136353, 136513, 136613, 137009, 137333, 137585, 137765, 137869, 138157, 138381, 138541, 138641, 139037, 139361, 139613, 139793, 139897, 140185, 140409, 140569, 140669, 141065, 141389, 141641, 141821, 141925, 142213, 142437, 142597, 142697, 143093, 143417, 143669, 143849, 143953, 144241, 144465, 144625, 144725, 145121, 145445, 145697, 145877, 145981, 146269, 146493, 146653, 146753, 147149, 147473, 147725, 147905, 148009, 148297, 148521, 148681, 148781, 149177, 149501, 149753, 149933, 150037, 150325, 150549, 150709, 150809, 151205, 151529, 151781, 151961, 152065, 152353, 152577, 152737, 152837, 153233, 153557, 153809, 153989, 154093, 154381, 154605, 154765, 154864, 155249, 155564, 155809, 155984, 156085, 156364, 156581, 156736, 156833, 157218, 157533, 157778, 157953, 158054, 158333, 158550, 158705, 158802, 159187, 159502, 159747, 159922, 160023, 160302, 160519, 160674, 160771, 161156, 161471, 161716, 161891, 161992, 162271, 162488, 162643, 162740, 163125, 163440, 163685, 163860, 163961, 164240, 164457, 164612, 164709, 165094, 165409, 165654, 165829, 165930, 166209, 166426, 166581, 166703, 167088, 167403, 167648, 167823, 167924, 168203, 168420, 168575, 168672, 169057, 169372, 169617, 169792, 169893, 170172, 170389, 170544, 170641, 171026, 171341, 171586, 171761, 171862, 172141, 172358, 172513, 172610, 172995, 173310, 173555, 173730, 173831, 174110, 174327, 174482, 174579, 174964, 175279, 175524, 175699, 175800, 176079, 176296, 176451, 176548, 176933, 177248, 177493, 177668, 177769, 178048, 178265, 178420, 178517, 178902, 179217, 179462, 179637, 179738, 180017, 180234, 180389, 180486, 180871, 181186, 181431, 181606, 181707, 181986, 182203, 182358, 182455, 182840, 183155, 183400, 183575, 183676, 183955, 184172, 184327, 184424, 184809, 185124, 185369, 185544, 185645, 185924, 186141, 186296, 186393, 186778, 187093, 187338, 187513, 187614, 187893, 188110, 188265, 188362, 188747, 189062, 189307, 189482, 189583, 189862, 190079, 190234, 190331, 190716, 191031, 191276, 191451, 191552, 191831, 192048, 192203, 192300, 192685, 193000, 193245, 193420, 193537, 193816, 194033, 194188, 194285, 194670, 194985, 195230, 195405, 195506, 195785, 196002, 196157, 196254, 196639, 196954, 197199, 197374, 197475, 197754, 197971, 198126, 198223, 198608, 198923, 199168, 199343, 199444, 199723, 199940, 200095, 200192, 200577, 200892, 201137, 201312, 201413, 201692, 201909, 202064, 202161, 202546, 202861, 203106, 203281, 203382, 203661, 203878, 204033, 204130, 204515, 204830, 205075, 205250, 205351, 205630, 205847, 206002, 206099, 206484, 206799, 207044, 207219, 207320, 207599, 207816, 207971, 208068, 208453, 208768, 209013, 209188, 209289, 209568, 209785, 209940, 210037, 210422, 210737, 210982, 211157, 211258, 211537, 211754, 211909, 212006, 212391, 212706, 212951, 213126, 213227, 213506, 213723, 213878, 213975, 214360, 214675, 214920, 215095, 215196, 215475, 215692, 215847, 215944, 216329, 216644, 216889, 217064, 217165, 217444, 217661, 217816, 217913, 218298, 218613, 218858, 219033, 219134, 219413, 219630, 219785, 219882, 220267, 220582, 220827, 221002, 221103, 221382, 221599, 221754, 221851, 222236, 222551, 222796, 222971, 223072, 223351, 223568, 223723, 223820, 224205, 224520, 224765, 224940, 225041, 225320, 225537, 225692, 225789, 226174, 226489, 226734, 226909, 227010, 227289, 227506, 227661, 227758, 228143, 228458, 228703, 228878, 228979, 229258, 229475, 229630, 229727, 230112, 230427, 230672, 230847, 230948, 231227, 231444, 231599, 231696, 232081, 232396, 232641, 232816, 232917, 233196, 233413, 233568, 233665, 234050, 234365, 234610, 234785, 234886, 235165, 235382, 235537, 235634, 236019, 236334, 236579, 236754, 236855, 237134, 237351, 237506, 237603, 237988, 238303, 238548, 238723, 238824, 239103, 239320, 239475, 239572, 239957, 240272, 240517, 240692, 240793, 241072, 241289, 241444, 241541, 241926, 242241, 242486, 242661, 242762, 243041, 243258, 243413, 243510, 243895, 244210, 244455, 244630, 244731, 245010, 245227, 245382, 245479, 245864, 246179, 246424, 246599, 246700, 246979, 247196, 247351, 247448, 247833, 248148, 248393, 248568, 248669, 248948, 249165, 249320, 249417, 249802, 250117, 250362, 250537, 250638, 250917, 251134, 251289, 251386, 251771, 252086, 252331, 252506, 252607, 252886, 253103, 253258, 253355, 253740, 254055, 254300, 254475, 254576, 254855, 255072, 255227, 255324, 255709, 256024, 256269, 256444, 256545, 256824, 257041, 257196, 257293, 257678, 257993, 258238, 258413, 258514, 258793, 259010, 259165, 259262, 259647, 259962, 260207, 260382, 260483, 260762, 260979, 261134, 261231, 261616, 261931, 262176, 262351, 262452, 262731, 262948, 263103, 263200, 263585, 263900, 264145, 264320, 264421, 264700, 264917, 265072, 265169, 265554, 265869, 266114, 266289, 266390, 266669, 266886, 267041, 267138, 267523, 267838, 268083, 268258, 268359, 268638, 268855, 269010, 269107, 269492, 269807, 270052, 270227, 270328, 270607, 270824, 270979, 271076, 271461, 271776, 272021, 272196, 272297, 272576, 272793, 272948, 273045, 273430, 273745, 273990, 274165, 274266, 274545, 274762, 274917, 275014, 275399, 275714, 275959, 276134, 276235, 276514, 276731, 276886, 276983, 277368, 277683, 277928, 278103, 278204, 278483, 278700, 278855, 278952, 279337, 279652, 279897, 280072, 280173, 280452, 280669, 280824, 280921, 281306, 281621, 281866, 282041, 282142, 282421, 282638, 282793, 282890, 283275, 283590, 283835, 284010, 284111, 284390, 284607, 284762, 284859, 285244, 285559, 285804, 285979, 286080, 286359, 286576, 286731, 287700, 288085, 288400, 288645, 288820, 288921, 289200, 289417, 289572, 289669, 290054, 290369, 290614, 290789, 290890, 291169, 291386, 291541, 291638, 292023, 292338, 292583, 292758, 292859, 293138, 293355, 293510, 293607, 293992, 294307, 294552, 294727, 294828, 295107, 295324, 295479, 295576, 295961, 296276, 296521, 296696, 296797, 297076, 297293, 297448, 297545, 297930, 298245, 298490, 298665, 298766, 299045, 299262, 299417, 299514, 299899, 300214, 300459, 300634, 300735, 301014, 301231, 301386, 301483, 301868, 302183, 302428, 302603, 302704, 302983, 303200, 303355, 303452, 303837, 304152, 304397, 304572, 304673, 304952, 305169, 305324, 305421, 305806, 306121, 306366, 306541, 306642, 306921, 307138, 307293, 307390, 307775, 308090, 308335, 308510, 308611, 308890, 309107, 309262, 309359, 309744, 310059, 310304, 310479, 310580, 310859, 311076, 311231, 311328, 311713, 312028, 312273, 312448, 312549, 312828, 313045, 313200, 313297, 313682, 313997, 314242, 314417, 314518, 314797, 315014, 315169, 315266, 315651, 315966, 316211, 316386, 316487, 316766, 316983, 317138, 317235, 317620, 317935, 318180, 318355, 318456, 318735, 318952, 319107, 319204, 319589, 319904, 320149, 320324, 320425, 320704, 320921, 321076, 321173, 321558, 321873, 322118, 322293, 322394, 322673, 322890, 323045, 323142, 323527, 323842, 324087, 324262, 324363, 324642, 324859, 325014, 325111, 325496, 325811, 326056, 326231, 326332, 326611, 326828, 326983, 327080, 327465, 327780, 328025, 328200, 328301, 328580, 328797, 328952, 329049, 329434, 329749, 329994, 330169, 330270, 330549, 330766, 330921, 331018, 331403, 331718, 331963, 332138, 332307, 332586, 332803, 332958, 333055, 333440, 333755, 334000, 334175, 334276, 334555, 334772, 334927, 335024, 335409, 335724, 335969, 336144, 336245, 336524, 336741, 336896, 337356, 337741, 338056, 338301, 338476, 338577, 338856, 339073, 339228, 339325, 339710, 340025, 340270, 340445, 340546, 340825, 341042, 341197, 341294, 341679, 341994, 342239, 342414, 342515, 342794, 343011, 343166, 343263, 343648, 343963, 344208, 344383, 344484, 344763, 344980, 345135, 345232, 345617, 345932, 346177, 346352, 346453, 346732, 346949, 347104, 347201, 347586, 347901, 348146, 348321, 348422, 348701, 348918, 349073, 349170, 349555, 349870, 350115, 350290, 350391, 350670, 350887, 351042, 351139, 351524, 351839, 352084, 352259, 352360, 352639, 352856, 353011, 353108, 353493, 353808, 354053, 354228, 354329, 354608, 354825, 354980, 355077, 355462, 355777, 356022, 356197, 356298, 356577, 356794, 356949, 357046, 357431, 357746, 357991, 358166, 358267, 358546, 358763, 358918, 359015, 359400, 359715, 359960, 360135, 360236, 360515, 360732, 360887, 360984, 361369, 361684, 361929, 362104, 362205, 362484, 362701, 362856, 362953, 363338, 363653, 363898, 364073, 364174, 364453, 364670, 364825, 364922, 365307, 365622, 365867, 366042, 366143, 366422, 366639, 366794, 366891, 367276, 367591, 367836, 368011, 368112, 368391, 368608, 368763, 368860, 369245, 369560, 369805, 369980, 370081, 370360, 370577, 370732, 370829, 371214, 371529, 371774, 371949, 372050, 372329, 372546, 372701, 372798, 373183, 373498, 373743, 373918, 374019, 374298, 374515, 374670, 374767, 375152, 375467, 375712, 375887, 375988, 376267, 376484, 376639, 376736, 377121, 377436, 377681, 377856, 377957, 378236, 378453, 378608, 378730, 379115, 379430, 379675, 379850, 379951, 380230, 380447, 380602, 380699, 381084, 381399, 381644, 381819, 381920, 382199, 382416, 382571, 382668, 383053, 383368, 383613, 383788, 383889, 384168, 384385, 384540, 384637, 385022, 385337, 385582, 385757, 385858, 386137, 386354, 386509, 386606, 386991, 387306, 387551, 387726, 387827, 388106, 388323, 388478, 388575, 388960, 389275, 389520, 389695, 389796, 390075, 390292, 390447, 390544, 390929, 391244, 391489, 391664, 391765, 392044, 392261, 392416, 392513, 392898, 393213, 393458, 393633, 393734, 394013, 394230, 394385, 394482, 394867, 395182, 395427, 395602, 395703, 395982, 396199, 396354, 396451, 396836, 397151, 397396, 397571, 397672, 397951, 398168, 398323, 398420, 398805, 399120, 399365, 399540, 399641, 399920, 400137, 400292, 400389, 400774, 401089, 401334, 401509, 401610, 401889, 402106, 402261, 402358, 402743, 403058, 403303, 403478, 403579, 403858, 404075, 404230, 404327, 404712, 405027, 405272, 405447, 405548, 405827, 406044, 406199, 406296, 406681, 406996, 407241, 407416, 407517, 407796, 408013, 408168, 408265, 408650, 408965, 409210, 409385, 409486, 409765, 409982, 410137, 410234, 410619, 410934, 411179, 411354, 411455, 411734, 411951, 412106, 412203, 412588, 412903, 413148, 413323, 413424, 413703, 413920, 414075, 414172, 414557, 414872, 415117, 415292, 415393, 415672, 415889, 416044, 416141, 416526, 416841, 417086, 417261, 417362, 417641, 417858, 418013, 418110, 418495, 418810, 419055, 419230, 419331, 419610, 419827, 419982, 420079, 420464, 420779, 421024, 421199, 421300, 421579, 421796, 421951, 422048, 422433, 422748, 422993, 423168, 423269, 423548, 423765, 423920, 424017, 424402, 424717, 424962, 425137, 425238, 425517, 425734, 425889, 425986, 426371, 426686, 426931, 427106, 427207, 427486, 427703, 427858, 427955, 428340, 428655, 428900, 429075, 429176, 429455, 429672, 429827, 429924, 430309, 430624, 430869, 431044, 431145, 431424, 431641, 431796, 431893, 432278, 432593, 432838, 433013, 433114, 433393, 433610, 433765, 433862, 434247, 434562, 434807, 434982, 435083, 435362, 435579, 435734, 435831, 436216, 436531, 436776, 436951, 437052, 437331, 437548, 437703, 437800, 438185, 438500, 438745, 438920, 439021, 439300, 439517, 439672, 439769, 440154, 440469, 440714, 440889, 440990, 441269, 441486, 441641, 441738, 442123, 442438, 442683, 442858, 442959, 443238, 443455, 443610, 443707, 444092, 444407, 444652, 444827, 444928, 445207, 445424, 445579, 445676, 446061, 446376, 446621, 446796, 446897, 447176, 447393, 447548, 447645, 448030, 448345, 448590, 448765, 448866, 449145, 449362, 449517, 449614, 449999, 450314, 450559, 450734, 450835, 451114, 451331, 451486, 451583, 451968, 452283, 452528, 452703, 452804, 453083, 453300, 453455, 453552, 453937, 454252, 454497, 454672, 454773, 455052, 455269, 455424, 455521, 455906, 456221, 456466, 456641, 456742, 457021, 457238, 457393, 457490, 457875, 458190, 458435, 458610, 458711, 458990, 459207, 459362, 459459, 459844, 460159, 460404, 460579, 460680, 460959, 461176, 461331, 461428, 461813, 462128, 462373, 462548, 462649, 462928, 463145, 463300, 463397, 463782, 464097, 464342, 464517, 464618, 464897, 465114, 465269, 465366, 465751, 466066, 466311, 466486, 466587, 466866, 467083, 467238, 467335, 467720, 468035, 468280, 468455, 468556, 468835, 469052, 469207, 469304, 469689, 470004, 470249, 470424, 470525, 470804, 471021, 471176, 471273, 471658, 471973, 472218, 472393, 472494, 472773, 472990, 473145, 473242, 473627, 473942, 474187, 474362, 474479, 474758, 474975, 475130, 475227, 475612, 475927, 476172, 476347, 476448, 476727, 476944, 477099, 477221, 477606, 477921, 478166, 478341, 478442, 478721, 478938, 479093, 479190, 479575, 479890, 480135, 480310, 480411, 480690, 480907, 481062, 481159, 481544, 481859, 482104, 482279, 482380, 482659, 482876, 483031, 483128, 483513, 483828, 484073, 484248, 484349, 484628, 484845, 485000, 485097, 485482, 485797, 486042, 486217, 486318, 486597, 486814, 486969, 487066, 487451, 487766, 488011, 488186, 488287, 488566, 488783, 488938, 489035, 489420, 489735, 489980, 490155, 490256, 490535, 490752, 490907, 491004, 491389, 491704, 491949, 492124, 492225, 492504, 492721, 492876, 492973, 493358, 493673, 493918, 494093, 494194, 494473, 494690, 494845, 494942, 495327, 495642, 495887, 496062, 496163, 496442, 496659, 496814, 496911, 497296, 497611, 497856, 498031, 498132, 498411, 498628, 498783, 499657, 500042, 500357, 500602, 500777, 500878, 501157, 501374, 501529, 501626, 502011, 502326, 502571, 502746, 502847, 503126, 503343, 503498, 503595, 503980, 504295, 504540, 504715, 504816, 505095, 505312, 505467, 505564, 505949, 506264, 506509, 506684, 506785, 507064, 507281, 507436, 507533, 507918, 508233, 508478, 508653, 508754, 509033, 509250, 509405, 509502, 509887, 510202, 510447, 510622, 510723, 511002, 511219, 511374, 511471, 511856, 512171, 512416, 512591, 512692, 512971, 513188, 513343, 513440, 513825, 514140, 514385, 514560, 514661, 514940, 515157, 515312, 515409, 515794, 516109, 516354, 516529, 516630, 516909, 517126, 517281, 517378, 517763, 518078, 518323, 518498, 518599, 518878, 519095, 519250, 519347, 519732, 520047, 520292, 520467, 520568, 520847, 521064, 521219, 521316, 521701, 522016, 522261, 522436, 522537, 522816, 523033, 523188, 523285, 523670, 523985, 524230, 524405, 524506, 524785, 525002, 525157, 525254, 525639, 525954, 526199, 526374, 526475, 526754, 526971, 527126, 527223, 527608, 527923, 528168, 528343, 528444, 528723, 528940, 529095, 529192, 529577, 529892, 530137, 530312, 530413, 530692, 530909, 531064, 531161, 531546, 531861, 532106, 532281, 532382, 532661, 532878, 533033, 533130, 533515, 533830, 534075, 534250, 534351, 534630, 534847, 535002, 535099, 535484, 535799, 536044, 536219, 536320, 536599, 536816, 536971, 537068, 537453, 537768, 538013, 538188, 538289, 538568, 538785, 538940, 539037, 539422, 539737, 539982, 540157, 540258, 540537, 540754, 540909, 541006, 541391, 541706, 541951, 542126, 542227, 542506, 542723, 542878, 542975, 543360, 543675, 543920, 544095, 544196, 544475, 544692, 544847, 544944, 545329, 545644, 545889, 546064, 546165, 546444, 546661, 546816, 546913, 547298, 547613, 547858, 548033, 548134, 548413, 548630, 548785, 549318, 549703, 550018, 550263, 550438, 550539, 550818, 551035, 551190, 551287, 551672, 551987, 552232, 552407, 552508, 552787, 553004, 553159, 553256, 553641, 553956, 554201, 554376, 554477, 554756, 554973, 555128, 555225, 555610, 555925, 556170, 556345, 556446, 556725, 556942, 557097, 557194, 557579, 557894, 558139, 558314, 558415, 558694, 558911, 559066, 559163, 559548, 559863, 560108, 560283, 560384, 560663, 560880, 561035, 561132, 561517, 561832, 562077, 562252, 562353, 562632, 562849, 563004, 563101, 563486, 563801, 564046, 564221, 564322, 564601, 564818, 564973, 565070, 565455, 565770, 566015, 566190, 566291, 566570, 566787, 566942, 567039, 567424, 567739, 567984, 568159, 568260, 568539, 568756, 568911, 569008, 569393, 569708, 569953, 570128, 570229, 570508, 570725, 570880, 570977, 571362, 571677, 571922, 572097, 572198, 572477, 572694, 572849, 572946, 573331, 573646, 573891, 574066, 574167, 574446, 574663, 574818, 574915, 575300, 575615, 575860, 576035, 576136, 576415, 576632, 576787, 576884, 577269, 577584, 577829, 578004, 578105, 578384, 578601, 578756, 578853, 579238, 579553, 579798, 579973, 580074, 580353, 580638, 580793, 580890, 581275, 581590, 581835, 582010, 582111, 582390, 582607, 582762, 582859, 583244, 583559, 583804, 583979, 584080, 584359, 584576, 584731, 584828, 585213, 585528, 585773, 585948, 586049, 586328, 586545, 586700, 586813, 587198, 587513, 587758, 587933, 588034, 588313, 588530, 588685, 588782, 589167, 589482, 589727, 589902, 590003, 590282, 590499, 590654, 590776, 591161, 591476, 591721, 591896, 591997, 592276, 592493, 592648, 592745, 593130, 593445, 593690, 593865, 593966, 594245, 594462, 594617, 594714, 595099, 595414, 595659, 595834, 595935, 596214, 596431, 596586, 596683, 597068, 597383, 597628, 597803, 597904, 598183, 598400, 598555, 598652, 599037, 599352, 599597, 599772, 599873, 600152, 600369, 600524, 600621, 601006, 601321, 601566, 601741, 601842, 602121, 602338, 602493, 602590, 602975, 603290, 603535, 603710, 603811, 604090, 604307, 604462, 604559, 604944, 605259, 605504, 605679, 605780, 606059, 606276, 606431, 606528, 606913, 607228, 607473, 607648, 607749, 608028, 608245, 608400, 608497, 608882, 609197, 609442, 609617, 609718, 609997, 610214, 610369, 610466, 610851, 611166, 611411, 611586, 611687, 611966, 612183, 612338, 612435, 612820, 613135, 613380, 613555, 613656, 613935, 614152, 614307, 614404, 614789, 615104, 615349, 615524, 615625, 615904, 616121, 616276, 616373, 616758, 617073, 617318, 617493, 617594, 617873, 618090, 618245, 618342, 618727, 619042, 619287, 619462, 619563, 619842, 620059, 620214, 620311, 620696, 621011, 621256, 621431, 621532, 621811, 622028, 622183, 622280, 622665, 622980, 623225, 623400, 623501, 623780, 623997, 624152, 624249, 624634, 624949, 625194, 625369, 625470, 625749, 625966, 626121, 626218, 626603, 626918, 627163, 627338, 627439, 627718, 627935, 628090, 628187, 628572, 628887, 629132, 629307, 629408, 629687, 629904, 630059, 630156, 630541, 630856, 631101, 631276, 631377, 631656, 631873, 632028, 632125, 632510, 632825, 633070, 633245, 633346, 633625, 633842, 633997, 634094, 634479, 634794, 635039, 635214, 635315, 635594, 635811, 635966, 636063, 636448, 636763, 637008, 637183, 637284, 637563, 637780, 637935, 638032, 638417, 638732, 638977, 639152, 639253, 639532, 639749, 639904, 640001, 640386, 640701, 640946, 641121, 641222, 641501, 641718, 641873, 641970, 642355, 642670, 642915, 643090, 643191, 643470, 643687, 643842, 643939, 644324, 644639, 644884, 645059, 645160, 645439, 645656, 645811, 645908, 646293, 646608, 646853, 647028, 647129, 647408, 647625, 647780, 647877, 648262, 648577, 648822, 648997, 649098, 649377, 649594, 649749, 649846, 650231, 650546, 650791, 650966, 651067, 651346, 651563, 651718, 651815, 652200, 652515, 652760, 652935, 653036, 653315, 653532, 653687, 653784, 654169, 654484, 654729, 654904, 655005, 655284, 655501, 655656, 655753, 656138, 656453, 656698, 656873, 656974, 657253, 657470, 657625, 657722, 658107, 658422, 658667, 658842, 658943, 659222, 659439, 659594, 659691, 660076, 660391, 660636, 660811, 660912, 661191, 661408, 661563, 661660, 662045, 662360, 662605, 662780, 662881, 663160, 663377, 663532, 663629, 664014, 664329, 664574, 664749, 664850, 665129, 665346, 665501, 665598, 665983, 666298, 666543, 666718, 666819, 667098, 667315, 667470, 667567, 667952, 668267, 668512, 668687, 668788, 669067, 669284, 669439, 669536, 669921, 670236, 670481, 670656, 670757, 671036, 671253, 671408, 671505, 671890, 672205, 672450, 672625, 672726, 673005, 673222, 673377, 673474, 673859, 674174, 674419, 674594, 674695, 674974, 675191, 675346, 675443, 675828, 676143, 676388, 676563, 676664, 676943, 677160, 677315, 677412, 677797, 678112, 678357, 678532, 678633, 678912, 679129, 679284, 679381, 679766, 680081, 680326, 680501, 680602, 680881, 681098, 681253, 681350, 681735, 682050, 682295, 682470, 682571, 682850, 683067, 683222, 683319, 683704, 684019, 684264, 684439, 684540, 684819, 685036, 685191, 685288, 685673, 685988, 686233, 686408, 686509, 686788, 687005, 687160, 687257, 687642, 687957, 688202, 688377, 688478, 688757, 688974, 689129, 689226, 689611, 689926, 690171, 690346, 690447, 690726, 690943, 691098, 691195, 691580, 691895, 692140, 692315, 692416, 692695, 692912, 693067, 693164, 693549, 693864, 694109, 694284, 694385, 694664, 694881, 695036, 695133, 695518, 695833, 696078, 696253, 696354, 696633, 696850, 697005, 697102, 697487, 697802, 698047, 698222, 698339, 698618, 698835, 698990, 699087, 699472, 699787, 700032, 700207, 700308, 700587, 700804, 700959, 701056, 701441, 701756, 702001, 702176, 702277, 702556, 702773, 702928, 703025, 703410, 703725, 703970, 704145, 704246, 704525, 704742, 704897, 704994, 705379, 705694, 705939, 706114, 706215, 706494, 706711, 706866, 706963, 707348, 707663, 707908, 708083, 708184, 708463, 708680, 708835, 708932, 709317, 709632, 709877, 710052, 710153, 710432, 710649, 710804, 711345, 711730, 712045, 712290, 712465, 712566, 712845, 713062, 713217, 713314, 713699, 714014, 714259, 714434, 714535, 714814, 715031, 715186, 715283, 715668, 715983, 716228, 716403, 716504, 716783, 717000, 717155, 717252, 717637, 717952, 718197, 718372, 718473, 718752, 718969, 719124, 719221, 719606, 719921, 720166, 720341, 720442, 720721, 720938, 721093, 721190, 721575, 721890, 722135, 722310, 722411, 722690, 722907, 723062, 723159, 723544, 723859, 724104, 724279, 724380, 724659, 724876, 725031, 725128, 725513, 725828, 726073, 726248, 726349, 726628, 726845, 727000, 727097, 727482, 727797, 728042, 728217, 728318, 728597, 728814, 728969, 729066, 729451, 729766, 730011, 730186, 730287, 730566, 730783, 730938, 731035, 731420, 731735, 731980, 732155, 732256, 732535, 732752, 732907, 733004, 733389, 733704, 733949, 734124, 734225, 734504, 734721, 734876, 734973, 735358, 735673, 735918, 736093, 736194, 736473, 736690, 736845, 736942, 737327, 737642, 737887, 738062, 738163, 738442, 738659, 738814, 738911, 739296, 739611, 739856, 740031, 740132, 740411, 740628, 740783, 740880, 741265, 741580, 741825, 742000, 742101, 742380, 742597, 742752, 742849, 743234, 743549, 743794, 743969, 744070, 744349, 744566, 744721, 744818, 745203, 745518, 745763, 745938, 746039, 746318, 746535, 746690, 746787, 747172, 747487, 747732, 747907, 748008, 748287, 748504, 748659, 748756, 749141, 749456, 749701, 749876, 749977, 750256, 750473, 750628, 750725, 751110, 751425, 751670, 751845, 751946, 752225, 752442, 752597, 752694, 753079, 753394, 753639, 753814, 753915, 754194, 754411, 754566, 754663, 755048, 755363, 755608, 755783, 755884, 756163, 756380, 756535, 756632, 757017, 757332, 757577, 757752, 757853, 758132, 758349, 758504, 758601, 758986, 759301, 759546, 759721, 759826, 760211, 760526, 760771, 760946, 761051, 761436, 761751, 761996, 762171, 762276, 762661, 762976, 763221, 763396, 763501, 763886, 764201, 764446, 764621, 764726, 765111, 765426, 765671, 765846, 765951, 766336, 766651, 766896, 767071, 767176, 767561, 767876, 768121, 768296, 768401, 768786, 769101, 769346, 769521, 769626, 770011, 770326, 770571, 770746, 770851, 771236, 771551, 771796, 771971, 772076, 772461, 772776, 773021, 773196, 773301, 773686, 774001, 774246, 774421, 774526, 774911, 775226, 775471, 775646, 775751, 776136, 776451, 776696, 776871, 776976, 777361, 777676, 777921, 778096, 778201, 778586, 778901, 779146, 779321, 779426, 779811, 780126, 780371, 780546, 780651, 781036, 781351, 781596, 781771, 781876, 782261, 782576, 782821, 782996, 783101, 783486, 783801, 784046, 784221, 784326, 784711, 785026, 785271, 785446, 785551, 785936, 786251, 786496, 786671, 786776, 787161, 787476, 787721, 787896, 788001, 788386, 788701, 788946, 789121, 789226, 789611, 789926, 790171, 790346, 790451, 790836, 791151, 791396, 791571, 791676, 792061, 792376, 792621, 792796, 792901, 793286, 793601, 793846, 794021, 794126, 794511, 794826, 795071, 795246, 795351, 795736, 796051, 796296, 796471, 796576, 796961, 797276, 797521, 797696, 797801, 798186, 798501, 798746, 798921, 799026, 799411, 799726, 799971, 800146, 800251, 800636, 800951, 801196, 801371, 801476, 801861, 802176, 802421, 802596, 802701, 803086, 803401, 803646, 803821, 803926, 804311, 804626, 804871, 805046, 805151, 805536, 805851, 806096, 806271, 806376, 806761, 807076, 807321, 807496, 807601, 807986, 808301, 808546, 808721, 808842, 809227, 809542, 809787, 809962, 810067, 810452, 810767, 811012, 811187, 811292, 811677, 811992, 812237, 812412, 812517, 812902, 813217, 813462, 813637, 813742, 814127, 814442, 814687, 814862, 814967, 815352, 815667, 815912, 816087, 816192, 816577, 816892, 817137, 817312, 817417, 817802, 818117, 818362, 818537, 818642, 819027, 819342, 819587, 819762, 819867, 820252, 820567, 820812, 820987, 821092, 821477, 821792, 822037, 822212, 822317, 822702, 823017, 823262, 823437, 823542, 823927, 824242, 824487, 824662, 824767, 825152, 825467, 825712, 825887, 825992, 826377, 826692, 826937, 827112, 827217, 827602, 827917, 828162, 828337, 828442, 828827, 829142, 829387, 829562, 829667, 830052, 830367, 830612, 830787, 830892, 831277, 831592, 831837, 832012, 832117, 832502, 832817, 833062, 833237, 833342, 833727, 834042, 834287, 834462, 834567, 834952, 835267, 835512, 835687, 835792, 836177, 836492, 836737, 836912, 837017, 837402, 837717, 837962, 838137, 838242, 838627, 838942, 839187, 839362, 839467, 839852, 840167, 840412, 840587, 840692, 841077, 841392, 841637, 841812, 841917, 842302, 842617, 842862, 843037, 843142, 843527, 843842, 844087, 844262, 844367, 844752, 845067, 845312, 845487, 845592, 845977, 846292, 846537, 846712, 846817, 847202, 847517, 847762, 847937, 848042, 848427, 848742, 848987, 849162, 849267, 849652, 849967, 850212, 850387, 850492, 850877, 851192, 851437, 851612, 851717, 852102, 852417, 852662, 852837, 852942, 853327, 853642, 853887, 854062, 854167, 854552, 854867, 855112, 855287, 855392, 855777, 856092, 856337, 856512, 856617, 857002, 857317, 857562, 857737, 857842, 858227, 858542, 858787, 858962, 859067, 859452, 859767, 860012, 860187, 860752, 861137, 861452, 861697, 861872, 861977, 862362, 862677, 862922, 863097, 863202, 863587, 863902, 864147, 864322, 864427, 864812, 865127, 865372, 865547, 865652, 866037, 866352, 866597, 866772, 866877, 867262, 867577, 867822, 867997, 868102, 868487, 868802, 869047, 869222, 869327, 869712, 870027, 870272, 870447, 870552, 870937, 871252, 871497, 871672, 871777, 872162, 872477, 872722, 872897, 873002, 873387, 873702, 873947, 874122, 874227, 874612, 874927, 875172, 875347, 875452, 875837, 876152, 876397, 876572, 876677, 877062, 877377, 877622, 877797, 877902, 878287, 878602, 878847, 879022, 879127, 879512, 879827, 880072, 880247, 880352, 880737, 881052, 881297, 881472, 881577, 881962, 882277, 882522, 882697, 882802, 883187, 883502, 883747, 883922, 884027, 884412, 884727, 884972, 885147, 885252, 885637, 885952, 886197, 886372, 886477, 886862, 887177, 887422, 887597, 887702, 888087, 888402, 888647, 888822, 888927, 889312, 889627, 889872, 890047, 893873, 893992, 894227, 894424, 894778, 895053, 895526, 895879, 896471, 896978, 897528, 898474, 899102, 900776, 900855, 901012, 901169, 901445, 901680, 902075, 902388, 902902, 903292, 903683, 904518, 904593, 904742, 904891, 905153, 905376, 905751, 906048, 906536, 906908, 908044, 908119, 908268, 908417, 908679, 908902, 909277, 909574, 910062, 910434, 911570, 911645, 911794, 911943, 912205, 912428, 912803, 913100, 913588, 913960, 915096, 915171, 915320, 915469, 915731, 915954, 916329, 916626, 917114, 917486, 918622, 919029, 919362, 919621, 919806, 919917, 920324, 920657, 920916, 921101, 921212, 921619, 921952, 922211, 922396, 922507, 922914, 923247, 923506, 923691, 923802, 924209, 924542, 924801, 924986, 925097, 925504, 925837, 926096, 926281, 926392, 926799, 927132, 927391, 927576, 927687, 928094, 928427, 928686, 928871, 928982, 929389, 929722, 929981, 930166, 930277, 930684, 931017, 931276, 931461, 931572, 931979, 932312, 932571, 932756, 932867, 933274, 933607, 933866, 934051, 934162, 934569, 934902, 935161, 935346, 935457, 935864, 936197, 936456, 936641, 936752, 937159, 937492, 937751, 937936, 938047, 938454, 938787, 939046, 939231, 939342, 939749, 940082, 940341, 940526, 940637, 941044, 941377, 941636, 941821, 941932, 942339, 942672, 942931, 943116, 943227, 943634, 943967, 944226, 944411, 944522, 944929, 945262, 945521, 945706, 945817, 946224, 946557, 946816, 947001, 947112, 947519, 947852, 948111, 948296, 948407, 948814, 949147, 949406, 949591, 949702, 950109, 950442, 950701, 950886, 950997, 951404, 951737, 951996, 952181, 952292, 952699, 953032, 953291, 953476, 953587, 953994, 954327, 954586, 954771, 954882, 955289, 955622, 955881, 956066, 956177, 956584, 956917, 957176, 957361, 957472, 957879, 958212, 958471, 958656, 958767, 959174, 959507, 959766, 959951, 960062, 960469, 960802, 961061, 961246, 961357, 961764, 962097, 962356, 962541, 962652, 963059, 963392, 963651, 963836, 963947, 964354, 964687, 964946, 965131, 965242, 965649, 965982, 966241, 966426, 966537, 966944, 967277, 967536, 967721, 967832, 968239, 968572, 968831, 969016, 969127, 969534, 969867, 970126, 970311, 970422, 970829, 971162, 971421, 971606, 971717, 972124, 972457, 972716, 972901, 973012, 973419, 973752, 974011, 974196, 974307, 974714, 975047, 975306, 975491, 975602, 976009, 976342, 976601, 976786, 976897, 977304, 977637, 977896, 978081, 978192, 978599, 978932, 979191, 979376, 979487, 979894, 980227, 980486, 980671, 980782, 981189, 981522, 981781, 981966, 982077, 982484, 982817, 983076, 983261, 983372, 983779, 984112, 984371, 984556, 984667, 985074, 985407, 985666, 985851, 985962, 986369, 986702, 986961, 987146, 987257, 987664, 987997, 988256, 988441, 988552, 988959, 989292, 989551, 989736, 989847, 990254, 990587, 990846, 991031, 991142, 991549, 991882, 992141, 992326, 992437, 992844, 993177, 993436, 993621, 993732, 994139, 994472, 994731, 994916, 995027, 995434, 995767, 996026, 996211, 996321, 996717, 997041, 997293, 997473, 997581, 997977, 998301, 998553, 998733, 998841, 999237, 999561, 999813, 999993, 1000101, 1000497, 1000821, 1001073, 1001253, 1001361, 1001757, 1002081, 1002333, 1002513, 1002621, 1003017, 1003341, 1003593, 1003773, 1003881, 1004277, 1004601, 1004853, 1005033, 1005141, 1005537, 1005861, 1006113, 1006293, 1006401, 1006797, 1007121, 1007373, 1007553, 1007661, 1008057, 1008381, 1008633, 1008813, 1008921, 1009317, 1009641, 1009893, 1010073, 1010181, 1010577, 1010901, 1011153, 1011333, 1011441, 1011837, 1012161, 1012413, 1012593, 1012701, 1013097, 1013421, 1013673, 1013853, 1013961, 1014357, 1014681, 1014933, 1015113, 1015221, 1015617, 1015941, 1016193, 1016373, 1016481, 1016877, 1017201, 1017453, 1017633, 1017741, 1018137, 1018461, 1018713, 1018893, 1019001, 1019397, 1019721, 1019973, 1020153, 1020261, 1020657, 1020981, 1021233, 1021413, 1021521, 1021917, 1022241, 1022493, 1022673, 1022781, 1023177, 1023501, 1023753, 1023933, 1024041, 1024437, 1024761, 1025013, 1025193, 1025301, 1025697, 1026021, 1026273, 1026453, 1026556, 1026650, 1026838, 1026994, 1027277, 1027495, 1027873, 1028153, 1028813, 1028907, 1029095, 1029251, 1029534, 1029752, 1030130, 1030410, 1031070, 1031164, 1031352, 1031508, 1031791, 1032009, 1032387, 1032667, 1033332, 1033728, 1034052, 1034304, 1034484, 1034592, 1034988, 1035312, 1035564, 1035744, 1035852, 1036248, 1036572, 1036824, 1037004, 1037112, 1037508, 1037832, 1038084, 1038264, 1038367, 1038646, 1038863, 1039018, 1039111, 1039390, 1039607, 1039762, 1039855, 1040134, 1040351, 1040506, 1040604, 1041000, 1041324, 1041576, 1041756, 1041864, 1042260, 1042584, 1042836, 1043016, 1043124, 1043520, 1043844, 1044096, 1044276, 1044384, 1044780, 1045104, 1045356, 1045536, 1045639, 1045918, 1046135, 1046290, 1046383, 1046662, 1046879, 1047034, 1047127, 1047406, 1047623, 1047778, 1047876, 1048272, 1048596, 1048848, 1049028, 1049136, 1049532, 1049856, 1050108, 1050288, 1050396, 1050792, 1051116, 1051368, 1051548, 1051656, 1052052, 1052376, 1052628, 1052808, 1052911, 1053190, 1053407, 1053562, 1053655, 1053934, 1054151, 1054306, 1054399, 1054678, 1054895, 1055050, 1055148, 1055544, 1055868, 1056120, 1056300, 1056408, 1056804, 1057128, 1057380, 1057560, 1057668, 1058064, 1058388, 1058640, 1058820, 1058928, 1059324, 1059648, 1059900, 1060080, 1060183, 1060462, 1060679, 1060834, 1060927, 1061206, 1061423, 1061578, 1061671, 1061950, 1062167, 1062322, 1062420, 1062816, 1063140, 1063392, 1063572, 1063680, 1064076, 1064400, 1064652, 1064832, 1064940, 1065336, 1065660, 1065912, 1066092, 1066200, 1066596, 1066920, 1067172, 1067352, 1067455, 1067734, 1067951, 1068106, 1068199, 1068478, 1068695, 1068850, 1068943, 1069222, 1069439, 1069594, 1069692, 1070088, 1070412, 1070664, 1070844, 1070952, 1071348, 1071672, 1071924, 1072104, 1072212, 1072608, 1072932, 1073184, 1073364, 1073472, 1073868, 1074192, 1074444, 1074624, 1074727, 1075006, 1075223, 1075378, 1075471, 1075750, 1075967, 1076122, 1076215, 1076494, 1076711, 1076866, 1076964, 1077360, 1077684, 1077936, 1078116, 1078224, 1078620, 1078944, 1079196, 1079376, 1079484, 1079880, 1080204, 1080456, 1080636, 1080744, 1081140, 1081464, 1081716, 1081896, 1081999, 1082278, 1082495, 1082650, 1082743, 1083022, 1083239, 1083394, 1083487, 1083766, 1083983, 1084138, 1084236, 1084632, 1084956, 1085208, 1085388, 1085496, 1085892, 1086216, 1086468, 1086648, 1086756, 1087152, 1087476, 1087728, 1087908, 1088016, 1088412, 1088736, 1088988, 1089168, 1089271, 1089550, 1089767, 1089922, 1090015, 1090294, 1090511, 1090666, 1090759, 1091038, 1091255, 1091410, 1091508, 1091904, 1092228, 1092480, 1092660, 1092768, 1093164, 1093488, 1093740, 1093920, 1094028, 1094424, 1094748, 1095000, 1095180, 1095288, 1095684, 1096008, 1096260, 1096440, 1096543, 1096822, 1097039, 1097194, 1097287, 1097566, 1097783, 1097938, 1098031, 1098310, 1098527, 1098682, 1098780, 1099176, 1099500, 1099752, 1099932, 1100040, 1100436, 1100760, 1101012, 1101192, 1101300, 1101696, 1102020, 1102272, 1102452, 1102560, 1102956, 1103280, 1103532, 1103712, 1103815, 1104094, 1104311, 1104466, 1104559, 1104838, 1105055, 1105210, 1105303, 1105582, 1105799, 1105954, 1106052, 1106448, 1106772, 1107024, 1107204, 1107312, 1107708, 1108032, 1108284, 1108464, 1108572, 1108968, 1109292, 1109544, 1109724, 1109832, 1110228, 1110552, 1110804, 1110984, 1111087, 1111366, 1111583, 1111738, 1111831, 1112110, 1112327, 1112482, 1112575, 1112854, 1113071, 1113226, 1113324, 1113720, 1114044, 1114296, 1114476, 1114584, 1114980, 1115304, 1115556, 1115736, 1115844, 1116240, 1116564, 1116816, 1116996, 1117104, 1117500, 1117824, 1118076, 1118256, 1118359, 1118638, 1118855, 1119010, 1119103, 1119382, 1119599, 1119754, 1119847, 1120126, 1120343, 1120498, 1120596, 1120992, 1121316, 1121568, 1121748, 1121856, 1122252, 1122576, 1122828, 1123008, 1123116, 1123512, 1123836, 1124088, 1124268, 1124376, 1124772, 1125096, 1125348, 1125528, 1125631, 1125910, 1126127, 1126282, 1126375, 1126654, 1126871, 1127026, 1127119, 1127398, 1127615, 1127770, 1127868, 1128264, 1128588, 1128840, 1129020, 1129128, 1129524, 1129848, 1130100, 1130280, 1130388, 1130784, 1131108, 1131360, 1131540, 1131648, 1132044, 1132368, 1132620, 1132800, 1132903, 1133182, 1133399, 1133554, 1133647, 1133926, 1134143, 1134298, 1134391, 1134670, 1134887, 1135042, 1135140, 1135536, 1135860, 1136112, 1136292, 1136400, 1136796, 1137120, 1137372, 1137552, 1137660, 1138056, 1138380, 1138632, 1138812, 1138920, 1139316, 1139640, 1139892, 1140072, 1140175, 1140454, 1140671, 1140826, 1140919, 1141198, 1141415, 1141570, 1141663, 1141942, 1142159, 1142314, 1142412, 1142808, 1143132, 1143384, 1143564, 1143672, 1144068, 1144392, 1144644, 1144824, 1144932, 1145328, 1145652, 1145904, 1146084, 1146192, 1146588, 1146912, 1147164, 1147344, 1147447, 1147726, 1147943, 1148098, 1148191, 1148470, 1148687, 1148842, 1148935, 1149214, 1149431, 1149586, 1149684, 1150080, 1150404, 1150656, 1150836, 1150944, 1151340, 1151664, 1151916, 1152096, 1152204, 1152600, 1152924, 1153176, 1153356, 1153464, 1153860, 1154184, 1154436, 1154616, 1154719, 1154998, 1155215, 1155370, 1155463, 1155742, 1155959, 1156114, 1156207, 1156486, 1156703, 1156858, 1156956, 1157352, 1157676, 1157928, 1158108, 1158216, 1158612, 1158936, 1159188, 1159368, 1159476, 1159872, 1160196, 1160448, 1160628, 1160736, 1161132, 1161456, 1161708, 1161888, 1161991, 1162270, 1162487, 1162642, 1162735, 1163014, 1163231, 1163386, 1163479, 1163758, 1163975, 1164130, 1164228, 1164624, 1164948, 1165200, 1165380, 1165488, 1165884, 1166208, 1166460, 1166640, 1166748, 1167144, 1167468, 1167720, 1167900, 1168008, 1168404, 1168728, 1168980, 1169160, 1169263, 1169542, 1169759, 1169914, 1170007, 1170286, 1170503, 1170658, 1170751, 1171030, 1171247, 1171402, 1171500, 1171896, 1172220, 1172472, 1172652, 1172760, 1173156, 1173480, 1173732, 1173912, 1174020, 1174416, 1174740, 1174992, 1175172, 1175280, 1175676, 1176000, 1176252, 1176432, 1176535, 1176814, 1177031, 1177186, 1177279, 1177558, 1177775, 1177930, 1178023, 1178302, 1178519, 1178674, 1183420, 1183536, 1183765, 1183957, 1184302, 1184570, 1185031, 1185375, 1185952, 1186446, 1186982, 1187904, 1188516, 1190214, 1190291, 1190444, 1190597, 1190866, 1191095, 1191480, 1191785, 1192286, 1192666, 1193047, 1193867, 1193942, 1194091, 1194240, 1194502, 1194725, 1195100, 1195397, 1195885, 1196257, 1198005, 1198412, 1198745, 1199004, 1199189, 1199301, 1199378, 1199531, 1199684, 1199953, 1200182, 1200567, 1200872, 1201373, 1201755, 1203527, 1203604, 1203757, 1203910, 1204179, 1204408, 1204793, 1205098, 1205599, 1205981, 1207752, 1208159, 1208492, 1208751, 1208936, 1209047, 1209454, 1209787, 1210046, 1210231, 1210342, 1210749, 1211082, 1211341, 1211526, 1211638, 1212056, 1212398, 1212664, 1212854, 1212967, 1213374, 1213707, 1213966, 1214151, 1214262, 1214669, 1215002, 1215261, 1215446, 1215557, 1215964, 1216297, 1216556, 1216741, 1216852, 1217259, 1217592, 1217851, 1218036, 1218147, 1218554, 1218887, 1219146, 1219331, 1219442, 1219849, 1220182, 1220441, 1220626, 1220737, 1221144, 1221477, 1221736, 1221921, 1222032, 1222439, 1222772, 1223031, 1223216, 1223327, 1223734, 1224067, 1224326, 1224511, 1224623, 1225041, 1225383, 1225649, 1225839, 1225952, 1226359, 1226692, 1226951, 1227136, 1227247, 1227654, 1227987, 1228246, 1228431, 1228542, 1228949, 1229282, 1229541, 1229726, 1229838, 1230256, 1230598, 1230864, 1231054, 1231168, 1231586, 1231928, 1232194, 1232384, 1232497, 1232904, 1233237, 1233496, 1233681, 1237421, 1237537, 1237766, 1237958, 1238303, 1238571, 1239032, 1239376, 1239953, 1240447, 1240983, 1241905, 1242517, 1244215, 1244292, 1244445, 1244598, 1244867, 1245096, 1245481, 1245786, 1246287, 1246667, 1247048, 1247868, 1247943, 1248092, 1248241, 1248503, 1248726, 1249101, 1249398, 1249886, 1250258, 1252006, 1252413, 1252746, 1253005, 1253190, 1253301, 1253708, 1254041, 1254300, 1254485, 1254596, 1255003, 1255336, 1255595, 1255780, 1255891, 1256298, 1256631, 1256890, 1257075, 1257186, 1257593, 1257926, 1258185, 1258370, 1261840, 1261956, 1262185, 1262377, 1262722, 1262990, 1263451, 1263795, 1264372, 1264866, 1265402, 1266324, 1266936, 1268584, 1268661, 1268814, 1268967, 1269236, 1269465, 1269850, 1270155, 1270656, 1271036, 1271417, 1272236, 1272309, 1272454, 1272599, 1272854, 1273071, 1273436, 1273725, 1274200, 1274562, 1276286, 1276682, 1277006, 1277258, 1277438, 1277546, 1277619, 1277764, 1277909, 1278164, 1278381, 1278746, 1279035, 1279510, 1279872, 1281596, 1281992, 1282316, 1282568, 1282748, 1282856, 1283252, 1283576, 1283828, 1284008, 1284116, 1284512, 1284836, 1285088, 1285268, 1285376, 1285772, 1286096, 1286348, 1286528, 1286636, 1287032, 1287356, 1287608, 1287788, 1291420, 1291536, 1291765, 1291957, 1292302, 1292570, 1293031, 1293375, 1293952, 1294446, 1294982, 1295904, 1296516, 1298214, 1298291, 1298444, 1298597, 1298866, 1299095, 1299480, 1299785, 1300286, 1300666, 1301047, 1301867, 1301942, 1302091, 1302240, 1302502, 1302725, 1303100, 1303397, 1303885, 1304257, 1309412, 1309528, 1309757, 1309949, 1310294, 1310562, 1311023, 1311367, 1311944, 1312438, 1312974, 1313896, 1314508, 1316156, 1316233, 1316386, 1316539, 1316808, 1317037, 1317422, 1317727, 1318228, 1318608, 1318989, 1319810, 1319887, 1320040, 1320193, 1320462, 1320691, 1321076, 1321381, 1321882, 1322264, 1324035, 1324442, 1324775, 1325034, 1325219, 1325330, 1325737, 1326070, 1326329, 1326514, 1326626, 1327044, 1327386, 1327652, 1327842, 1331410, 1331526, 1331755, 1331947, 1332292, 1332560, 1333021, 1333365, 1333942, 1334436, 1334972, 1335894, 1336506, 1338154, 1338231, 1338384, 1338537, 1338806, 1339035, 1339420, 1339725, 1340226, 1340606, 1340987, 1341807, 1341882, 1342031, 1342180, 1342442, 1342665, 1343040, 1343337, 1343825, 1344197, 1345333, 1345740, 1346073, 1346332, 1346517, 1346628, 1347035, 1347368, 1347627, 1347812, 1351014, 1351130, 1351359, 1351551, 1351896, 1352164, 1352625, 1352969, 1353546, 1354040, 1354576, 1355498, 1356110, 1357758, 1357835, 1357988, 1358141, 1358410, 1358639, 1359024, 1359329, 1359830, 1360210, 1360591, 1361410, 1361483, 1361628, 1361773, 1362028, 1362245, 1362610, 1362899, 1363374, 1363736, 1365460, 1365856, 1366180, 1366432, 1366612, 1366720, 1367116, 1367440, 1367692, 1367872, 1367980, 1368376, 1368700, 1368952, 1369132, 1369240, 1369313, 1369458, 1369603, 1369858, 1370075, 1370440, 1370729, 1371204, 1371566, 1373290, 1373686, 1374010, 1374262, 1374442, 1374550, 1374946, 1375270, 1375522, 1375702, 1375810, 1376206, 1376530, 1376782, 1376962, 1377070, 1377466, 1377790, 1378042, 1378222, 1378330, 1378726, 1379050, 1379302, 1379482, 1379590, 1379986, 1380310, 1380562, 1380742, 1380850, 1381246, 1381570, 1381822, 1382002, 1382110, 1382506, 1382830, 1383082, 1383262, 1383370, 1383766, 1384090, 1384342, 1384522, 1384630, 1385026, 1385350, 1385602, 1385782, 1385890, 1386286, 1386610, 1386862, 1387042, 1387150, 1387546, 1387870, 1388122, 1388302, 1388410, 1388806, 1389130, 1389382, 1389562, 1389670, 1390066, 1390390, 1390642, 1390822, 1390930, 1391326, 1391650, 1391902, 1392082, 1392190, 1392586, 1392910, 1393162, 1393342, 1396704, 1396820, 1397049, 1397241, 1397586, 1397854, 1398315, 1398659, 1399236, 1399730, 1400266, 1401188, 1401800, 1403448, 1403525, 1403678, 1403831, 1404100, 1404329, 1404714, 1405019, 1405520, 1405900, 1406281, 1407101, 1407176, 1407325, 1407474, 1407736, 1407959, 1408334, 1408631, 1409119, 1409491, 1410627, 1411034, 1411367, 1411626, 1411811, 1411982, 1412389, 1412722, 1412981, 1413166, 1416522, 1416638, 1416867, 1417059, 1417404, 1417672, 1418133, 1418477, 1419054, 1419548, 1420084, 1421006, 1421618, 1423266, 1423343, 1423496, 1423649, 1423918, 1424147, 1424532, 1424837, 1425338, 1425718, 1426099, 1426916, 1426985, 1427122, 1427259, 1427500, 1427705, 1428050, 1428323, 1428772, 1429114, 1430178, 1430552, 1430858, 1431096, 1431266, 1431367, 1431730, 1432027, 1432258, 1432423, 1432523, 1432897, 1433203, 1433441, 1433611, 1433712, 1434075, 1434372, 1434603, 1434768]"
"('Description.java', 'org.junit.runner.Description', 'methodAndClassNamePatternGroupOrDefault', '([\\s\\S]*)\\((.*)\\)', 'testEncode(com.salesforce.phoenix.util.MetaDataUtilTest)')","[15700, 53858]"
"('Description.java', 'org.junit.runner.Description', 'methodAndClassNamePatternGroupOrDefault', '([\\s\\S]*)\\((.*)\\)', 'testRoundingUpTime(com.salesforce.phoenix.end2end.RoundFloorCeilFunctionsEnd2EndTest)')","[35576, 73108]"
"('Description.java', 'org.junit.runner.Description', 'methodAndClassNamePatternGroupOrDefault', '([\\s\\S]*)\\((.*)\\)', 'testScanByByteValue[CREATE INDEX ATABLE_IDX ON aTable (a_integer, a_string) INCLUDE (    B_STRING,     A_DATE)](com.salesforce.phoenix.end2end.QueryTest)')","[8246, 46677]"
"('Description.java', 'org.junit.runner.Description', 'methodAndClassNamePatternGroupOrDefault', '([\\s\\S]*)\\((.*)\\)', 'testScan[CREATE INDEX ATABLE_IDX ON aTable (a_integer, a_string) INCLUDE (    B_STRING,     A_DATE)](com.salesforce.phoenix.end2end.QueryTest)')","[7211, 45642]"
"('Description.java', 'org.junit.runner.Description', 'methodAndClassNamePatternGroupOrDefault', '([\\s\\S]*)\\((.*)\\)', 'testTrimFunction(com.salesforce.phoenix.end2end.VariableLengthPKTest)')","[31652, 69236]"
"('Description.java', 'org.junit.runner.Description', 'methodAndClassNamePatternGroupOrDefault', '([\\s\\S]*)\\((.*)\\)', 'testJoinWithSkipMergeOptimization[[Ljava.lang.String;@26a6d290](com.salesforce.phoenix.end2end.HashJoinTest)')","[14377, 52726]"
"('Description.java', 'org.junit.runner.Description', 'methodAndClassNamePatternGroupOrDefault', '([\\s\\S]*)\\((.*)\\)', 'testAvgUngroupedAggregation(com.salesforce.phoenix.end2end.ProductMetricsTest)')","[33574, 71150]"
"('Description.java', 'org.junit.runner.Description', 'methodAndClassNamePatternGroupOrDefault', '([\\s\\S]*)\\((.*)\\)', 'testInListWithAnd1Filter(com.salesforce.phoenix.compile.WhereClauseCompileTest)')","[23562, 61756]"
"('Description.java', 'org.junit.runner.Description', 'methodAndClassNamePatternGroupOrDefault', '([\\s\\S]*)\\((.*)\\)', 'testSmallIntDivideExpression[CREATE INDEX ATABLE_IDX ON aTable (a_integer) INCLUDE (    A_STRING,     B_STRING,     A_DATE)](com.salesforce.phoenix.end2end.QueryTest)')","[10084, 48494]"
"('Description.java', 'org.junit.runner.Description', 'methodAndClassNamePatternGroupOrDefault', '([\\s\\S]*)\\((.*)\\)', 'testForVarCharArrayForOddNumberWithIndex(com.salesforce.phoenix.schema.PDataTypeForArraysTest)')","[37490, 74934]"
"('Description.java', 'org.junit.runner.Description', 'methodAndClassNamePatternGroupOrDefault', '([\\s\\S]*)\\((.*)\\)', 'testNoKVColumn(com.salesforce.phoenix.end2end.VariableLengthPKTest)')","[31715, 69302]"
"('Description.java', 'org.junit.runner.Description', 'methodAndClassNamePatternGroupOrDefault', '([\\s\\S]*)\\((.*)\\)', 'testPointInTimeUngroupedLimitedAggregation[CREATE INDEX ATABLE_IDX ON aTable (a_integer, a_string) INCLUDE (    B_STRING,     A_DATE)](com.salesforce.phoenix.end2end.QueryTest)')","[8223, 46654]"
"('Description.java', 'org.junit.runner.Description', 'methodAndClassNamePatternGroupOrDefault', '([\\s\\S]*)\\((.*)\\)', 'testNoPK(com.salesforce.phoenix.compile.QueryCompileTest)')","[21926, 60062]"
"('Description.java', 'org.junit.runner.Description', 'methodAndClassNamePatternGroupOrDefault', '([\\s\\S]*)\\((.*)\\)', 'testBasicRangeExpression(com.salesforce.phoenix.compile.WhereClauseOptimizerTest)')","[19540, 57642]"
"('Description.java', 'org.junit.runner.Description', 'methodAndClassNamePatternGroupOrDefault', '([\\s\\S]*)\\((.*)\\)', 'testArrayIndexUsedInWhereClause(com.salesforce.phoenix.end2end.ArrayTest)')","[25535, 63604]"
"('KerberosName.java', 'org.apache.hadoop.security.KerberosName', '<init>', '([^/@]*)(/([^/@]*))?@([^/@]*)', 'pwang7.hfs.9')","[1349326, 1349466]"
"('Description.java', 'org.junit.runner.Description', 'methodAndClassNamePatternGroupOrDefault', '([\\s\\S]*)\\((.*)\\)', 'testTopNDeleteAutoCommitOff(com.salesforce.phoenix.end2end.TopNTest)')","[25245, 63340]"
"('Description.java', 'org.junit.runner.Description', 'methodAndClassNamePatternGroupOrDefault', '([\\s\\S]*)\\((.*)\\)', 'testRowValueConstructorOnRHSWithBuiltInFunctionOperatingOnIntegerLiteralOnLHS(com.salesforce.phoenix.end2end.RowValueConstructorTest)')","[24371, 62504]"
"('Description.java', 'org.junit.runner.Description', 'methodAndClassNamePatternGroupOrDefault', '([\\s\\S]*)\\((.*)\\)', '[[[b, [c - d]], [1, [2 - 3]], [B, [C - D]]] null]')",[1723]
"('Description.java', 'org.junit.runner.Description', 'methodAndClassNamePatternGroupOrDefault', '([\\s\\S]*)\\((.*)\\)', 'test[ScanRanges[[[(b - c]]]] [ba - bb]](com.salesforce.phoenix.compile.ScanRangesTest)')","[2337, 41709]"
"('Description.java', 'org.junit.runner.Description', 'methodAndClassNamePatternGroupOrDefault', '([\\s\\S]*)\\((.*)\\)', 'testPointInTimeUngroupedLimitedAggregation[CREATE INDEX ATABLE_IDX ON aTable (a_integer) INCLUDE (    A_STRING,     B_STRING,     A_DATE)](com.salesforce.phoenix.end2end.QueryTest)')","[10705, 49115]"
"('Description.java', 'org.junit.runner.Description', 'methodAndClassNamePatternGroupOrDefault', '([\\s\\S]*)\\((.*)\\)', '[ScanRanges[[[a], [1], [[F - H)]]] [[a1E - a1F), [a1F - a1G), [a1G - a1H), [a1H - a1I)]]')",[4093]
"('Description.java', 'org.junit.runner.Description', 'methodAndClassNamePatternGroupOrDefault', '([\\s\\S]*)\\((.*)\\)', 'testSelfJoin[[Ljava.lang.String;@1249ffc3](com.salesforce.phoenix.end2end.HashJoinTest)')","[15088, 53416]"
"('Description.java', 'org.junit.runner.Description', 'methodAndClassNamePatternGroupOrDefault', '([\\s\\S]*)\\((.*)\\)', 'testNonAggColInHaving(com.salesforce.phoenix.compile.HavingClauseTest)')","[21613, 59754]"
"('Description.java', 'org.junit.runner.Description', 'methodAndClassNamePatternGroupOrDefault', '([\\s\\S]*)\\((.*)\\)', 'testTernarySubtractionExpression[](com.salesforce.phoenix.end2end.QueryTest)')","[12267, 50656]"
"('Description.java', 'org.junit.runner.Description', 'methodAndClassNamePatternGroupOrDefault', '([\\s\\S]*)\\((.*)\\)', 'testNotContiguousPkColumn(com.salesforce.phoenix.compile.WhereClauseOptimizerTest)')","[20653, 58808]"
"('StoreFile.java', 'org.apache.hadoop.hbase.regionserver.StoreFile', 'isHFile', '^([0-9a-f]+(?:_SeqId_[0-9]+_)?)', '80a65c44fcdf41e781bf38f2ff1b5c1f')","[1179637, 1179690]"
"('Description.java', 'org.junit.runner.Description', 'methodAndClassNamePatternGroupOrDefault', '([\\s\\S]*)\\((.*)\\)', 'testNotEqualsBySmallInt[CREATE INDEX ATABLE_IDX ON aTable (a_integer) INCLUDE (    A_STRING,     B_STRING,     A_DATE)](com.salesforce.phoenix.end2end.QueryTest)')","[9992, 48402]"
"('Description.java', 'org.junit.runner.Description', 'methodAndClassNamePatternGroupOrDefault', '([\\s\\S]*)\\((.*)\\)', 'stringConcat(com.salesforce.phoenix.expression.DescColumnSortOrderExpressionTest)')","[17414, 55574]"
"('StoreFile.java', 'org.apache.hadoop.hbase.regionserver.StoreFile', 'isHFile', '^([0-9a-f]+(?:_SeqId_[0-9]+_)?)', '2a790e22c4564ba2b3d89284ff22295c')","[1260158, 1260220, 1260344]"
"('Description.java', 'org.junit.runner.Description', 'methodAndClassNamePatternGroupOrDefault', '([\\s\\S]*)\\((.*)\\)', 'compareNumbers(com.salesforce.phoenix.expression.DescColumnSortOrderExpressionTest)')","[17246, 55398]"
"('Description.java', 'org.junit.runner.Description', 'methodAndClassNamePatternGroupOrDefault', '([\\s\\S]*)\\((.*)\\)', 'testGroupedAggregation[CREATE INDEX ATABLE_IDX ON aTable (a_integer) INCLUDE (    A_STRING,     B_STRING,     A_DATE)](com.salesforce.phoenix.end2end.QueryTest)')","[10245, 48655]"
"('LikeExpression.java', 'com.salesforce.phoenix.expression.LikeExpression', 'evaluate', '\\Q00A2\\E.*\\Q\\E', '00Av9')",[1411945]
"('Description.java', 'org.junit.runner.Description', 'methodAndClassNamePatternGroupOrDefault', '([\\s\\S]*)\\((.*)\\)', 'testSimpleDeletes(com.salesforce.hbase.index.covered.example.TestEndToEndCoveredIndexing)')","[39413, 76650]"
"('Description.java', 'org.junit.runner.Description', 'methodAndClassNamePatternGroupOrDefault', '([\\s\\S]*)\\((.*)\\)', 'testRowValueConstructorOnLHSBuiltInFunctionOperatingOnIntegerLiteralRHS(com.salesforce.phoenix.end2end.RowValueConstructorTest)')","[24749, 62900]"
"('HFileLink.java', 'org.apache.hadoop.hbase.io.HFileLink', 'isHFileLink', '^((?:[a-zA-Z_0-9][a-zA-Z_0-9.-]*))=((?:[a-f0-9]+))-([0-9a-f]+(?:_SeqId_[0-9]+_)?)$', '0a351bf9e72044fcbe50dd3dd3e84ba3')","[286864, 286920, 287480, 287507]"
"('Description.java', 'org.junit.runner.Description', 'methodAndClassNamePatternGroupOrDefault', '([\\s\\S]*)\\((.*)\\)', 'testNonKeyFilterWithIntegerValue(com.salesforce.phoenix.end2end.ToNumberFunctionTest)')","[34683, 72272]"
"('Description.java', 'org.junit.runner.Description', 'methodAndClassNamePatternGroupOrDefault', '([\\s\\S]*)\\((.*)\\)', 'testDateInList[CREATE INDEX ATABLE_IDX ON aTable (a_integer) INCLUDE (    A_STRING,     B_STRING,     A_DATE)](com.salesforce.phoenix.end2end.QueryTest)')","[10015, 48425]"
"('Description.java', 'org.junit.runner.Description', 'methodAndClassNamePatternGroupOrDefault', '([\\s\\S]*)\\((.*)\\)', 'com.salesforce.phoenix.end2end.DescColumnSortOrderTest')",[28778]
"('StoreFile.java', 'org.apache.hadoop.hbase.regionserver.StoreFile', 'isHFile', '^([0-9a-f]+(?:_SeqId_[0-9]+_)?)', '3f0511abc8e044dfa83e3cca94e09c4d')","[1328183, 1328236]"
"('Description.java', 'org.junit.runner.Description', 'methodAndClassNamePatternGroupOrDefault', '([\\s\\S]*)\\((.*)\\)', 'length(com.salesforce.phoenix.expression.DescColumnSortOrderExpressionTest)')","[17309, 55464]"
"('Description.java', 'org.junit.runner.Description', 'methodAndClassNamePatternGroupOrDefault', '([\\s\\S]*)\\((.*)\\)', '[ScanRanges[[[a], [1], [[A - B]]]] [a3A - *)]')",[3678]
"('Description.java', 'org.junit.runner.Description', 'methodAndClassNamePatternGroupOrDefault', '([\\s\\S]*)\\((.*)\\)', 'testCompositeDescRowKeyVarFixedDescSaltedIndex(com.salesforce.phoenix.index.IndexMaintainerTest)')","[15950, 54100]"
"('HTableDescriptor.java', 'org.apache.hadoop.hbase.HTableDescriptor', 'addCoprocessor', '^coprocessor\\$([0-9]+)$', 'coprocessor$3')","[82678, 84564, 86257, 89183, 90597, 92735, 93968, 109806, 111692, 113385, 116276, 117690, 119867, 121134, 124069, 896276, 898162, 899855, 902746, 904160, 906388, 907689, 909914, 911215, 913440, 914741, 916966, 918267, 1028471, 1030728, 1032985, 1185762, 1187600, 1189250, 1192134, 1193512, 1195737, 1197038, 1201221, 1202556, 1205447, 1206782, 1239763, 1241601, 1243251, 1246135, 1247513, 1249738, 1251039, 1264182, 1266020, 1267670, 1270504, 1271882, 1274056, 1275323, 1279366, 1280633, 1293762, 1295600, 1297250, 1300134, 1301512, 1303737, 1305038, 1311754, 1313592, 1315242, 1318076, 1319454, 1321730, 1323065, 1333752, 1335590, 1337240, 1340074, 1341452, 1343677, 1344978, 1353356, 1355194, 1356844, 1359678, 1361056, 1363230, 1364497, 1371060, 1372327, 1399046, 1400884, 1402534, 1405368, 1406746, 1408971, 1410272, 1418864, 1420702, 1422352, 1425186, 1426564, 1428636, 1429835]"
"('StoreFile.java', 'org.apache.hadoop.hbase.regionserver.StoreFile', 'isReference', '^([0-9a-f]+(?:_SeqId_[0-9]+_)?|(?:[a-zA-Z_0-9][a-zA-Z_0-9.-]*)=(?:[a-f0-9]+)-[0-9a-f]+(?:_SeqId_[0-9]+_)?)\\.(.+)$', '0d185660e29d4f8ea190fe3dc409553f')","[1348134, 1348187]"
"('Description.java', 'org.junit.runner.Description', 'methodAndClassNamePatternGroupOrDefault', '([\\s\\S]*)\\((.*)\\)', 'testDynamicFamilyException(com.salesforce.phoenix.end2end.DynamicFamilyTest)')","[31339, 68928]"
"('Description.java', 'org.junit.runner.Description', 'methodAndClassNamePatternGroupOrDefault', '([\\s\\S]*)\\((.*)\\)', 'testMultiOrderByExpr(com.salesforce.phoenix.end2end.TopNTest)')","[25287, 63384]"
"('Description.java', 'org.junit.runner.Description', 'methodAndClassNamePatternGroupOrDefault', '([\\s\\S]*)\\((.*)\\)', 'testChooseIndexFromOrderByDesc(com.salesforce.phoenix.compile.QueryOptimizerTest)')","[19059, 57158]"
"('Description.java', 'org.junit.runner.Description', 'methodAndClassNamePatternGroupOrDefault', '([\\s\\S]*)\\((.*)\\)', 'testDecimalFilter(com.salesforce.phoenix.end2end.ToCharFunctionTest)')","[35244, 72800]"
"('Description.java', 'org.junit.runner.Description', 'methodAndClassNamePatternGroupOrDefault', '([\\s\\S]*)\\((.*)\\)', 'testScanByUnsigned_DoubleValue[](com.salesforce.phoenix.end2end.QueryTest)')","[11945, 50334]"
"('Description.java', 'org.junit.runner.Description', 'methodAndClassNamePatternGroupOrDefault', '([\\s\\S]*)\\((.*)\\)', 'testIsNull[](com.salesforce.phoenix.end2end.QueryTest)')","[13601, 51990]"
"('Description.java', 'org.junit.runner.Description', 'methodAndClassNamePatternGroupOrDefault', '([\\s\\S]*)\\((.*)\\)', 'testTopLevelOrKeyExpression(com.salesforce.phoenix.compile.WhereClauseOptimizerTest)')","[19561, 57664]"
"('Description.java', 'org.junit.runner.Description', 'methodAndClassNamePatternGroupOrDefault', '([\\s\\S]*)\\((.*)\\)', 'testLongSubtractionExpression[CREATE INDEX ATABLE_IDX ON aTable (a_integer) INCLUDE (    A_STRING,     B_STRING,     A_DATE)](com.salesforce.phoenix.end2end.QueryTest)')","[10981, 49391]"
"('StoreFile.java', 'org.apache.hadoop.hbase.regionserver.StoreFile', 'getReferredToFile', '^([0-9a-f]+(?:_SeqId_[0-9]+_)?|(?:[a-zA-Z_0-9][a-zA-Z_0-9.-]*)=(?:[a-f0-9]+)-[0-9a-f]+(?:_SeqId_[0-9]+_)?)\\.(.+)$', '33122f4c6b7245c7bb4bbec12529e09f.cf1c0335939d5e6a9a075c5f1f63aff1')",[499474]
"('Description.java', 'org.junit.runner.Description', 'methodAndClassNamePatternGroupOrDefault', '([\\s\\S]*)\\((.*)\\)', 'testScanWithNonFixedWidthArrayInSelectClause(com.salesforce.phoenix.end2end.ArrayTest)')","[25661, 63736]"
"('Description.java', 'org.junit.runner.Description', 'methodAndClassNamePatternGroupOrDefault', '([\\s\\S]*)\\((.*)\\)', 'testScanByArrayValue(com.salesforce.phoenix.end2end.ArrayTest)')","[25766, 63846]"
"('StoreFile.java', 'org.apache.hadoop.hbase.regionserver.StoreFile', 'isReference', '^([0-9a-f]+(?:_SeqId_[0-9]+_)?|(?:[a-zA-Z_0-9][a-zA-Z_0-9.-]*)=(?:[a-f0-9]+)-[0-9a-f]+(?:_SeqId_[0-9]+_)?)\\.(.+)$', '3f0511abc8e044dfa83e3cca94e09c4d')","[1328166, 1328219]"
"('Description.java', 'org.junit.runner.Description', 'methodAndClassNamePatternGroupOrDefault', '([\\s\\S]*)\\((.*)\\)', 'testUnboundRangeScan1[CREATE INDEX ATABLE_IDX ON aTable (a_integer) INCLUDE (    A_STRING,     B_STRING,     A_DATE)](com.salesforce.phoenix.end2end.QueryTest)')","[10521, 48931]"
"('Description.java', 'org.junit.runner.Description', 'methodAndClassNamePatternGroupOrDefault', '([\\s\\S]*)\\((.*)\\)', 'testBaseTableWrongFormatWithNoTenantTypeId(com.salesforce.phoenix.end2end.TenantSpecificTablesDDLTest)')","[36286, 73812]"
"('Description.java', 'org.junit.runner.Description', 'methodAndClassNamePatternGroupOrDefault', '([\\s\\S]*)\\((.*)\\)', 'testNewerTableDisallowed(com.salesforce.phoenix.end2end.QueryDatabaseMetaDataTest)')","[27607, 65496]"
"('Description.java', 'org.junit.runner.Description', 'methodAndClassNamePatternGroupOrDefault', '([\\s\\S]*)\\((.*)\\)', 'testDeleteFilterNoAutoCommit(com.salesforce.phoenix.end2end.DeleteTest)')","[32612, 70182]"
"('Description.java', 'org.junit.runner.Description', 'methodAndClassNamePatternGroupOrDefault', '([\\s\\S]*)\\((.*)\\)', 'com.salesforce.phoenix.end2end.TenantSpecificTablesDMLTest')",[30797]
"('StoreFile.java', 'org.apache.hadoop.hbase.regionserver.StoreFile', 'isReference', '^([0-9a-f]+(?:_SeqId_[0-9]+_)?|(?:[a-zA-Z_0-9][a-zA-Z_0-9.-]*)=(?:[a-f0-9]+)-[0-9a-f]+(?:_SeqId_[0-9]+_)?)\\.(.+)$', 'a15c1ff147654ebc980d46346ae021e6')","[1413382, 1413488]"
"('StoreFile.java', 'org.apache.hadoop.hbase.regionserver.StoreFile', 'isReference', '^([0-9a-f]+(?:_SeqId_[0-9]+_)?|(?:[a-zA-Z_0-9][a-zA-Z_0-9.-]*)=(?:[a-f0-9]+)-[0-9a-f]+(?:_SeqId_[0-9]+_)?)\\.(.+)$', '1603ce771c144434b5479203f054e59f')","[105658, 105720, 105843]"
"('Description.java', 'org.junit.runner.Description', 'methodAndClassNamePatternGroupOrDefault', '([\\s\\S]*)\\((.*)\\)', 'testParsePreQuery4(com.salesforce.phoenix.parse.QueryParserTest)')","[16284, 54430]"
"('Description.java', 'org.junit.runner.Description', 'methodAndClassNamePatternGroupOrDefault', '([\\s\\S]*)\\((.*)\\)', 'testMutableTableIndexMaintanenceUnsalted(com.salesforce.phoenix.end2end.index.MutableSaltedIndexTest)')","[27811, 65650]"
"('Description.java', 'org.junit.runner.Description', 'methodAndClassNamePatternGroupOrDefault', '([\\s\\S]*)\\((.*)\\)', 'testCreateOnExistingTable(com.salesforce.phoenix.end2end.QueryDatabaseMetaDataTest)')","[27481, 65364]"
"('Description.java', 'org.junit.runner.Description', 'methodAndClassNamePatternGroupOrDefault', '([\\s\\S]*)\\((.*)\\)', 'testBadDecimalDef(com.salesforce.phoenix.parse.QueryParserTest)')","[16515, 54672]"
"('Description.java', 'org.junit.runner.Description', 'methodAndClassNamePatternGroupOrDefault', '([\\s\\S]*)\\((.*)\\)', 'testDeleteAllFromTableWithIndexAutoCommitSalting(com.salesforce.phoenix.end2end.DeleteTest)')","[32822, 70402]"
"('Description.java', 'org.junit.runner.Description', 'methodAndClassNamePatternGroupOrDefault', '([\\s\\S]*)\\((.*)\\)', 'com.salesforce.phoenix.end2end.index.MutableSaltedIndexTest')",[27790]
"('Description.java', 'org.junit.runner.Description', 'methodAndClassNamePatternGroupOrDefault', '([\\s\\S]*)\\((.*)\\)', 'testDropPKColumn(com.salesforce.phoenix.end2end.QueryDatabaseMetaDataTest)')","[27418, 65298]"
"('Description.java', 'org.junit.runner.Description', 'methodAndClassNamePatternGroupOrDefault', '([\\s\\S]*)\\((.*)\\)', 'testNotEqualsByUnsignedDouble[CREATE INDEX ATABLE_IDX ON aTable (a_integer, a_string) INCLUDE (    B_STRING,     A_DATE)](com.salesforce.phoenix.end2end.QueryTest)')","[7832, 46263]"
"('Description.java', 'org.junit.runner.Description', 'methodAndClassNamePatternGroupOrDefault', '([\\s\\S]*)\\((.*)\\)', 'com.salesforce.phoenix.end2end.CompareDecimalToLongTest')",[26195]
"('Description.java', 'org.junit.runner.Description', 'methodAndClassNamePatternGroupOrDefault', '([\\s\\S]*)\\((.*)\\)', 'testCoerceLongToDecimal1[CREATE INDEX ATABLE_IDX ON aTable (a_integer, a_string) INCLUDE (    B_STRING,     A_DATE)](com.salesforce.phoenix.end2end.QueryTest)')","[7395, 45826]"
"('Description.java', 'org.junit.runner.Description', 'methodAndClassNamePatternGroupOrDefault', '([\\s\\S]*)\\((.*)\\)', 'testValidStringConcatExpression[CREATE INDEX ATABLE_IDX ON aTable (a_integer, a_string) INCLUDE (    B_STRING,     A_DATE)](com.salesforce.phoenix.end2end.QueryTest)')","[7648, 46079]"
"('Description.java', 'org.junit.runner.Description', 'methodAndClassNamePatternGroupOrDefault', '([\\s\\S]*)\\((.*)\\)', 'testNotAccept(com.salesforce.phoenix.jdbc.PhoenixEmbeddedDriverTest)')","[18036, 56146]"
"('Description.java', 'org.junit.runner.Description', 'methodAndClassNamePatternGroupOrDefault', '([\\s\\S]*)\\((.*)\\)', 'testTableMetadataScan(com.salesforce.phoenix.end2end.QueryDatabaseMetaDataTest)')","[27397, 65276]"
"('Description.java', 'org.junit.runner.Description', 'methodAndClassNamePatternGroupOrDefault', '([\\s\\S]*)\\((.*)\\)', 'com.salesforce.phoenix.end2end.SpooledOrderByTest')",[27647]
"('Description.java', 'org.junit.runner.Description', 'methodAndClassNamePatternGroupOrDefault', '([\\s\\S]*)\\((.*)\\)', 'testNullMultiCondCaseStatement[CREATE INDEX ATABLE_IDX ON aTable (a_integer DESC) INCLUDE (    A_STRING,     B_STRING,     A_DATE)](com.salesforce.phoenix.end2end.QueryTest)')","[6339, 44791]"
"('Description.java', 'org.junit.runner.Description', 'methodAndClassNamePatternGroupOrDefault', '([\\s\\S]*)\\((.*)\\)', 'testOrSameColExpression(com.salesforce.phoenix.compile.WhereClauseOptimizerTest)')","[20170, 58302]"
"('Description.java', 'org.junit.runner.Description', 'methodAndClassNamePatternGroupOrDefault', '([\\s\\S]*)\\((.*)\\)', 'testNotInListOfDouble[CREATE INDEX ATABLE_IDX ON aTable (a_integer DESC) INCLUDE (    A_STRING,     B_STRING,     A_DATE)](com.salesforce.phoenix.end2end.QueryTest)')","[6293, 44745]"
"('Description.java', 'org.junit.runner.Description', 'methodAndClassNamePatternGroupOrDefault', '([\\s\\S]*)\\((.*)\\)', 'testRowValueConstructorInWhereWithEqualsExpression(com.salesforce.phoenix.end2end.RowValueConstructorTest)')","[24707, 62856]"
"('Description.java', 'org.junit.runner.Description', 'methodAndClassNamePatternGroupOrDefault', '([\\s\\S]*)\\((.*)\\)', 'testCountIsNotNull[](com.salesforce.phoenix.end2end.QueryTest)')","[14015, 52404]"
"('Description.java', 'org.junit.runner.Description', 'methodAndClassNamePatternGroupOrDefault', '([\\s\\S]*)\\((.*)\\)', 'testToDateOnString[CREATE INDEX ATABLE_IDX ON aTable (a_integer) INCLUDE (    A_STRING,     B_STRING,     A_DATE)](com.salesforce.phoenix.end2end.QueryTest)')","[11510, 49920]"
"('Description.java', 'org.junit.runner.Description', 'methodAndClassNamePatternGroupOrDefault', '([\\s\\S]*)\\((.*)\\)', '[ScanRanges[[[a], [1], [[A - B]]]] [a1C - *)]')",[3634]
"('Description.java', 'org.junit.runner.Description', 'methodAndClassNamePatternGroupOrDefault', '([\\s\\S]*)\\((.*)\\)', 'testDateFilterWithoutPattern(com.salesforce.phoenix.end2end.ToNumberFunctionTest)')","[34704, 72294]"
"('StoreFile.java', 'org.apache.hadoop.hbase.regionserver.StoreFile', 'isHFile', '^([0-9a-f]+(?:_SeqId_[0-9]+_)?)', '66d409b3be57467f90303deb9340708c')","[1393891, 1393944]"
"('Description.java', 'org.junit.runner.Description', 'methodAndClassNamePatternGroupOrDefault', '([\\s\\S]*)\\((.*)\\)', 'testIntSubtractionExpression[](com.salesforce.phoenix.end2end.QueryTest)')","[11807, 50196]"
"('TagLibConfiguration.java', 'org.mortbay.jetty.webapp.TagLibConfiguration', 'configureWebApp', 'start.jar|ant-.*\\.jar|dojo-.*\\.jar|jetty-.*\\.jar|jsp-api-.*\\.jar|junit-.*\\.jar|servlet-api-.*\\.jar|dnsns\\.jar|rt\\.jar|jsse\\.jar|tools\\.jar|sunpkcs11\\.jar|sunjce_provider\\.jar|xerces.*\\.jar', 'surefirebooter2553827456881468428.jar')","[77740, 78259, 104673, 105192, 891135, 891654, 1180798, 1181308, 1234799, 1235309, 1259170, 1259680, 1288798, 1289308, 1306694, 1307204, 1328644, 1329154, 1348400, 1348910, 1394034, 1394544, 1413860, 1414370, 1435348, 1435858]"
"('Description.java', 'org.junit.runner.Description', 'methodAndClassNamePatternGroupOrDefault', '([\\s\\S]*)\\((.*)\\)', 'likeDescCompositePK2(com.salesforce.phoenix.end2end.DescColumnSortOrderTest)')","[29198, 66904]"
"('Description.java', 'org.junit.runner.Description', 'methodAndClassNamePatternGroupOrDefault', '([\\s\\S]*)\\((.*)\\)', 'testRowValueConstructorBindParamMetaDataWithBindArgsOnRHSAndLiteralExprOnLHS(com.salesforce.phoenix.compile.QueryMetaDataTest)')","[18286, 56388]"
"('Description.java', 'org.junit.runner.Description', 'methodAndClassNamePatternGroupOrDefault', '([\\s\\S]*)\\((.*)\\)', 'testDateFilter(com.salesforce.phoenix.end2end.ToCharFunctionTest)')","[35265, 72822]"
"('Description.java', 'org.junit.runner.Description', 'methodAndClassNamePatternGroupOrDefault', '([\\s\\S]*)\\((.*)\\)', 'testIntToDecimalMultiplyExpression[CREATE INDEX ATABLE_IDX ON aTable (a_integer DESC) INCLUDE (    A_STRING,     B_STRING,     A_DATE)](com.salesforce.phoenix.end2end.QueryTest)')","[6661, 45113]"
"('Description.java', 'org.junit.runner.Description', 'methodAndClassNamePatternGroupOrDefault', '([\\s\\S]*)\\((.*)\\)', 'testConstantSubtractionExpression[](com.salesforce.phoenix.end2end.QueryTest)')","[12313, 50702]"
"('HFileLink.java', 'org.apache.hadoop.hbase.io.HFileLink', 'isHFileLink', '^((?:[a-zA-Z_0-9][a-zA-Z_0-9.-]*))=((?:[a-f0-9]+))-([0-9a-f]+(?:_SeqId_[0-9]+_)?)$', '6714491762ef43799e0aa30c57291aeb')","[1235746, 1235808, 1235932, 1235946]"
"('Description.java', 'org.junit.runner.Description', 'methodAndClassNamePatternGroupOrDefault', '([\\s\\S]*)\\((.*)\\)', 'testRVCWithInListClausePossibleNullValues(com.salesforce.phoenix.end2end.RowValueConstructorTest)')","[24686, 62834]"
"('Description.java', 'org.junit.runner.Description', 'methodAndClassNamePatternGroupOrDefault', '([\\s\\S]*)\\((.*)\\)', 'testUpsertSelectEmptyPKColumn(com.salesforce.phoenix.end2end.UpsertSelectTest)')","[31110, 68708]"
"('Description.java', 'org.junit.runner.Description', 'methodAndClassNamePatternGroupOrDefault', '([\\s\\S]*)\\((.*)\\)', 'testValidArithmetic[CREATE INDEX ATABLE_IDX ON aTable (a_integer DESC) INCLUDE (    A_STRING,     B_STRING,     A_DATE)](com.salesforce.phoenix.end2end.QueryTest)')","[5971, 44423]"
"('Description.java', 'org.junit.runner.Description', 'methodAndClassNamePatternGroupOrDefault', '([\\s\\S]*)\\((.*)\\)', 'testGetArrayLengthForVariableLengthArray(com.salesforce.phoenix.schema.PDataTypeForArraysTest)')","[37595, 75044]"
"('Description.java', 'org.junit.runner.Description', 'methodAndClassNamePatternGroupOrDefault', '([\\s\\S]*)\\((.*)\\)', 'com.salesforce.phoenix.compile.JoinQueryCompileTest')","[24001, 1180662]"
"('Description.java', 'org.junit.runner.Description', 'methodAndClassNamePatternGroupOrDefault', '([\\s\\S]*)\\((.*)\\)', 'com.salesforce.phoenix.compile.WhereClauseCompileTest')","[23184, 1180635]"
"('Description.java', 'org.junit.runner.Description', 'methodAndClassNamePatternGroupOrDefault', '([\\s\\S]*)\\((.*)\\)', 'testMultiRVCExpressionsCombinedUsingLiteralExpressions(com.salesforce.phoenix.compile.WhereClauseOptimizerTest)')","[19393, 57488]"
"('Description.java', 'org.junit.runner.Description', 'methodAndClassNamePatternGroupOrDefault', '([\\s\\S]*)\\((.*)\\)', 'testIsNull[CREATE INDEX ATABLE_IDX ON aTable (a_integer) INCLUDE (    A_STRING,     B_STRING,     A_DATE)](com.salesforce.phoenix.end2end.QueryTest)')","[11119, 49529]"
"('Description.java', 'org.junit.runner.Description', 'methodAndClassNamePatternGroupOrDefault', '([\\s\\S]*)\\((.*)\\)', 'testUpsertIntoFloat(com.salesforce.phoenix.end2end.UpsertValuesTest)')","[26798, 64748]"
"('HFileLink.java', 'org.apache.hadoop.hbase.io.HFileLink', 'isHFileLink', '^((?:[a-zA-Z_0-9][a-zA-Z_0-9.-]*))=((?:[a-f0-9]+))-([0-9a-f]+(?:_SeqId_[0-9]+_)?)$', 'f76f20f141834789b5b92ae36e5d8945')","[1413417, 1413523]"
"('Description.java', 'org.junit.runner.Description', 'methodAndClassNamePatternGroupOrDefault', '([\\s\\S]*)\\((.*)\\)', 'testUnboundRangeScan1[CREATE INDEX ATABLE_IDX ON aTable (a_integer, a_string) INCLUDE (    B_STRING,     A_DATE)](com.salesforce.phoenix.end2end.QueryTest)')","[8039, 46470]"
"('Description.java', 'org.junit.runner.Description', 'methodAndClassNamePatternGroupOrDefault', '([\\s\\S]*)\\((.*)\\)', 'testIntFilter[CREATE INDEX ATABLE_IDX ON aTable (a_integer, a_string) INCLUDE (    B_STRING,     A_DATE)](com.salesforce.phoenix.end2end.QueryTest)')","[7924, 46355]"
"('StoreFile.java', 'org.apache.hadoop.hbase.regionserver.StoreFile', 'isHFile', '^([0-9a-f]+(?:_SeqId_[0-9]+_)?)', '53b4980dc5ee466aa8bb003b3d90d805')","[1234232, 1234285]"
"('Description.java', 'org.junit.runner.Description', 'methodAndClassNamePatternGroupOrDefault', '([\\s\\S]*)\\((.*)\\)', 'testRoundingUpTimestampInWhere(com.salesforce.phoenix.end2end.RoundFloorCeilFunctionsEnd2EndTest)')","[35723, 73262]"
"('Description.java', 'org.junit.runner.Description', 'methodAndClassNamePatternGroupOrDefault', '([\\s\\S]*)\\((.*)\\)', '[[[b, [c - e]], [1, [2 - 4]], [B, [C - E]]] [[b], [[2 - 4]], [B, [C - E]]]]')",[1635]
"('Description.java', 'org.junit.runner.Description', 'methodAndClassNamePatternGroupOrDefault', '([\\s\\S]*)\\((.*)\\)', 'testScanByDoubleValue[](com.salesforce.phoenix.end2end.QueryTest)')","[13141, 51530]"
"('Description.java', 'org.junit.runner.Description', 'methodAndClassNamePatternGroupOrDefault', '([\\s\\S]*)\\((.*)\\)', 'com.salesforce.phoenix.query.ConnectionlessUpsertTest')","[24186, 1180716]"
"('HFileLink.java', 'org.apache.hadoop.hbase.io.HFileLink', 'isHFileLink', '^((?:[a-zA-Z_0-9][a-zA-Z_0-9.-]*))=((?:[a-f0-9]+))-([0-9a-f]+(?:_SeqId_[0-9]+_)?)$', '33122f4c6b7245c7bb4bbec12529e09f.cf1c0335939d5e6a9a075c5f1f63aff1')","[499417, 499447, 580401]"
"('Description.java', 'org.junit.runner.Description', 'methodAndClassNamePatternGroupOrDefault', '([\\s\\S]*)\\((.*)\\)', 'testDegenerateMult1(com.salesforce.phoenix.compile.WhereClauseOptimizerTest)')","[19456, 57554]"
"('Description.java', 'org.junit.runner.Description', 'methodAndClassNamePatternGroupOrDefault', '([\\s\\S]*)\\((.*)\\)', 'com.salesforce.phoenix.expression.CoerceExpressionTest')","[17725, 1180338]"
"('StoreFile.java', 'org.apache.hadoop.hbase.regionserver.StoreFile', 'isHFile', '^([0-9a-f]+(?:_SeqId_[0-9]+_)?)', '5fff3c0eb0fd4c5aa8037d1c7e23d78c')","[1306445, 1306498]"
"('StoreFile.java', 'org.apache.hadoop.hbase.regionserver.StoreFile', 'isHFile', '^([0-9a-f]+(?:_SeqId_[0-9]+_)?)', '9ffa923894814f31a6190f8899e472de')","[1348045, 1348098]"
"('Description.java', 'org.junit.runner.Description', 'methodAndClassNamePatternGroupOrDefault', '([\\s\\S]*)\\((.*)\\)', 'testFloorTimestamp(com.salesforce.phoenix.end2end.RoundFloorCeilFunctionsEnd2EndTest)')","[35849, 73394]"
"('Description.java', 'org.junit.runner.Description', 'methodAndClassNamePatternGroupOrDefault', '([\\s\\S]*)\\((.*)\\)', 'testNotEqualsByUnsignedFloat[CREATE INDEX ATABLE_IDX ON aTable (a_integer) INCLUDE (    A_STRING,     B_STRING,     A_DATE)](com.salesforce.phoenix.end2end.QueryTest)')","[10751, 49161]"
"('Description.java', 'org.junit.runner.Description', 'methodAndClassNamePatternGroupOrDefault', '([\\s\\S]*)\\((.*)\\)', 'testNotInListOfFloat[CREATE INDEX ATABLE_IDX ON aTable (a_integer) INCLUDE (    A_STRING,     B_STRING,     A_DATE)](com.salesforce.phoenix.end2end.QueryTest)')","[11211, 49621]"
"('Description.java', 'org.junit.runner.Description', 'methodAndClassNamePatternGroupOrDefault', '([\\s\\S]*)\\((.*)\\)', 'testIntToDecimalDivideExpression[CREATE INDEX ATABLE_IDX ON aTable (a_integer) INCLUDE (    A_STRING,     B_STRING,     A_DATE)](com.salesforce.phoenix.end2end.QueryTest)')","[10268, 48678]"
"('Description.java', 'org.junit.runner.Description', 'methodAndClassNamePatternGroupOrDefault', '([\\s\\S]*)\\((.*)\\)', 'testSelectArrayUsingUpsertLikeSyntax(com.salesforce.phoenix.end2end.ArrayTest)')","[25787, 63868]"
"('StoreFile.java', 'org.apache.hadoop.hbase.regionserver.StoreFile', 'isReference', '^([0-9a-f]+(?:_SeqId_[0-9]+_)?|(?:[a-zA-Z_0-9][a-zA-Z_0-9.-]*)=(?:[a-f0-9]+)-[0-9a-f]+(?:_SeqId_[0-9]+_)?)\\.(.+)$', '94370c5129204119b553b6d1b6651f74')","[1328484, 1328537]"
"('Description.java', 'org.junit.runner.Description', 'methodAndClassNamePatternGroupOrDefault', '([\\s\\S]*)\\((.*)\\)', 'testDateInList[CREATE INDEX ATABLE_IDX ON aTable (a_integer DESC) INCLUDE (    A_STRING,     B_STRING,     A_DATE)](com.salesforce.phoenix.end2end.QueryTest)')","[5051, 43503]"
"('Description.java', 'org.junit.runner.Description', 'methodAndClassNamePatternGroupOrDefault', '([\\s\\S]*)\\((.*)\\)', 'testSelectValueWithPointKeyQuery(com.salesforce.phoenix.end2end.salted.SaltedTableVarLengthRowKeyTest)')","[25205, 63318]"
"('Description.java', 'org.junit.runner.Description', 'methodAndClassNamePatternGroupOrDefault', '([\\s\\S]*)\\((.*)\\)', 'testGetSplitsWithSkipScanFilter[ScanRanges[[[a], [1], [[F - H)]]] [[a1E - a1F), [a1F - a1G), [a1G - a1H), [a1H - a1I)]](com.salesforce.phoenix.end2end.SkipRangeParallelIteratorRegionSplitterTest)')","[4116, 42629]"
"('Description.java', 'org.junit.runner.Description', 'methodAndClassNamePatternGroupOrDefault', '([\\s\\S]*)\\((.*)\\)', '[ScanRanges[[[a], [1], [[A - B]]]] [a1B - *)]')",[3590]
"('Description.java', 'org.junit.runner.Description', 'methodAndClassNamePatternGroupOrDefault', '([\\s\\S]*)\\((.*)\\)', 'test[[[b, [c - e]], [1, [2 - 4]], [B, [C - E]]] [[[c - e]], [1, [2 - 4]], [B, [C - E]]]](com.salesforce.phoenix.filter.SkipScanFilterIntersectTest)')","[2230, 41663]"
"('StoreFile.java', 'org.apache.hadoop.hbase.regionserver.StoreFile', 'isHFile', '^([0-9a-f]+(?:_SeqId_[0-9]+_)?)', '20b5128b7aac41579549f0eae9dbafad')","[78874, 78936, 79062]"
"('Description.java', 'org.junit.runner.Description', 'methodAndClassNamePatternGroupOrDefault', '([\\s\\S]*)\\((.*)\\)', 'testInFilterOnKey[CREATE INDEX ATABLE_IDX ON aTable (a_integer) INCLUDE (    A_STRING,     B_STRING,     A_DATE)](com.salesforce.phoenix.end2end.QueryTest)')","[9716, 48126]"
"('Description.java', 'org.junit.runner.Description', 'methodAndClassNamePatternGroupOrDefault', '([\\s\\S]*)\\((.*)\\)', 'testAddPKColumnToTableWithIndex(com.salesforce.phoenix.end2end.AlterTableTest)')","[26445, 64418]"
"('Description.java', 'org.junit.runner.Description', 'methodAndClassNamePatternGroupOrDefault', '([\\s\\S]*)\\((.*)\\)', 'testDecimalMultiplyExpression[CREATE INDEX ATABLE_IDX ON aTable (a_integer DESC) INCLUDE (    A_STRING,     B_STRING,     A_DATE)](com.salesforce.phoenix.end2end.QueryTest)')","[5649, 44101]"
"('Description.java', 'org.junit.runner.Description', 'methodAndClassNamePatternGroupOrDefault', '([\\s\\S]*)\\((.*)\\)', 'testFullUpsert(com.salesforce.phoenix.end2end.DynamicUpsertTest)')","[27168, 65056]"
"('Description.java', 'org.junit.runner.Description', 'methodAndClassNamePatternGroupOrDefault', '([\\s\\S]*)\\((.*)\\)', 'testSingleKeyValueDescIndex(com.salesforce.phoenix.index.IndexMaintainerTest)')","[15992, 54144]"
"('HFileLink.java', 'org.apache.hadoop.hbase.io.HFileLink', 'isHFileLink', '^((?:[a-zA-Z_0-9][a-zA-Z_0-9.-]*))=((?:[a-f0-9]+))-([0-9a-f]+(?:_SeqId_[0-9]+_)?)$', '66d409b3be57467f90303deb9340708c')","[1393856, 1393909]"
"('Description.java', 'org.junit.runner.Description', 'methodAndClassNamePatternGroupOrDefault', '([\\s\\S]*)\\((.*)\\)', 'testAmbiguousColumn(com.salesforce.phoenix.compile.QueryCompileTest)')","[22535, 60700]"
"('Description.java', 'org.junit.runner.Description', 'methodAndClassNamePatternGroupOrDefault', '([\\s\\S]*)\\((.*)\\)', 'equalityDescCompositePK2(com.salesforce.phoenix.end2end.DescColumnSortOrderTest)')","[28946, 66640]"
"('Description.java', 'org.junit.runner.Description', 'methodAndClassNamePatternGroupOrDefault', '([\\s\\S]*)\\((.*)\\)', 'testDefaultJoin[[Ljava.lang.String;@26a6d290](com.salesforce.phoenix.end2end.HashJoinTest)')","[14285, 52634]"
"('StoreFile.java', 'org.apache.hadoop.hbase.regionserver.StoreFile', 'isReference', '^([0-9a-f]+(?:_SeqId_[0-9]+_)?|(?:[a-zA-Z_0-9][a-zA-Z_0-9.-]*)=(?:[a-f0-9]+)-[0-9a-f]+(?:_SeqId_[0-9]+_)?)\\.(.+)$', '8538475a950b41e6915a2750ff01360e')","[890365, 890418]"
"('Description.java', 'org.junit.runner.Description', 'methodAndClassNamePatternGroupOrDefault', '([\\s\\S]*)\\((.*)\\)', 'testLessThan_NonRVCOnLHSAndRVCOnRHS_WithNonNullBindParams(com.salesforce.phoenix.compile.WhereClauseOptimizerTest)')","[19624, 57730]"
"('StoreFile.java', 'org.apache.hadoop.hbase.regionserver.StoreFile', 'isHFile', '^([0-9a-f]+(?:_SeqId_[0-9]+_)?)', 'bd9ce1b6068b4e96bd0517711c1f7a3d')","[1179531, 1179584]"
"('StoreFile.java', 'org.apache.hadoop.hbase.regionserver.StoreFile', 'isHFile', '^([0-9a-f]+(?:_SeqId_[0-9]+_)?)', '80d6ab725bff41b8a72bd2b5271cc2e9')","[891018, 891071]"
"('Description.java', 'org.junit.runner.Description', 'methodAndClassNamePatternGroupOrDefault', '([\\s\\S]*)\\((.*)\\)', 'compareBooleans(com.salesforce.phoenix.expression.DescColumnSortOrderExpressionTest)')","[17330, 55486]"
"('Description.java', 'org.junit.runner.Description', 'methodAndClassNamePatternGroupOrDefault', '([\\s\\S]*)\\((.*)\\)', 'testNotEqualsByTinyInt[CREATE INDEX ATABLE_IDX ON aTable (a_integer) INCLUDE (    A_STRING,     B_STRING,     A_DATE)](com.salesforce.phoenix.end2end.QueryTest)')","[10360, 48770]"
"('Description.java', 'org.junit.runner.Description', 'methodAndClassNamePatternGroupOrDefault', '([\\s\\S]*)\\((.*)\\)', 'testTooShortPKColumn(com.salesforce.phoenix.end2end.VariableLengthPKTest)')","[32261, 69874]"
"('Description.java', 'org.junit.runner.Description', 'methodAndClassNamePatternGroupOrDefault', '([\\s\\S]*)\\((.*)\\)', '[ScanRanges[[[a], [1], [[A - B]]]] (* - a0Z]]')",[3370]
"('Description.java', 'org.junit.runner.Description', 'methodAndClassNamePatternGroupOrDefault', '([\\s\\S]*)\\((.*)\\)', 'com.salesforce.phoenix.util.MetaDataUtilTest')","[15658, 1180153]"
"('Description.java', 'org.junit.runner.Description', 'methodAndClassNamePatternGroupOrDefault', '([\\s\\S]*)\\((.*)\\)', 'testHasNewerTimestamps(com.salesforce.hbase.index.covered.example.TestColumnTracker)')","[39104, 76386]"
"('Description.java', 'org.junit.runner.Description', 'methodAndClassNamePatternGroupOrDefault', '([\\s\\S]*)\\((.*)\\)', 'test[[[[a - b)], [[1 - 2)], [[A - B)]] [I@5ded70df [B@f8d70a6 UPPER {4}](com.salesforce.phoenix.util.ScanUtilTest)')","[564, 40812]"
"('Description.java', 'org.junit.runner.Description', 'methodAndClassNamePatternGroupOrDefault', '([\\s\\S]*)\\((.*)\\)', 'test[ScanRanges[[[a], [1], [[D - E]]]] (* - a1D]](com.salesforce.phoenix.compile.ScanRangesTest)')","[3481, 42307]"
"('Description.java', 'org.junit.runner.Description', 'methodAndClassNamePatternGroupOrDefault', '([\\s\\S]*)\\((.*)\\)', '[[[a], [1], [A]] [I@4ea3af1c [B@5c3d7f99 UPPER {4}]')",[453]
"('Description.java', 'org.junit.runner.Description', 'methodAndClassNamePatternGroupOrDefault', '([\\s\\S]*)\\((.*)\\)', 'com.salesforce.hbase.index.covered.example.TestColumnTracker')",[39083]
"('Description.java', 'org.junit.runner.Description', 'methodAndClassNamePatternGroupOrDefault', '([\\s\\S]*)\\((.*)\\)', 'testIntToDecimalMultiplyExpression[](com.salesforce.phoenix.end2end.QueryTest)')","[14107, 52496]"
"('Description.java', 'org.junit.runner.Description', 'methodAndClassNamePatternGroupOrDefault', '([\\s\\S]*)\\((.*)\\)', 'testLikeExtractKeyExpression2(com.salesforce.phoenix.compile.WhereClauseOptimizerTest)')","[19414, 57510]"
"('Description.java', 'org.junit.runner.Description', 'methodAndClassNamePatternGroupOrDefault', '([\\s\\S]*)\\((.*)\\)', 'com.salesforce.phoenix.client.TestClientKeyValueLocal')",[36759]
"('HFileLink.java', 'org.apache.hadoop.hbase.io.HFileLink', 'isHFileLink', '^((?:[a-zA-Z_0-9][a-zA-Z_0-9.-]*))=((?:[a-f0-9]+))-([0-9a-f]+(?:_SeqId_[0-9]+_)?)$', 'e953b851d6764deaa2b86179f986d2de')","[890771, 890824]"
"('StoreFile.java', 'org.apache.hadoop.hbase.regionserver.StoreFile', 'isHFile', '^([0-9a-f]+(?:_SeqId_[0-9]+_)?)', '6f3fdf0e747d480d82e7fb3048526d43')","[1288655, 1288708]"
"('Description.java', 'org.junit.runner.Description', 'methodAndClassNamePatternGroupOrDefault', '([\\s\\S]*)\\((.*)\\)', 'testReadOnlyOnUpdatableView(com.salesforce.phoenix.end2end.ViewTest)')","[25951, 64000]"
"('Description.java', 'org.junit.runner.Description', 'methodAndClassNamePatternGroupOrDefault', '([\\s\\S]*)\\((.*)\\)', 'testFeatureGTAggregation(com.salesforce.phoenix.end2end.ProductMetricsTest)')","[33175, 70732]"
"('Description.java', 'org.junit.runner.Description', 'methodAndClassNamePatternGroupOrDefault', '([\\s\\S]*)\\((.*)\\)', 'test[ScanRanges[[[a], [1], [[A - B]]]] (* - *)](com.salesforce.phoenix.compile.ScanRangesTest)')","[3789, 42468]"
"('Description.java', 'org.junit.runner.Description', 'methodAndClassNamePatternGroupOrDefault', '([\\s\\S]*)\\((.*)\\)', 'test[[[[PO - PP)], [def]] [I@331545ab [rowkey=POdef, expected include, rowkey=POdeg, expected finished]](com.salesforce.phoenix.filter.SkipScanFilterTest)')","[1331, 41203]"
"('Description.java', 'org.junit.runner.Description', 'methodAndClassNamePatternGroupOrDefault', '([\\s\\S]*)\\((.*)\\)', 'testCoerceLongToDecimal1[CREATE INDEX ATABLE_IDX ON aTable (a_integer) INCLUDE (    A_STRING,     B_STRING,     A_DATE)](com.salesforce.phoenix.end2end.QueryTest)')","[9877, 48287]"
"('Description.java', 'org.junit.runner.Description', 'methodAndClassNamePatternGroupOrDefault', '([\\s\\S]*)\\((.*)\\)', 'testReadOnlyOnReadOnlyView(com.salesforce.phoenix.end2end.ViewTest)')","[26014, 64066]"
"('Description.java', 'org.junit.runner.Description', 'methodAndClassNamePatternGroupOrDefault', '([\\s\\S]*)\\((.*)\\)', 'testUpsertSelectForAggAutoCommit(com.salesforce.phoenix.end2end.UpsertSelectTest)')","[31194, 68796]"
"('StoreFile.java', 'org.apache.hadoop.hbase.regionserver.StoreFile', 'isReference', '^([0-9a-f]+(?:_SeqId_[0-9]+_)?|(?:[a-zA-Z_0-9][a-zA-Z_0-9.-]*)=(?:[a-f0-9]+)-[0-9a-f]+(?:_SeqId_[0-9]+_)?)\\.(.+)$', '88faa175c0d04c099bdcdedfabda17a8')","[890471, 890524]"
"('StoreFile.java', 'org.apache.hadoop.hbase.regionserver.StoreFile', 'isReference', '^([0-9a-f]+(?:_SeqId_[0-9]+_)?|(?:[a-zA-Z_0-9][a-zA-Z_0-9.-]*)=(?:[a-f0-9]+)-[0-9a-f]+(?:_SeqId_[0-9]+_)?)\\.(.+)$', '7e19dac2ac894218b1e1c04e5edfc209')","[1327954, 1328007]"
"('Description.java', 'org.junit.runner.Description', 'methodAndClassNamePatternGroupOrDefault', '([\\s\\S]*)\\((.*)\\)', 'testPointInTimeSequence[CREATE INDEX ATABLE_IDX ON aTable (a_integer, a_string) INCLUDE (    B_STRING,     A_DATE)](com.salesforce.phoenix.end2end.QueryTest)')","[7464, 45895]"
"('HFileLink.java', 'org.apache.hadoop.hbase.io.HFileLink', 'isHFileLink', '^((?:[a-zA-Z_0-9][a-zA-Z_0-9.-]*))=((?:[a-f0-9]+))-([0-9a-f]+(?:_SeqId_[0-9]+_)?)$', 'fca529dbcc1f48f186ceef2339da145b')","[1233879, 1233932]"
"('Description.java', 'org.junit.runner.Description', 'methodAndClassNamePatternGroupOrDefault', '([\\s\\S]*)\\((.*)\\)', 'testSumGroupedAggregation(com.salesforce.phoenix.end2end.ProductMetricsTest)')","[33721, 71304]"
"('Description.java', 'org.junit.runner.Description', 'methodAndClassNamePatternGroupOrDefault', '([\\s\\S]*)\\((.*)\\)', 'testMultiLeftJoin[[Ljava.lang.String;@1249ffc3](com.salesforce.phoenix.end2end.HashJoinTest)')","[15019, 53347]"
"('Description.java', 'org.junit.runner.Description', 'methodAndClassNamePatternGroupOrDefault', '([\\s\\S]*)\\((.*)\\)', 'testRightJoin[[Ljava.lang.String;@26a6d290](com.salesforce.phoenix.end2end.HashJoinTest)')","[14308, 52657]"
"('Description.java', 'org.junit.runner.Description', 'methodAndClassNamePatternGroupOrDefault', '([\\s\\S]*)\\((.*)\\)', 'testDivideByBigDecimalZero(com.salesforce.phoenix.compile.QueryCompileTest)')","[22850, 61030]"
"('Description.java', 'org.junit.runner.Description', 'methodAndClassNamePatternGroupOrDefault', '([\\s\\S]*)\\((.*)\\)', 'testToDateFunctionMetaData(com.salesforce.phoenix.compile.QueryMetaDataTest)')","[18412, 56520]"
"('Description.java', 'org.junit.runner.Description', 'methodAndClassNamePatternGroupOrDefault', '([\\s\\S]*)\\((.*)\\)', 'testUngroupedAggregation[CREATE INDEX ATABLE_IDX ON aTable (a_integer, a_string) INCLUDE (    B_STRING,     A_DATE)](com.salesforce.phoenix.end2end.QueryTest)')","[8568, 46999]"
"('Description.java', 'org.junit.runner.Description', 'methodAndClassNamePatternGroupOrDefault', '([\\s\\S]*)\\((.*)\\)', 'testDistinctCountONEWithEmptyResult(com.salesforce.phoenix.end2end.DistinctCountTest)')","[35099, 72668]"
"('Description.java', 'org.junit.runner.Description', 'methodAndClassNamePatternGroupOrDefault', '([\\s\\S]*)\\((.*)\\)', 'testDescMultiOrderByExpr(com.salesforce.phoenix.end2end.InMemoryOrderByTest)')","[30154, 67806]"
"('Description.java', 'org.junit.runner.Description', 'methodAndClassNamePatternGroupOrDefault', '([\\s\\S]*)\\((.*)\\)', 'testPointInTimeUngroupedAggregation[CREATE INDEX ATABLE_IDX ON aTable (a_integer DESC) INCLUDE (    A_STRING,     B_STRING,     A_DATE)](com.salesforce.phoenix.end2end.QueryTest)')","[4315, 42767]"
"('Description.java', 'org.junit.runner.Description', 'methodAndClassNamePatternGroupOrDefault', '([\\s\\S]*)\\((.*)\\)', 'testForDoubleArray(com.salesforce.phoenix.schema.PDataTypeForArraysTest)')","[37049, 74472]"
"('Description.java', 'org.junit.runner.Description', 'methodAndClassNamePatternGroupOrDefault', '([\\s\\S]*)\\((.*)\\)', 'testCoerceExpressionSupportsCoercingAllPDataTypesToVarBinary(com.salesforce.phoenix.expression.CoerceExpressionTest)')","[17830, 55970]"
"('Description.java', 'org.junit.runner.Description', 'methodAndClassNamePatternGroupOrDefault', '([\\s\\S]*)\\((.*)\\)', 'testJoinWithWildcard[[Ljava.lang.String;@1249ffc3](com.salesforce.phoenix.end2end.HashJoinTest)')","[14697, 53025]"
"('Description.java', 'org.junit.runner.Description', 'methodAndClassNamePatternGroupOrDefault', '([\\s\\S]*)\\((.*)\\)', 'testSingleKeyExpression(com.salesforce.phoenix.compile.WhereClauseOptimizerTest)')","[21031, 59204]"
"('Description.java', 'org.junit.runner.Description', 'methodAndClassNamePatternGroupOrDefault', '([\\s\\S]*)\\((.*)\\)', 'testDecimalSubtraction2Expression[CREATE INDEX ATABLE_IDX ON aTable (a_integer, a_string) INCLUDE (    B_STRING,     A_DATE)](com.salesforce.phoenix.end2end.QueryTest)')","[8315, 46746]"
"('Description.java', 'org.junit.runner.Description', 'methodAndClassNamePatternGroupOrDefault', '([\\s\\S]*)\\((.*)\\)', 'test[[[aaa, [abd - def]]] [I@62377369 [rowkey=aba, expected seek next using hint: abd, rowkey=abe, expected include, rowkey=def, expected include, rowkey=deg, expected finished]](com.salesforce.phoenix.filter.SkipScanFilterTest)')","[1111, 41088]"
"('Description.java', 'org.junit.runner.Description', 'methodAndClassNamePatternGroupOrDefault', '([\\s\\S]*)\\((.*)\\)', '[[[AAA, [abc - def], [dzz - xyz)], [[AB - AX], [EB - EZ), [PO - PP)]] [I@5c797bc6 [rowkey=aaaAA, expected seek next using hint: abcAB, rowkey=abcZZ, expected seek next using hint: abdAB, rowkey=abdZZ, expected seek next using hint: abeAB, rowkey=dea\\xFF\\xFF, expected seek next using hint: debAB, rowkey=defAB, expected include, rowkey=defAC, expected include, rowkey=defAW, expected include, rowkey=defAX, expected include, rowkey=defEB, expected include, rowkey=defPO, expected include, rowkey=degAB, expected seek next using hint: dzzAB, rowkey=dzzAX, expected include, rowkey=dzzEY, expected include, rowkey=dzzEZ, expected seek next using hint: dzzPO, rowkey=eeeAB, expected include, rowkey=eeeAC, expected include, rowkey=eeeEA, expected seek next using hint: eeeEB, rowkey=eeeEF, expected include, rowkey=eeeEZ, expected seek next using hint: eeePO, rowkey=xyzAA, expected finished]]')",[1396]
"('Description.java', 'org.junit.runner.Description', 'methodAndClassNamePatternGroupOrDefault', '([\\s\\S]*)\\((.*)\\)', 'testCountIsNull[CREATE INDEX ATABLE_IDX ON aTable (a_integer) INCLUDE (    A_STRING,     B_STRING,     A_DATE)](com.salesforce.phoenix.end2end.QueryTest)')","[10866, 49276]"
"('Description.java', 'org.junit.runner.Description', 'methodAndClassNamePatternGroupOrDefault', '([\\s\\S]*)\\((.*)\\)', 'com.salesforce.phoenix.end2end.ToCharFunctionTest')",[35139]
"('Description.java', 'org.junit.runner.Description', 'methodAndClassNamePatternGroupOrDefault', '([\\s\\S]*)\\((.*)\\)', 'testNotEquals2[CREATE INDEX ATABLE_IDX ON aTable (a_integer, a_string) INCLUDE (    B_STRING,     A_DATE)](com.salesforce.phoenix.end2end.QueryTest)')","[8292, 46723]"
"('Description.java', 'org.junit.runner.Description', 'methodAndClassNamePatternGroupOrDefault', '([\\s\\S]*)\\((.*)\\)', 'testToDateFilter(com.salesforce.phoenix.compile.WhereClauseCompileTest)')","[23415, 61602]"
"('Description.java', 'org.junit.runner.Description', 'methodAndClassNamePatternGroupOrDefault', '([\\s\\S]*)\\((.*)\\)', '[]')",[11646]
"('Description.java', 'org.junit.runner.Description', 'methodAndClassNamePatternGroupOrDefault', '([\\s\\S]*)\\((.*)\\)', '[ScanRanges[[[a], [1], [[B - E]]]] [a0[ - a1A)]')",[2798]
"('StoreFile.java', 'org.apache.hadoop.hbase.regionserver.StoreFile', 'isHFile', '^([0-9a-f]+(?:_SeqId_[0-9]+_)?)', '85e37790b96c4e6e959b0d1ff0d870be')","[1181786, 1181848, 1181972]"
"('Description.java', 'org.junit.runner.Description', 'methodAndClassNamePatternGroupOrDefault', '([\\s\\S]*)\\((.*)\\)', 'testCountUngroupedAggregation(com.salesforce.phoenix.end2end.ProductMetricsTest)')","[34120, 71722]"
"('Description.java', 'org.junit.runner.Description', 'methodAndClassNamePatternGroupOrDefault', '([\\s\\S]*)\\((.*)\\)', '[[[aaa, [abd - def)]] [I@267a24df [rowkey=aba, expected seek next using hint: abd, rowkey=def, expected finished]]')",[1132]
"('Description.java', 'org.junit.runner.Description', 'methodAndClassNamePatternGroupOrDefault', '([\\s\\S]*)\\((.*)\\)', 'testDistinctScan[](com.salesforce.phoenix.end2end.QueryTest)')","[13486, 51875]"
"('Description.java', 'org.junit.runner.Description', 'methodAndClassNamePatternGroupOrDefault', '([\\s\\S]*)\\((.*)\\)', 'testFullyQualifiedRVCInList[CREATE INDEX ATABLE_IDX ON aTable (a_integer) INCLUDE (    A_STRING,     B_STRING,     A_DATE)](com.salesforce.phoenix.end2end.QueryTest)')","[11464, 49874]"
"('HFileLink.java', 'org.apache.hadoop.hbase.io.HFileLink', 'isHFileLink', '^((?:[a-zA-Z_0-9][a-zA-Z_0-9.-]*))=((?:[a-f0-9]+))-([0-9a-f]+(?:_SeqId_[0-9]+_)?)$', '8d61e8a57544480db81ed8ce34f63968')","[1233773, 1233826]"
"('Description.java', 'org.junit.runner.Description', 'methodAndClassNamePatternGroupOrDefault', '([\\s\\S]*)\\((.*)\\)', 'countDescCompositePK(com.salesforce.phoenix.end2end.DescColumnSortOrderTest)')","[28967, 66662]"
"('Description.java', 'org.junit.runner.Description', 'methodAndClassNamePatternGroupOrDefault', '([\\s\\S]*)\\((.*)\\)', 'testSumUngroupedAggregation(com.salesforce.phoenix.end2end.ProductMetricsTest)')","[33532, 71106]"
"('Description.java', 'org.junit.runner.Description', 'methodAndClassNamePatternGroupOrDefault', '([\\s\\S]*)\\((.*)\\)', 'testNotEqualsByUnsignedFloat[](com.salesforce.phoenix.end2end.QueryTest)')","[13233, 51622]"
"('HFileLink.java', 'org.apache.hadoop.hbase.io.HFileLink', 'isHFileLink', '^((?:[a-zA-Z_0-9][a-zA-Z_0-9.-]*))=((?:[a-f0-9]+))-([0-9a-f]+(?:_SeqId_[0-9]+_)?)$', '53b4980dc5ee466aa8bb003b3d90d805')","[1234197, 1234250]"
"('Description.java', 'org.junit.runner.Description', 'methodAndClassNamePatternGroupOrDefault', '([\\s\\S]*)\\((.*)\\)', 'testOverlappingKeyExpression(com.salesforce.phoenix.compile.WhereClauseOptimizerTest)')","[21052, 59226]"
"('Description.java', 'org.junit.runner.Description', 'methodAndClassNamePatternGroupOrDefault', '([\\s\\S]*)\\((.*)\\)', 'testIntMultiplyExpression[CREATE INDEX ATABLE_IDX ON aTable (a_integer) INCLUDE (    A_STRING,     B_STRING,     A_DATE)](com.salesforce.phoenix.end2end.QueryTest)')","[11349, 49759]"
"('Description.java', 'org.junit.runner.Description', 'methodAndClassNamePatternGroupOrDefault', '([\\s\\S]*)\\((.*)\\)', '[[[a], [(* - *)], [B]] [I@6693a061 [B@660674e3 LOWER {4}]')",[321]
"('Description.java', 'org.junit.runner.Description', 'methodAndClassNamePatternGroupOrDefault', '([\\s\\S]*)\\((.*)\\)', 'testUpsertDateValues(com.salesforce.phoenix.end2end.UpsertValuesTest)')","[26903, 64858]"
"('Description.java', 'org.junit.runner.Description', 'methodAndClassNamePatternGroupOrDefault', '([\\s\\S]*)\\((.*)\\)', 'testPointInTimeLimitedScan[CREATE INDEX ATABLE_IDX ON aTable (a_integer) INCLUDE (    A_STRING,     B_STRING,     A_DATE)](com.salesforce.phoenix.end2end.QueryTest)')","[10820, 49230]"
"('Description.java', 'org.junit.runner.Description', 'methodAndClassNamePatternGroupOrDefault', '([\\s\\S]*)\\((.*)\\)', 'testDateSubtractionLongToDecimalCompareNumber(com.salesforce.phoenix.end2end.ProductMetricsTest)')","[34162, 71766]"
"('Description.java', 'org.junit.runner.Description', 'methodAndClassNamePatternGroupOrDefault', '([\\s\\S]*)\\((.*)\\)', 'testCeilDecimalInWhere(com.salesforce.phoenix.end2end.RoundFloorCeilFunctionsEnd2EndTest)')","[35492, 73020]"
"('Description.java', 'org.junit.runner.Description', 'methodAndClassNamePatternGroupOrDefault', '([\\s\\S]*)\\((.*)\\)', 'testColumnAliasMapping[](com.salesforce.phoenix.end2end.QueryTest)')","[12451, 50840]"
"('Description.java', 'org.junit.runner.Description', 'methodAndClassNamePatternGroupOrDefault', '([\\s\\S]*)\\((.*)\\)', 'testNegateExpression[](com.salesforce.phoenix.end2end.QueryTest)')","[11968, 50357]"
"('Description.java', 'org.junit.runner.Description', 'methodAndClassNamePatternGroupOrDefault', '([\\s\\S]*)\\((.*)\\)', 'testCollapseFunctionToNull(com.salesforce.phoenix.compile.WhereClauseCompileTest)')","[23583, 61778]"
"('Description.java', 'org.junit.runner.Description', 'methodAndClassNamePatternGroupOrDefault', '([\\s\\S]*)\\((.*)\\)', 'testUseOfFunctionOnLHSInMiddleOfRVC(com.salesforce.phoenix.compile.WhereClauseOptimizerTest)')","[20590, 58742]"
"('Description.java', 'org.junit.runner.Description', 'methodAndClassNamePatternGroupOrDefault', '([\\s\\S]*)\\((.*)\\)', 'testTenantTableCannotBeUsedInStatementsInNonMultitenantConnections(com.salesforce.phoenix.end2end.TenantSpecificTablesDMLTest)')","[30860, 68466]"
"('HTableDescriptor.java', 'org.apache.hadoop.hbase.HTableDescriptor', 'addCoprocessor', '^coprocessor\\$([0-9]+)$', 'MAX_FILESIZE')","[122352, 122805, 123420, 124197, 1026807, 1027246, 1027842, 1028595, 1029064, 1029503, 1030099, 1030852, 1031321, 1031760, 1032356, 1033109]"
"('Description.java', 'org.junit.runner.Description', 'methodAndClassNamePatternGroupOrDefault', '([\\s\\S]*)\\((.*)\\)', 'testPercentRankOnDescPKColumn(com.salesforce.phoenix.end2end.PercentileTest)')","[30467, 68114]"
"('Description.java', 'org.junit.runner.Description', 'methodAndClassNamePatternGroupOrDefault', '([\\s\\S]*)\\((.*)\\)', 'testSmallIntDivideExpression[CREATE INDEX ATABLE_IDX ON aTable (a_integer, a_string) INCLUDE (    B_STRING,     A_DATE)](com.salesforce.phoenix.end2end.QueryTest)')","[7602, 46033]"
"('StoreFile.java', 'org.apache.hadoop.hbase.regionserver.StoreFile', 'isHFile', '^([0-9a-f]+(?:_SeqId_[0-9]+_)?)', 'ef94e86b5c704ceaaf260bcd5e473d37')","[1258497, 1258550]"
"('StoreFile.java', 'org.apache.hadoop.hbase.regionserver.StoreFile', 'isHFile', '^([0-9a-f]+(?:_SeqId_[0-9]+_)?)', '7e19dac2ac894218b1e1c04e5edfc209')","[1327971, 1328024]"
"('Description.java', 'org.junit.runner.Description', 'methodAndClassNamePatternGroupOrDefault', '([\\s\\S]*)\\((.*)\\)', 'testInListParameterMetaData4(com.salesforce.phoenix.compile.QueryMetaDataTest)')","[18139, 56234]"
"('Description.java', 'org.junit.runner.Description', 'methodAndClassNamePatternGroupOrDefault', '([\\s\\S]*)\\((.*)\\)', 'testConcatSingleKeyExpression(com.salesforce.phoenix.compile.WhereClauseOptimizerTest)')","[20086, 58214]"
"('StoreFile.java', 'org.apache.hadoop.hbase.regionserver.StoreFile', 'isReference', '^([0-9a-f]+(?:_SeqId_[0-9]+_)?|(?:[a-zA-Z_0-9][a-zA-Z_0-9.-]*)=(?:[a-f0-9]+)-[0-9a-f]+(?:_SeqId_[0-9]+_)?)\\.(.+)$', '58615c2e39524917bbee3d8eb175e61c')","[1328272, 1328325]"
"('Description.java', 'org.junit.runner.Description', 'methodAndClassNamePatternGroupOrDefault', '([\\s\\S]*)\\((.*)\\)', 'testCoerceLongToDecimal1[](com.salesforce.phoenix.end2end.QueryTest)')","[12359, 50748]"
"('Description.java', 'org.junit.runner.Description', 'methodAndClassNamePatternGroupOrDefault', '([\\s\\S]*)\\((.*)\\)', 'testToStringOnDate(com.salesforce.phoenix.end2end.VariableLengthPKTest)')","[31421, 68994]"
"('Description.java', 'org.junit.runner.Description', 'methodAndClassNamePatternGroupOrDefault', '([\\s\\S]*)\\((.*)\\)', '[ScanRanges[[[b], [1], [[B - D], [G - H]]]] [b1E - b1F]]')",[2974]
"('Description.java', 'org.junit.runner.Description', 'methodAndClassNamePatternGroupOrDefault', '([\\s\\S]*)\\((.*)\\)', 'testReverseScan(com.salesforce.phoenix.end2end.InMemoryOrderByTest)')","[30196, 67850]"
"('Description.java', 'org.junit.runner.Description', 'methodAndClassNamePatternGroupOrDefault', '([\\s\\S]*)\\((.*)\\)', 'testConnectionlessUpsert(com.salesforce.phoenix.query.ConnectionlessUpsertTest)')","[24249, 62416]"
"('Description.java', 'org.junit.runner.Description', 'methodAndClassNamePatternGroupOrDefault', '([\\s\\S]*)\\((.*)\\)', 'testNotEqualsByUnsignedDouble[CREATE INDEX ATABLE_IDX ON aTable (a_integer DESC) INCLUDE (    A_STRING,     B_STRING,     A_DATE)](com.salesforce.phoenix.end2end.QueryTest)')","[5350, 43802]"
"('Description.java', 'org.junit.runner.Description', 'methodAndClassNamePatternGroupOrDefault', '([\\s\\S]*)\\((.*)\\)', 'test[ScanRanges[[[b], [1], [[B - D], [G - H]]]] [b1E - b1F]](com.salesforce.phoenix.compile.ScanRangesTest)')","[2997, 42054]"
"('Description.java', 'org.junit.runner.Description', 'methodAndClassNamePatternGroupOrDefault', '([\\s\\S]*)\\((.*)\\)', 'testIllegalUnsignedDateTime(com.salesforce.phoenix.schema.PDataTypeTest)')","[37845, 75286]"
"('Description.java', 'org.junit.runner.Description', 'methodAndClassNamePatternGroupOrDefault', '([\\s\\S]*)\\((.*)\\)', 'testMultiKeyValueIndex(com.salesforce.phoenix.index.IndexMaintainerTest)')","[15887, 54034]"
"('Description.java', 'org.junit.runner.Description', 'methodAndClassNamePatternGroupOrDefault', '([\\s\\S]*)\\((.*)\\)', 'testRowValueConstructorBindParamMetaDataWithMoreNumberOfBindArgs(com.salesforce.phoenix.compile.QueryMetaDataTest)')","[18370, 56476]"
"('Description.java', 'org.junit.runner.Description', 'methodAndClassNamePatternGroupOrDefault', '([\\s\\S]*)\\((.*)\\)', 'testMultipleUpdatesToSingleRow(com.salesforce.phoenix.end2end.index.MutableIndexTest)')","[27935, 65760]"
"('Description.java', 'org.junit.runner.Description', 'methodAndClassNamePatternGroupOrDefault', '([\\s\\S]*)\\((.*)\\)', 'com.salesforce.phoenix.end2end.index.DropViewTest')",[28080]
"('Description.java', 'org.junit.runner.Description', 'methodAndClassNamePatternGroupOrDefault', '([\\s\\S]*)\\((.*)\\)', 'testAmbiguousStaticSelect(com.salesforce.phoenix.end2end.DynamicColumnTest)')","[36637, 74120]"
"('Description.java', 'org.junit.runner.Description', 'methodAndClassNamePatternGroupOrDefault', '([\\s\\S]*)\\((.*)\\)', 'testDecimalAddExpression[CREATE INDEX ATABLE_IDX ON aTable (a_integer) INCLUDE (    A_STRING,     B_STRING,     A_DATE)](com.salesforce.phoenix.end2end.QueryTest)')","[9233, 47643]"
"('Description.java', 'org.junit.runner.Description', 'methodAndClassNamePatternGroupOrDefault', '([\\s\\S]*)\\((.*)\\)', 'testDecimalSubtraction1Expression[](com.salesforce.phoenix.end2end.QueryTest)')","[11876, 50265]"
"('Description.java', 'org.junit.runner.Description', 'methodAndClassNamePatternGroupOrDefault', '([\\s\\S]*)\\((.*)\\)', 'testNotEqualsBySmallInt[CREATE INDEX ATABLE_IDX ON aTable (a_integer, a_string) INCLUDE (    B_STRING,     A_DATE)](com.salesforce.phoenix.end2end.QueryTest)')","[7510, 45941]"
"('Description.java', 'org.junit.runner.Description', 'methodAndClassNamePatternGroupOrDefault', '([\\s\\S]*)\\((.*)\\)', 'testInListSkipScan[CREATE INDEX ATABLE_IDX ON aTable (a_integer) INCLUDE (    A_STRING,     B_STRING,     A_DATE)](com.salesforce.phoenix.end2end.QueryTest)')","[9417, 47827]"
"('Description.java', 'org.junit.runner.Description', 'methodAndClassNamePatternGroupOrDefault', '([\\s\\S]*)\\((.*)\\)', 'testPartialEvalCaseStatement[CREATE INDEX ATABLE_IDX ON aTable (a_integer DESC) INCLUDE (    A_STRING,     B_STRING,     A_DATE)](com.salesforce.phoenix.end2end.QueryTest)')","[6316, 44768]"
"('ServerName.java', 'org.apache.hadoop.hbase.ServerName', 'parseServerName', '[^,]+,[\\d]+,[\\d]+$', 'bn19-236.dcs.mcnc.org,46051,1516005489675')","[1181857, 1181881, 1181983, 1182003, 1182023, 1182047, 1182071, 1182095, 1182119, 1182143, 1182167, 1182191, 1182215, 1182239, 1182263, 1182287, 1182311, 1182335, 1182359, 1182383, 1182407, 1182431, 1182455, 1182479, 1182503, 1182527, 1182551, 1182575, 1182599, 1182623, 1182647, 1182671, 1182695, 1182719, 1182743, 1182767, 1182791, 1182815, 1182839, 1182863, 1182887, 1182911, 1182935, 1182959, 1182983, 1183004, 1183025, 1183083, 1183107, 1183131, 1183149, 1183173, 1183191, 1183215, 1183239, 1183258, 1183280, 1183302, 1183344, 1189427, 1189452, 1189500, 1189809, 1189857, 1234717]"
"('Description.java', 'org.junit.runner.Description', 'methodAndClassNamePatternGroupOrDefault', '([\\s\\S]*)\\((.*)\\)', 'testInnerJoinWithPreFilters[[Ljava.lang.String;@1249ffc3](com.salesforce.phoenix.end2end.HashJoinTest)')","[14743, 53071]"
"('HFileLink.java', 'org.apache.hadoop.hbase.io.HFileLink', 'isHFileLink', '^((?:[a-zA-Z_0-9][a-zA-Z_0-9.-]*))=((?:[a-f0-9]+))-([0-9a-f]+(?:_SeqId_[0-9]+_)?)$', 'e65c206732784bd0a11addd037f732b8')","[1179708, 1179761]"
"('Description.java', 'org.junit.runner.Description', 'methodAndClassNamePatternGroupOrDefault', '([\\s\\S]*)\\((.*)\\)', 'testSplitWithCachedMeta[CREATE INDEX ATABLE_IDX ON aTable (a_integer) INCLUDE (    A_STRING,     B_STRING,     A_DATE)](com.salesforce.phoenix.end2end.QueryTest)')","[11073, 49483]"
"('Description.java', 'org.junit.runner.Description', 'methodAndClassNamePatternGroupOrDefault', '([\\s\\S]*)\\((.*)\\)', 'com.salesforce.hbase.index.write.TestIndexWriter')",[40107]
"('Description.java', 'org.junit.runner.Description', 'methodAndClassNamePatternGroupOrDefault', '([\\s\\S]*)\\((.*)\\)', 'testUnfoundSingleColumnCaseStatement[CREATE INDEX ATABLE_IDX ON aTable (a_integer DESC) INCLUDE (    A_STRING,     B_STRING,     A_DATE)](com.salesforce.phoenix.end2end.QueryTest)')","[4292, 42744]"
"('Description.java', 'org.junit.runner.Description', 'methodAndClassNamePatternGroupOrDefault', '([\\s\\S]*)\\((.*)\\)', 'testPercentRankWithNegativeNumeric(com.salesforce.phoenix.end2end.PercentileTest)')","[30257, 67894]"
"('StoreFile.java', 'org.apache.hadoop.hbase.regionserver.StoreFile', 'isHFile', '^([0-9a-f]+(?:_SeqId_[0-9]+_)?)', 'e65c206732784bd0a11addd037f732b8')","[1179743, 1179796]"
"('Description.java', 'org.junit.runner.Description', 'methodAndClassNamePatternGroupOrDefault', '([\\s\\S]*)\\((.*)\\)', 'testPartiallyQualifiedRVCInList[CREATE INDEX ATABLE_IDX ON aTable (a_integer, a_string) INCLUDE (    B_STRING,     A_DATE)](com.salesforce.phoenix.end2end.QueryTest)')","[7579, 46010]"
"('StoreFile.java', 'org.apache.hadoop.hbase.regionserver.StoreFile', 'isReference', '^([0-9a-f]+(?:_SeqId_[0-9]+_)?|(?:[a-zA-Z_0-9][a-zA-Z_0-9.-]*)=(?:[a-f0-9]+)-[0-9a-f]+(?:_SeqId_[0-9]+_)?)\\.(.+)$', '9c283e2c8f3f4d7b839e416509613a80')","[1234639, 1234692]"
"('Description.java', 'org.junit.runner.Description', 'methodAndClassNamePatternGroupOrDefault', '([\\s\\S]*)\\((.*)\\)', 'testNotEqualsByTinyInt[CREATE INDEX ATABLE_IDX ON aTable (a_integer DESC) INCLUDE (    A_STRING,     B_STRING,     A_DATE)](com.salesforce.phoenix.end2end.QueryTest)')","[5396, 43848]"
"('Description.java', 'org.junit.runner.Description', 'methodAndClassNamePatternGroupOrDefault', '([\\s\\S]*)\\((.*)\\)', 'test[ScanRanges[[[(\\x01 - \\x01)]]] 1](com.salesforce.phoenix.compile.ScanRangesTest)')","[2601, 41847]"
"('Description.java', 'org.junit.runner.Description', 'methodAndClassNamePatternGroupOrDefault', '([\\s\\S]*)\\((.*)\\)', 'testForVarCharArrayForOneElementArrayWithIndex(com.salesforce.phoenix.schema.PDataTypeForArraysTest)')","[37007, 74428]"
"('HFileLink.java', 'org.apache.hadoop.hbase.io.HFileLink', 'isHFileLink', '^((?:[a-zA-Z_0-9][a-zA-Z_0-9.-]*))=((?:[a-f0-9]+))-([0-9a-f]+(?:_SeqId_[0-9]+_)?)$', 'ea2502200ece4ec29045721a861c9d37')","[1306304, 1306357]"
"('Description.java', 'org.junit.runner.Description', 'methodAndClassNamePatternGroupOrDefault', '([\\s\\S]*)\\((.*)\\)', 'testOrderByOptimizedOut(com.salesforce.phoenix.compile.QueryOptimizerTest)')","[18891, 56982]"
"('KerberosName.java', 'org.apache.hadoop.security.KerberosName', '<init>', '([^/@]*)(/([^/@]*))?@([^/@]*)', 'pwang7.hfs.2')","[892078, 892227]"
"('Description.java', 'org.junit.runner.Description', 'methodAndClassNamePatternGroupOrDefault', '([\\s\\S]*)\\((.*)\\)', 'testAllScan[CREATE INDEX ATABLE_IDX ON aTable (a_integer) INCLUDE (    A_STRING,     B_STRING,     A_DATE)](com.salesforce.phoenix.end2end.QueryTest)')","[9624, 48034]"
"('Description.java', 'org.junit.runner.Description', 'methodAndClassNamePatternGroupOrDefault', '([\\s\\S]*)\\((.*)\\)', 'com.salesforce.phoenix.schema.SchemaUtilTest')",[38322]
"('Description.java', 'org.junit.runner.Description', 'methodAndClassNamePatternGroupOrDefault', '([\\s\\S]*)\\((.*)\\)', 'testIntSubtractionExpression[CREATE INDEX ATABLE_IDX ON aTable (a_integer, a_string) INCLUDE (    B_STRING,     A_DATE)](com.salesforce.phoenix.end2end.QueryTest)')","[6843, 45274]"
"('Description.java', 'org.junit.runner.Description', 'methodAndClassNamePatternGroupOrDefault', '([\\s\\S]*)\\((.*)\\)', 'toNumber(com.salesforce.phoenix.expression.DescColumnSortOrderExpressionTest)')","[17225, 55376]"
"('HFileLink.java', 'org.apache.hadoop.hbase.io.HFileLink', 'isHFileLink', '^((?:[a-zA-Z_0-9][a-zA-Z_0-9.-]*))=((?:[a-f0-9]+))-([0-9a-f]+(?:_SeqId_[0-9]+_)?)$', 'b3d0af3a57ff4d0381f515b2aa7d2579')","[1287878, 1287931]"
"('StoreFile.java', 'org.apache.hadoop.hbase.regionserver.StoreFile', 'isReference', '^([0-9a-f]+(?:_SeqId_[0-9]+_)?|(?:[a-zA-Z_0-9][a-zA-Z_0-9.-]*)=(?:[a-f0-9]+)-[0-9a-f]+(?:_SeqId_[0-9]+_)?)\\.(.+)$', '5e28da99cf9442febb3a6f4baf59c227')","[1414828, 1414890, 1415013]"
"('HFileLink.java', 'org.apache.hadoop.hbase.io.HFileLink', 'isHFileLink', '^((?:[a-zA-Z_0-9][a-zA-Z_0-9.-]*))=((?:[a-f0-9]+))-([0-9a-f]+(?:_SeqId_[0-9]+_)?)$', '7f5a4ae14c7042eeadb0b83b86f3de3a')","[890241, 890294]"
"('Description.java', 'org.junit.runner.Description', 'methodAndClassNamePatternGroupOrDefault', '([\\s\\S]*)\\((.*)\\)', 'testMultiUpsert(com.salesforce.phoenix.end2end.DynamicUpsertTest)')","[27189, 65078]"
"('Description.java', 'org.junit.runner.Description', 'methodAndClassNamePatternGroupOrDefault', '([\\s\\S]*)\\((.*)\\)', 'testChooseIndexFromHint(com.salesforce.phoenix.compile.QueryOptimizerTest)')","[19290, 57400]"
"('Description.java', 'org.junit.runner.Description', 'methodAndClassNamePatternGroupOrDefault', '([\\s\\S]*)\\((.*)\\)', 'testCastOperatorInSelect[CREATE INDEX ATABLE_IDX ON aTable (a_integer) INCLUDE (    A_STRING,     B_STRING,     A_DATE)](com.salesforce.phoenix.end2end.QueryTest)')","[9187, 47597]"
"('Description.java', 'org.junit.runner.Description', 'methodAndClassNamePatternGroupOrDefault', '([\\s\\S]*)\\((.*)\\)', 'testSingleEqualFilter(com.salesforce.phoenix.compile.WhereClauseCompileTest)')","[23856, 62064]"
"('Description.java', 'org.junit.runner.Description', 'methodAndClassNamePatternGroupOrDefault', '([\\s\\S]*)\\((.*)\\)', 'testExecuteStatements(com.salesforce.phoenix.end2end.ExecuteStatementsTest)')","[26716, 64682]"
"('StoreFile.java', 'org.apache.hadoop.hbase.regionserver.StoreFile', 'isReference', '^([0-9a-f]+(?:_SeqId_[0-9]+_)?|(?:[a-zA-Z_0-9][a-zA-Z_0-9.-]*)=(?:[a-f0-9]+)-[0-9a-f]+(?:_SeqId_[0-9]+_)?)\\.(.+)$', '2fd0321cd03c448aa281e51e88453403')","[1179090, 1179143]"
"('Description.java', 'org.junit.runner.Description', 'methodAndClassNamePatternGroupOrDefault', '([\\s\\S]*)\\((.*)\\)', '[[[[abc - def], [dzz - xyz)], [[AA - AB)], [[AA - AB)], [[AA - AB)], [[AA - AB)]] [I@335920fa [rowkey=defAAABABAB, expected seek next using hint: dzzAAAAAAAA, rowkey=xyyABABABAB, expected finished]]')",[956]
"('Description.java', 'org.junit.runner.Description', 'methodAndClassNamePatternGroupOrDefault', '([\\s\\S]*)\\((.*)\\)', 'testForUnSignedDoubleArray(com.salesforce.phoenix.schema.PDataTypeForArraysTest)')","[37259, 74692]"
"('Description.java', 'org.junit.runner.Description', 'methodAndClassNamePatternGroupOrDefault', '([\\s\\S]*)\\((.*)\\)', 'testUnsignedDoubleAddExpression[CREATE INDEX ATABLE_IDX ON aTable (a_integer) INCLUDE (    A_STRING,     B_STRING,     A_DATE)](com.salesforce.phoenix.end2end.QueryTest)')","[10199, 48609]"
"('StoreFile.java', 'org.apache.hadoop.hbase.regionserver.StoreFile', 'isReference', '^([0-9a-f]+(?:_SeqId_[0-9]+_)?|(?:[a-zA-Z_0-9][a-zA-Z_0-9.-]*)=(?:[a-f0-9]+)-[0-9a-f]+(?:_SeqId_[0-9]+_)?)\\.(.+)$', '9ffa923894814f31a6190f8899e472de')","[1348028, 1348081]"
"('ServerName.java', 'org.apache.hadoop.hbase.ServerName', 'parseServerName', '[^,]+,[\\d]+,[\\d]+$', 'bn19-236.dcs.mcnc.org,44107,1516005608098')","[1307753, 1307777, 1307879, 1307899, 1307919, 1307943, 1307967, 1307991, 1308015, 1308039, 1308063, 1308087, 1308111, 1308135, 1308159, 1308183, 1308207, 1308231, 1308255, 1308279, 1308303, 1308327, 1308351, 1308375, 1308399, 1308423, 1308447, 1308471, 1308495, 1308519, 1308543, 1308567, 1308591, 1308615, 1308639, 1308663, 1308687, 1308711, 1308735, 1308759, 1308783, 1308807, 1308831, 1308855, 1308879, 1308900, 1308921, 1308945, 1308969, 1309021, 1309039, 1309063, 1309087, 1309111, 1309135, 1309159, 1309183, 1309207, 1309231, 1309250, 1309272, 1309294, 1309336, 1315442, 1315751, 1315799, 1328562]"
"('Description.java', 'org.junit.runner.Description', 'methodAndClassNamePatternGroupOrDefault', '([\\s\\S]*)\\((.*)\\)', 'testDropIfImmutableKeyValueColumn(com.salesforce.phoenix.end2end.index.ImmutableIndexTest)')","[28309, 66112]"
"('Description.java', 'org.junit.runner.Description', 'methodAndClassNamePatternGroupOrDefault', '([\\s\\S]*)\\((.*)\\)', 'testCSVUpsertWithNoColumns(com.salesforce.phoenix.end2end.CSVLoaderTest)')","[34849, 72426]"
"('Description.java', 'org.junit.runner.Description', 'methodAndClassNamePatternGroupOrDefault', '([\\s\\S]*)\\((.*)\\)', 'testDropViewKeepsHTable(com.salesforce.phoenix.end2end.index.DropViewTest)')","[28101, 65914]"
"('Description.java', 'org.junit.runner.Description', 'methodAndClassNamePatternGroupOrDefault', '([\\s\\S]*)\\((.*)\\)', 'test[ScanRanges[[[a], [1], [[A - B]]]] [d0A - *)](com.salesforce.phoenix.compile.ScanRangesTest)')","[3745, 42445]"
"('Description.java', 'org.junit.runner.Description', 'methodAndClassNamePatternGroupOrDefault', '([\\s\\S]*)\\((.*)\\)', 'testUnfoundMultiColumnCaseStatement[CREATE INDEX ATABLE_IDX ON aTable (a_integer DESC) INCLUDE (    A_STRING,     B_STRING,     A_DATE)](com.salesforce.phoenix.end2end.QueryTest)')","[5143, 43595]"
"('Description.java', 'org.junit.runner.Description', 'methodAndClassNamePatternGroupOrDefault', '([\\s\\S]*)\\((.*)\\)', 'testSelectWithArrayWithColumnRef(com.salesforce.phoenix.end2end.ArrayTest)')","[25640, 63714]"
"('Description.java', 'org.junit.runner.Description', 'methodAndClassNamePatternGroupOrDefault', '([\\s\\S]*)\\((.*)\\)', 'testNotEqualsByUnsignedDouble[](com.salesforce.phoenix.end2end.QueryTest)')","[12796, 51185]"
"('Description.java', 'org.junit.runner.Description', 'methodAndClassNamePatternGroupOrDefault', '([\\s\\S]*)\\((.*)\\)', 'testMixedTypeInListStatement[CREATE INDEX ATABLE_IDX ON aTable (a_integer) INCLUDE (    A_STRING,     B_STRING,     A_DATE)](com.salesforce.phoenix.end2end.QueryTest)')","[10452, 48862]"
"('Description.java', 'org.junit.runner.Description', 'methodAndClassNamePatternGroupOrDefault', '([\\s\\S]*)\\((.*)\\)', 'testPointInTimeDeleteUngroupedAggregation[](com.salesforce.phoenix.end2end.QueryTest)')","[13900, 52289]"
"('Description.java', 'org.junit.runner.Description', 'methodAndClassNamePatternGroupOrDefault', '([\\s\\S]*)\\((.*)\\)', 'testDeleteFamilyCorrectlyCoversColumns(com.salesforce.hbase.index.covered.filter.TestApplyAndFilterDeletesFilter)')","[39640, 76848]"
"('Description.java', 'org.junit.runner.Description', 'methodAndClassNamePatternGroupOrDefault', '([\\s\\S]*)\\((.*)\\)', 'testMergeSort(com.salesforce.phoenix.iterate.ConcatResultIteratorTest)')","[15273, 53550]"
"('Description.java', 'org.junit.runner.Description', 'methodAndClassNamePatternGroupOrDefault', '([\\s\\S]*)\\((.*)\\)', '[[[[b - e), [j - m)], [1, [2 - 4]], [B]] [[[j - m)], [[2 - 4]], [B]]]')",[1547]
"('Description.java', 'org.junit.runner.Description', 'methodAndClassNamePatternGroupOrDefault', '([\\s\\S]*)\\((.*)\\)', '[ScanRanges[[[a], [1], [[D - E]]]] (* - a1C]]')",[3414]
"('StoreFile.java', 'org.apache.hadoop.hbase.regionserver.StoreFile', 'isReference', '^([0-9a-f]+(?:_SeqId_[0-9]+_)?|(?:[a-zA-Z_0-9][a-zA-Z_0-9.-]*)=(?:[a-f0-9]+)-[0-9a-f]+(?:_SeqId_[0-9]+_)?)\\.(.+)$', 'fca529dbcc1f48f186ceef2339da145b')","[1233897, 1233950]"
"('Description.java', 'org.junit.runner.Description', 'methodAndClassNamePatternGroupOrDefault', '([\\s\\S]*)\\((.*)\\)', 'com.salesforce.hbase.index.covered.update.TestIndexUpdateManager')",[39762]
"('Description.java', 'org.junit.runner.Description', 'methodAndClassNamePatternGroupOrDefault', '([\\s\\S]*)\\((.*)\\)', 'testFoundIndexOnPartialEvalCaseStatement[CREATE INDEX ATABLE_IDX ON aTable (a_integer) INCLUDE (    A_STRING,     B_STRING,     A_DATE)](com.salesforce.phoenix.end2end.QueryTest)')","[9348, 47758]"
"('Description.java', 'org.junit.runner.Description', 'methodAndClassNamePatternGroupOrDefault', '([\\s\\S]*)\\((.*)\\)', 'testSelectValueWithNotFullyQualifiedWhereClause(com.salesforce.phoenix.end2end.salted.SaltedTableTest)')","[24915, 63054]"
"('Description.java', 'org.junit.runner.Description', 'methodAndClassNamePatternGroupOrDefault', '([\\s\\S]*)\\((.*)\\)', 'test[[[[b - e), [j - m)], [1, [2 - 4]], [B]] [[[j - m)], [[2 - 4]], [B]]](com.salesforce.phoenix.filter.SkipScanFilterIntersectTest)')","[1570, 41318]"
"('Description.java', 'org.junit.runner.Description', 'methodAndClassNamePatternGroupOrDefault', '([\\s\\S]*)\\((.*)\\)', 'test[ScanRanges[[[b], [1], [[B - D]]]] [b1C - b2E]](com.salesforce.phoenix.compile.ScanRangesTest)')","[2909, 42008]"
"('Description.java', 'org.junit.runner.Description', 'methodAndClassNamePatternGroupOrDefault', '([\\s\\S]*)\\((.*)\\)', 'testSelectForceRangeScan(com.salesforce.phoenix.compile.StatementHintsCompilationTest)')","[21405, 59556]"
"('Description.java', 'org.junit.runner.Description', 'methodAndClassNamePatternGroupOrDefault', '([\\s\\S]*)\\((.*)\\)', 'testFeatureDateRangeAggregation(com.salesforce.phoenix.end2end.ProductMetricsTest)')","[33889, 71480]"
"('Description.java', 'org.junit.runner.Description', 'methodAndClassNamePatternGroupOrDefault', '([\\s\\S]*)\\((.*)\\)', 'testCoerceTinyIntToSmallInt[CREATE INDEX ATABLE_IDX ON aTable (a_integer) INCLUDE (    A_STRING,     B_STRING,     A_DATE)](com.salesforce.phoenix.end2end.QueryTest)')","[9555, 47965]"
"('Description.java', 'org.junit.runner.Description', 'methodAndClassNamePatternGroupOrDefault', '([\\s\\S]*)\\((.*)\\)', 'testCompositeRowKeyVarFixedDescIndex(com.salesforce.phoenix.index.IndexMaintainerTest)')","[15761, 53902]"
"('Description.java', 'org.junit.runner.Description', 'methodAndClassNamePatternGroupOrDefault', '([\\s\\S]*)\\((.*)\\)', 'com.salesforce.phoenix.end2end.OrderByTest')",[36492]
"('Description.java', 'org.junit.runner.Description', 'methodAndClassNamePatternGroupOrDefault', '([\\s\\S]*)\\((.*)\\)', 'testNotBetweenFilter(com.salesforce.phoenix.compile.WhereClauseCompileTest)')","[23814, 62020]"
"('Description.java', 'org.junit.runner.Description', 'methodAndClassNamePatternGroupOrDefault', '([\\s\\S]*)\\((.*)\\)', 'com.salesforce.phoenix.end2end.InMemoryOrderByTest')",[30133]
"('StoreFile.java', 'org.apache.hadoop.hbase.regionserver.StoreFile', 'isReference', '^([0-9a-f]+(?:_SeqId_[0-9]+_)?|(?:[a-zA-Z_0-9][a-zA-Z_0-9.-]*)=(?:[a-f0-9]+)-[0-9a-f]+(?:_SeqId_[0-9]+_)?)\\.(.+)$', '3122452c93014690995cbfccc57266f6')","[104221, 104274]"
"('StoreFile.java', 'org.apache.hadoop.hbase.regionserver.StoreFile', 'isHFile', '^([0-9a-f]+(?:_SeqId_[0-9]+_)?)', '9c283e2c8f3f4d7b839e416509613a80')","[1234656, 1234709]"
"('Description.java', 'org.junit.runner.Description', 'methodAndClassNamePatternGroupOrDefault', '([\\s\\S]*)\\((.*)\\)', 'testNegative2(com.salesforce.phoenix.parse.QueryParserTest)')","[16452, 54606]"
"('Description.java', 'org.junit.runner.Description', 'methodAndClassNamePatternGroupOrDefault', '([\\s\\S]*)\\((.*)\\)', 'testNoRowsUngroupedAggregation(com.salesforce.phoenix.end2end.ProductMetricsTest)')","[34204, 71810]"
"('Description.java', 'org.junit.runner.Description', 'methodAndClassNamePatternGroupOrDefault', '([\\s\\S]*)\\((.*)\\)', 'testDecimalMultiplyExpression[CREATE INDEX ATABLE_IDX ON aTable (a_integer) INCLUDE (    A_STRING,     B_STRING,     A_DATE)](com.salesforce.phoenix.end2end.QueryTest)')","[10613, 49023]"
"('Description.java', 'org.junit.runner.Description', 'methodAndClassNamePatternGroupOrDefault', '([\\s\\S]*)\\((.*)\\)', 'testWaitsOnIndexRegionToReload(com.salesforce.hbase.index.write.TestWALRecoveryCaching)')","[40395, 77420]"
"('StoreFile.java', 'org.apache.hadoop.hbase.regionserver.StoreFile', 'isReference', '^([0-9a-f]+(?:_SeqId_[0-9]+_)?|(?:[a-zA-Z_0-9][a-zA-Z_0-9.-]*)=(?:[a-f0-9]+)-[0-9a-f]+(?:_SeqId_[0-9]+_)?)\\.(.+)$', '805dc94bf2064ad28bf36aaa0a8b15b5')","[1413700, 1413753]"
"('Description.java', 'org.junit.runner.Description', 'methodAndClassNamePatternGroupOrDefault', '([\\s\\S]*)\\((.*)\\)', 'testResizeWaitForMemoryAvailable(com.salesforce.phoenix.memory.MemoryManagerTest)')","[17933, 56058]"
"('Description.java', 'org.junit.runner.Description', 'methodAndClassNamePatternGroupOrDefault', '([\\s\\S]*)\\((.*)\\)', 'testPointInTimeLimitedScan[CREATE INDEX ATABLE_IDX ON aTable (a_integer DESC) INCLUDE (    A_STRING,     B_STRING,     A_DATE)](com.salesforce.phoenix.end2end.QueryTest)')","[5856, 44308]"
"('StoreFile.java', 'org.apache.hadoop.hbase.regionserver.StoreFile', 'isHFile', '^([0-9a-f]+(?:_SeqId_[0-9]+_)?)', '7204a91aa5314cb0b6aea56db40c92a1')","[1258603, 1258656]"
"('Description.java', 'org.junit.runner.Description', 'methodAndClassNamePatternGroupOrDefault', '([\\s\\S]*)\\((.*)\\)', 'testMultiOrderByExpr(com.salesforce.phoenix.end2end.SpooledOrderByTest)')","[27689, 65562]"
"('Description.java', 'org.junit.runner.Description', 'methodAndClassNamePatternGroupOrDefault', '([\\s\\S]*)\\((.*)\\)', 'testTenantSpecificTableCannotDeclarePK(com.salesforce.phoenix.end2end.TenantSpecificTablesDDLTest)')","[36160, 73680]"
"('Description.java', 'org.junit.runner.Description', 'methodAndClassNamePatternGroupOrDefault', '([\\s\\S]*)\\((.*)\\)', 'testRetrieve(com.salesforce.phoenix.end2end.MD5FunctionTest)')","[28738, 66442]"
"('Description.java', 'org.junit.runner.Description', 'methodAndClassNamePatternGroupOrDefault', '([\\s\\S]*)\\((.*)\\)', 'testDoubleSubtractionExpression[](com.salesforce.phoenix.end2end.QueryTest)')","[13049, 51438]"
"('Description.java', 'org.junit.runner.Description', 'methodAndClassNamePatternGroupOrDefault', '([\\s\\S]*)\\((.*)\\)', 'testSmallIntSubtractionExpression[CREATE INDEX ATABLE_IDX ON aTable (a_integer) INCLUDE (    A_STRING,     B_STRING,     A_DATE)](com.salesforce.phoenix.end2end.QueryTest)')","[9762, 48172]"
"('HFileLink.java', 'org.apache.hadoop.hbase.io.HFileLink', 'isHFileLink', '^((?:[a-zA-Z_0-9][a-zA-Z_0-9.-]*))=((?:[a-f0-9]+))-([0-9a-f]+(?:_SeqId_[0-9]+_)?)$', '15c77d860d2348248a32a8c2c53ac494')","[336976, 337029, 337280, 337294, 549185, 549215]"
"('Description.java', 'org.junit.runner.Description', 'methodAndClassNamePatternGroupOrDefault', '([\\s\\S]*)\\((.*)\\)', 'testNullCount(com.salesforce.phoenix.schema.ValueBitSetTest)')","[36925, 74362]"
"('Description.java', 'org.junit.runner.Description', 'methodAndClassNamePatternGroupOrDefault', '([\\s\\S]*)\\((.*)\\)', 'testGroupByPlusOne[](com.salesforce.phoenix.end2end.QueryTest)')","[11991, 50380]"
"('Description.java', 'org.junit.runner.Description', 'methodAndClassNamePatternGroupOrDefault', '([\\s\\S]*)\\((.*)\\)', 'testNegativeDateTime(com.salesforce.phoenix.schema.PDataTypeTest)')","[38118, 75572]"
"('Description.java', 'org.junit.runner.Description', 'methodAndClassNamePatternGroupOrDefault', '([\\s\\S]*)\\((.*)\\)', 'testLimitParameterMetaData(com.salesforce.phoenix.compile.QueryMetaDataTest)')","[18160, 56256]"
"('HFileLink.java', 'org.apache.hadoop.hbase.io.HFileLink', 'isHFileLink', '^((?:[a-zA-Z_0-9][a-zA-Z_0-9.-]*))=((?:[a-f0-9]+))-([0-9a-f]+(?:_SeqId_[0-9]+_)?)$', '866c3490ab1e49dfb3408b1788efaaf1')","[1305986, 1306039]"
"('Description.java', 'org.junit.runner.Description', 'methodAndClassNamePatternGroupOrDefault', '([\\s\\S]*)\\((.*)\\)', 'testOverwritingPutsCorrectlyGetIndexed(com.salesforce.hbase.index.covered.example.TestEndToEndCoveredIndexing)')","[39266, 76496]"
"('Description.java', 'org.junit.runner.Description', 'methodAndClassNamePatternGroupOrDefault', '([\\s\\S]*)\\((.*)\\)', 'testUngroupedAggregation(com.salesforce.phoenix.end2end.CustomEntityDataTest)')","[25911, 63978]"
"('Description.java', 'org.junit.runner.Description', 'methodAndClassNamePatternGroupOrDefault', '([\\s\\S]*)\\((.*)\\)', 'testDegenerateDivision1(com.salesforce.phoenix.compile.WhereClauseOptimizerTest)')","[19771, 57884]"
"('Description.java', 'org.junit.runner.Description', 'methodAndClassNamePatternGroupOrDefault', '([\\s\\S]*)\\((.*)\\)', 'testEmptyStringValue[CREATE INDEX ATABLE_IDX ON aTable (a_integer) INCLUDE (    A_STRING,     B_STRING,     A_DATE)](com.salesforce.phoenix.end2end.QueryTest)')","[9302, 47712]"
"('Description.java', 'org.junit.runner.Description', 'methodAndClassNamePatternGroupOrDefault', '([\\s\\S]*)\\((.*)\\)', 'testCoveredColumns(com.salesforce.phoenix.end2end.index.MutableIndexTest)')","[28019, 65848]"
"('Description.java', 'org.junit.runner.Description', 'methodAndClassNamePatternGroupOrDefault', '([\\s\\S]*)\\((.*)\\)', 'testSystemTable(com.salesforce.phoenix.end2end.SequenceTest)')","[29929, 67630]"
"('Description.java', 'org.junit.runner.Description', 'methodAndClassNamePatternGroupOrDefault', '([\\s\\S]*)\\((.*)\\)', 'testArrayLengthFunctionForFixedLength(com.salesforce.phoenix.end2end.ArrayTest)')","[25682, 63758]"
"('Description.java', 'org.junit.runner.Description', 'methodAndClassNamePatternGroupOrDefault', '([\\s\\S]*)\\((.*)\\)', 'testStringConcatExpression(com.salesforce.phoenix.compile.QueryCompileTest)')","[22787, 60964]"
"('Description.java', 'org.junit.runner.Description', 'methodAndClassNamePatternGroupOrDefault', '([\\s\\S]*)\\((.*)\\)', 'testTableWithInvalidBucketNumber(com.salesforce.phoenix.end2end.salted.SaltedTableTest)')","[25041, 63186]"
"('Description.java', 'org.junit.runner.Description', 'methodAndClassNamePatternGroupOrDefault', '([\\s\\S]*)\\((.*)\\)', 'testLong(com.salesforce.phoenix.schema.PDataTypeTest)')","[37803, 75242]"
"('Description.java', 'org.junit.runner.Description', 'methodAndClassNamePatternGroupOrDefault', '([\\s\\S]*)\\((.*)\\)', 'testUpsertSelectWithNoIndex(com.salesforce.phoenix.end2end.UpsertSelectTest)')","[31278, 68884]"
"('Description.java', 'org.junit.runner.Description', 'methodAndClassNamePatternGroupOrDefault', '([\\s\\S]*)\\((.*)\\)', 'testSelectWithSubtractionExpression[](com.salesforce.phoenix.end2end.QueryTest)')","[13716, 52105]"
"('Description.java', 'org.junit.runner.Description', 'methodAndClassNamePatternGroupOrDefault', '([\\s\\S]*)\\((.*)\\)', '[[[\\xFF], [\\xFF]] [I@287fb716 [B@58cd1a1f UPPER {4}]')",[849]
"('Description.java', 'org.junit.runner.Description', 'methodAndClassNamePatternGroupOrDefault', '([\\s\\S]*)\\((.*)\\)', 'minDescCompositePK(com.salesforce.phoenix.end2end.DescColumnSortOrderTest)')","[29114, 66816]"
"('Description.java', 'org.junit.runner.Description', 'methodAndClassNamePatternGroupOrDefault', '([\\s\\S]*)\\((.*)\\)', 'testMultiCondCaseStatement[](com.salesforce.phoenix.end2end.QueryTest)')","[12520, 50909]"
"('Description.java', 'org.junit.runner.Description', 'methodAndClassNamePatternGroupOrDefault', '([\\s\\S]*)\\((.*)\\)', 'test[[[b, [c - d]], [1, [2 - 3]], [B, [C - D]]] [[b], [1], [B]]](com.salesforce.phoenix.filter.SkipScanFilterIntersectTest)')","[1614, 1790, 41341, 41433]"
"('Description.java', 'org.junit.runner.Description', 'methodAndClassNamePatternGroupOrDefault', '([\\s\\S]*)\\((.*)\\)', 'testShutdownInterruptsAsExpected(com.salesforce.hbase.index.write.TestIndexWriter)')","[40128, 77200]"
"('Description.java', 'org.junit.runner.Description', 'methodAndClassNamePatternGroupOrDefault', '([\\s\\S]*)\\((.*)\\)', 'testPercentileDiscAsc(com.salesforce.phoenix.end2end.PercentileTest)')","[30530, 68180]"
"('Description.java', 'org.junit.runner.Description', 'methodAndClassNamePatternGroupOrDefault', '([\\s\\S]*)\\((.*)\\)', 'testCastOperatorInSelect[CREATE INDEX ATABLE_IDX ON aTable (a_integer, a_string) INCLUDE (    B_STRING,     A_DATE)](com.salesforce.phoenix.end2end.QueryTest)')","[6705, 45136]"
"('Description.java', 'org.junit.runner.Description', 'methodAndClassNamePatternGroupOrDefault', '([\\s\\S]*)\\((.*)\\)', 'testVarLengthPKColScan(com.salesforce.phoenix.end2end.VariableLengthPKTest)')","[31610, 69192]"
"('Description.java', 'org.junit.runner.Description', 'methodAndClassNamePatternGroupOrDefault', '([\\s\\S]*)\\((.*)\\)', 'testDropTenantTableWithoutTenantTypeIdOnlyDeletesTenantData(com.salesforce.phoenix.end2end.TenantSpecificTablesDMLTest)')","[30902, 68510]"
"('Description.java', 'org.junit.runner.Description', 'methodAndClassNamePatternGroupOrDefault', '([\\s\\S]*)\\((.*)\\)', 'testDropSequence(com.salesforce.phoenix.end2end.SequenceTest)')","[29635, 67322]"
"('Description.java', 'org.junit.runner.Description', 'methodAndClassNamePatternGroupOrDefault', '([\\s\\S]*)\\((.*)\\)', 'testDropCoveredColumn(com.salesforce.phoenix.end2end.AlterTableTest)')","[26487, 64462]"
"('Description.java', 'org.junit.runner.Description', 'methodAndClassNamePatternGroupOrDefault', '([\\s\\S]*)\\((.*)\\)', 'testIsNullOnNotNullable(com.salesforce.phoenix.compile.QueryCompileTest)')","[22367, 60524]"
"('Description.java', 'org.junit.runner.Description', 'methodAndClassNamePatternGroupOrDefault', '([\\s\\S]*)\\((.*)\\)', 'test[[[a], [[A - B]]] [I@16e16c5 [B@6298e03e UPPER {4}](com.salesforce.phoenix.util.ScanUtilTest)')","[916, 40996]"
"('Description.java', 'org.junit.runner.Description', 'methodAndClassNamePatternGroupOrDefault', '([\\s\\S]*)\\((.*)\\)', '[[[b, [c - e]], [1, [2 - 4]], [B, [C - E]]] [[[c - e]], [[2 - 4]], [B, [C - E]]]]')",[2163]
"('Description.java', 'org.junit.runner.Description', 'methodAndClassNamePatternGroupOrDefault', '([\\s\\S]*)\\((.*)\\)', 'testOrderByNotDropped(com.salesforce.phoenix.compile.QueryOptimizerTest)')","[19269, 57378]"
"('Description.java', 'org.junit.runner.Description', 'methodAndClassNamePatternGroupOrDefault', '([\\s\\S]*)\\((.*)\\)', 'com.salesforce.phoenix.end2end.salted.SaltedTableUpsertSelectTest')","[25060, 1288743]"
"('Description.java', 'org.junit.runner.Description', 'methodAndClassNamePatternGroupOrDefault', '([\\s\\S]*)\\((.*)\\)', 'testScanNoSCN(com.salesforce.phoenix.end2end.QueryExecWithoutSCNTest)')","[34370, 71964]"
"('Description.java', 'org.junit.runner.Description', 'methodAndClassNamePatternGroupOrDefault', '([\\s\\S]*)\\((.*)\\)', 'testRHSLiteral(com.salesforce.phoenix.compile.WhereClauseOptimizerTest)')","[21073, 59248]"
"('Description.java', 'org.junit.runner.Description', 'methodAndClassNamePatternGroupOrDefault', '([\\s\\S]*)\\((.*)\\)', 'testNullMultiCondCaseStatement[CREATE INDEX ATABLE_IDX ON aTable (a_integer) INCLUDE (    A_STRING,     B_STRING,     A_DATE)](com.salesforce.phoenix.end2end.QueryTest)')","[11303, 49713]"
"('Description.java', 'org.junit.runner.Description', 'methodAndClassNamePatternGroupOrDefault', '([\\s\\S]*)\\((.*)\\)', 'testSelectWithDivideExpression[CREATE INDEX ATABLE_IDX ON aTable (a_integer, a_string) INCLUDE (    B_STRING,     A_DATE)](com.salesforce.phoenix.end2end.QueryTest)')","[8407, 46838]"
"('Description.java', 'org.junit.runner.Description', 'methodAndClassNamePatternGroupOrDefault', '([\\s\\S]*)\\((.*)\\)', 'testPointInTimeLimitedScan[](com.salesforce.phoenix.end2end.QueryTest)')","[13302, 51691]"
"('Description.java', 'org.junit.runner.Description', 'methodAndClassNamePatternGroupOrDefault', '([\\s\\S]*)\\((.*)\\)', 'testConstantSubtractionExpression[CREATE INDEX ATABLE_IDX ON aTable (a_integer, a_string) INCLUDE (    B_STRING,     A_DATE)](com.salesforce.phoenix.end2end.QueryTest)')","[7349, 45780]"
"('Description.java', 'org.junit.runner.Description', 'methodAndClassNamePatternGroupOrDefault', '([\\s\\S]*)\\((.*)\\)', 'testRoundingUpTimestamp(com.salesforce.phoenix.end2end.RoundFloorCeilFunctionsEnd2EndTest)')","[35765, 73306]"
"('HFileLink.java', 'org.apache.hadoop.hbase.io.HFileLink', 'isHFileLink', '^((?:[a-zA-Z_0-9][a-zA-Z_0-9.-]*))=((?:[a-f0-9]+))-([0-9a-f]+(?:_SeqId_[0-9]+_)?)$', '3f0511abc8e044dfa83e3cca94e09c4d')","[1328148, 1328201]"
"('Description.java', 'org.junit.runner.Description', 'methodAndClassNamePatternGroupOrDefault', '([\\s\\S]*)\\((.*)\\)', 'testValidStringConcatExpression[CREATE INDEX ATABLE_IDX ON aTable (a_integer DESC) INCLUDE (    A_STRING,     B_STRING,     A_DATE)](com.salesforce.phoenix.end2end.QueryTest)')","[5166, 43618]"
"('Description.java', 'org.junit.runner.Description', 'methodAndClassNamePatternGroupOrDefault', '([\\s\\S]*)\\((.*)\\)', 'com.salesforce.phoenix.end2end.UpsertValuesTest')",[26735]
"('Description.java', 'org.junit.runner.Description', 'methodAndClassNamePatternGroupOrDefault', '([\\s\\S]*)\\((.*)\\)', 'testEmptyStringValue[](com.salesforce.phoenix.end2end.QueryTest)')","[11784, 50173]"
"('Description.java', 'org.junit.runner.Description', 'methodAndClassNamePatternGroupOrDefault', '([\\s\\S]*)\\((.*)\\)', '[ScanRanges[[[a], [1], [[A - B]]]] (* - *)]')",[3766]
"('Description.java', 'org.junit.runner.Description', 'methodAndClassNamePatternGroupOrDefault', '([\\s\\S]*)\\((.*)\\)', 'testSubtractionInSelect(com.salesforce.phoenix.parse.QueryParserTest)')","[16578, 54738]"
"('Description.java', 'org.junit.runner.Description', 'methodAndClassNamePatternGroupOrDefault', '([\\s\\S]*)\\((.*)\\)', 'test[ScanRanges[[[b], [1], [[B - D]]]] [b0A - b1C]](com.salesforce.phoenix.compile.ScanRangesTest)')","[2469, 41778]"
"('StoreFile.java', 'org.apache.hadoop.hbase.regionserver.StoreFile', 'isReference', '^([0-9a-f]+(?:_SeqId_[0-9]+_)?|(?:[a-zA-Z_0-9][a-zA-Z_0-9.-]*)=(?:[a-f0-9]+)-[0-9a-f]+(?:_SeqId_[0-9]+_)?)\\.(.+)$', 'c318b6d5608f43138df5eaa6525afef0')","[1434976, 1435029]"
"('Description.java', 'org.junit.runner.Description', 'methodAndClassNamePatternGroupOrDefault', '([\\s\\S]*)\\((.*)\\)', 'testLengthFunction(com.salesforce.phoenix.end2end.VariableLengthPKTest)')","[31505, 69082]"
"('Description.java', 'org.junit.runner.Description', 'methodAndClassNamePatternGroupOrDefault', '([\\s\\S]*)\\((.*)\\)', 'testScanByShortValue[CREATE INDEX ATABLE_IDX ON aTable (a_integer) INCLUDE (    A_STRING,     B_STRING,     A_DATE)](com.salesforce.phoenix.end2end.QueryTest)')","[10498, 48908]"
"('Description.java', 'org.junit.runner.Description', 'methodAndClassNamePatternGroupOrDefault', '([\\s\\S]*)\\((.*)\\)', 'testSingleKeyValueIndex(com.salesforce.phoenix.index.IndexMaintainerTest)')","[16013, 54166]"
"('Description.java', 'org.junit.runner.Description', 'methodAndClassNamePatternGroupOrDefault', '([\\s\\S]*)\\((.*)\\)', 'testCastOperatorInWhere[](com.salesforce.phoenix.end2end.QueryTest)')","[11922, 50311]"
"('Description.java', 'org.junit.runner.Description', 'methodAndClassNamePatternGroupOrDefault', '([\\s\\S]*)\\((.*)\\)', 'testFailToSpool(com.salesforce.phoenix.iterate.SpoolingResultIteratorTest)')","[15233, 53528]"
"('Description.java', 'org.junit.runner.Description', 'methodAndClassNamePatternGroupOrDefault', '([\\s\\S]*)\\((.*)\\)', 'testRegexpSubstrFunction2(com.salesforce.phoenix.end2end.VariableLengthPKTest)')","[31568, 69148]"
"('Description.java', 'org.junit.runner.Description', 'methodAndClassNamePatternGroupOrDefault', '([\\s\\S]*)\\((.*)\\)', 'com.salesforce.phoenix.expression.DescColumnSortOrderExpressionTest')","[17183, 1180261]"
"('Description.java', 'org.junit.runner.Description', 'methodAndClassNamePatternGroupOrDefault', '([\\s\\S]*)\\((.*)\\)', 'com.salesforce.phoenix.end2end.CoalesceFunctionTest')",[26054]
"('Description.java', 'org.junit.runner.Description', 'methodAndClassNamePatternGroupOrDefault', '([\\s\\S]*)\\((.*)\\)', 'testNotEquals[](com.salesforce.phoenix.end2end.QueryTest)')","[13624, 52013]"
"('Description.java', 'org.junit.runner.Description', 'methodAndClassNamePatternGroupOrDefault', '([\\s\\S]*)\\((.*)\\)', 'testRVCWithCeilAndFloorNeededForDecimal(com.salesforce.phoenix.end2end.RowValueConstructorTest)')","[24665, 62812]"
"('Description.java', 'org.junit.runner.Description', 'methodAndClassNamePatternGroupOrDefault', '([\\s\\S]*)\\((.*)\\)', 'testUpsertValuesWithExpression(com.salesforce.phoenix.end2end.UpsertValuesTest)')","[26819, 64770]"
"('Description.java', 'org.junit.runner.Description', 'methodAndClassNamePatternGroupOrDefault', '([\\s\\S]*)\\((.*)\\)', '[[[[a - b)], [[1 - 2)], [[A - B)]] [I@5ded70df [B@f8d70a6 UPPER {4}]')",[541]
"('StoreFile.java', 'org.apache.hadoop.hbase.regionserver.StoreFile', 'isHFile', '^([0-9a-f]+(?:_SeqId_[0-9]+_)?)', '805dc94bf2064ad28bf36aaa0a8b15b5')","[1413717, 1413770]"
"('Description.java', 'org.junit.runner.Description', 'methodAndClassNamePatternGroupOrDefault', '([\\s\\S]*)\\((.*)\\)', 'testCompositeDescRowKeyVarFixedDescSaltedIndexSaltedTable(com.salesforce.phoenix.index.IndexMaintainerTest)')","[15929, 54078]"
"('Description.java', 'org.junit.runner.Description', 'methodAndClassNamePatternGroupOrDefault', '([\\s\\S]*)\\((.*)\\)', 'testSimpleCaseStatement[](com.salesforce.phoenix.end2end.QueryTest)')","[13440, 51829]"
"('StoreFile.java', 'org.apache.hadoop.hbase.regionserver.StoreFile', 'isReference', '^([0-9a-f]+(?:_SeqId_[0-9]+_)?|(?:[a-zA-Z_0-9][a-zA-Z_0-9.-]*)=(?:[a-f0-9]+)-[0-9a-f]+(?:_SeqId_[0-9]+_)?)\\.(.+)$', 'dd52835cba9f4113971346343961d737')","[1179408, 1179461]"
"('Description.java', 'org.junit.runner.Description', 'methodAndClassNamePatternGroupOrDefault', '([\\s\\S]*)\\((.*)\\)', 'testDoubleSubtractionExpression[CREATE INDEX ATABLE_IDX ON aTable (a_integer) INCLUDE (    A_STRING,     B_STRING,     A_DATE)](com.salesforce.phoenix.end2end.QueryTest)')","[10567, 48977]"
"('Description.java', 'org.junit.runner.Description', 'methodAndClassNamePatternGroupOrDefault', '([\\s\\S]*)\\((.*)\\)', 'testDeleteOnlyDeletesTenantData(com.salesforce.phoenix.end2end.TenantSpecificTablesDMLTest)')","[30923, 68532]"
"('RegionCoprocessorHost.java', 'org.apache.hadoop.hbase.regionserver.RegionCoprocessorHost', 'loadTableCoprocessors', '^coprocessor\\$([0-9]+)$', 'UpgradeTo30')","[86714, 87120, 113828, 114216, 900298, 900686, 1189738, 1190125, 1243739, 1244126, 1268108, 1268495, 1297738, 1298125, 1315680, 1316067, 1337678, 1338065, 1357282, 1357669, 1402972, 1403359, 1422790, 1423177]"
"('Description.java', 'org.junit.runner.Description', 'methodAndClassNamePatternGroupOrDefault', '([\\s\\S]*)\\((.*)\\)', 'testJoinPlanWithIndex[[Ljava.lang.String;@26a6d290](com.salesforce.phoenix.end2end.HashJoinTest)')","[14561, 52910]"
"('Description.java', 'org.junit.runner.Description', 'methodAndClassNamePatternGroupOrDefault', '([\\s\\S]*)\\((.*)\\)', 'testPointInTimeScan[CREATE INDEX ATABLE_IDX ON aTable (a_integer DESC) INCLUDE (    A_STRING,     B_STRING,     A_DATE)](com.salesforce.phoenix.end2end.QueryTest)')","[4706, 43158]"
"('Description.java', 'org.junit.runner.Description', 'methodAndClassNamePatternGroupOrDefault', '([\\s\\S]*)\\((.*)\\)', 'testInvalidUpsertSelect(com.salesforce.phoenix.compile.ViewCompileTest)')","[18788, 56894]"
"('Description.java', 'org.junit.runner.Description', 'methodAndClassNamePatternGroupOrDefault', '([\\s\\S]*)\\((.*)\\)', '[[[[abc - def], [dzz - xyz)]] [I@1d0ac035 [rowkey=def, expected include, rowkey=deg, expected seek next using hint: dzz, rowkey=eee, expected include, rowkey=xyz, expected finished]]')",[1176]
"('Description.java', 'org.junit.runner.Description', 'methodAndClassNamePatternGroupOrDefault', '([\\s\\S]*)\\((.*)\\)', 'testUpsertSelectOnlyUpsertsTenantDataWithDifferentTenantTable(com.salesforce.phoenix.end2end.TenantSpecificTablesDMLTest)')","[30965, 68576]"
"('Description.java', 'org.junit.runner.Description', 'methodAndClassNamePatternGroupOrDefault', '([\\s\\S]*)\\((.*)\\)', 'testDistinctScan[CREATE INDEX ATABLE_IDX ON aTable (a_integer) INCLUDE (    A_STRING,     B_STRING,     A_DATE)](com.salesforce.phoenix.end2end.QueryTest)')","[11004, 49414]"
"('Description.java', 'org.junit.runner.Description', 'methodAndClassNamePatternGroupOrDefault', '([\\s\\S]*)\\((.*)\\)', 'testDropTenantTableOnlyDeletesTenantData(com.salesforce.phoenix.end2end.TenantSpecificTablesDMLTest)')","[31007, 68620]"
"('Description.java', 'org.junit.runner.Description', 'methodAndClassNamePatternGroupOrDefault', '([\\s\\S]*)\\((.*)\\)', 'testIntAddExpression[CREATE INDEX ATABLE_IDX ON aTable (a_integer, a_string) INCLUDE (    B_STRING,     A_DATE)](com.salesforce.phoenix.end2end.QueryTest)')","[7809, 46240]"
"('StoreFile.java', 'org.apache.hadoop.hbase.regionserver.StoreFile', 'isReference', '^([0-9a-f]+(?:_SeqId_[0-9]+_)?|(?:[a-zA-Z_0-9][a-zA-Z_0-9.-]*)=(?:[a-f0-9]+)-[0-9a-f]+(?:_SeqId_[0-9]+_)?)\\.(.+)$', 'e953b851d6764deaa2b86179f986d2de')","[890789, 890842]"
"('Description.java', 'org.junit.runner.Description', 'methodAndClassNamePatternGroupOrDefault', '([\\s\\S]*)\\((.*)\\)', 'testDeleteRangeAutoCommitWithIndex(com.salesforce.phoenix.end2end.DeleteTest)')","[32738, 70314]"
"('Description.java', 'org.junit.runner.Description', 'methodAndClassNamePatternGroupOrDefault', '([\\s\\S]*)\\((.*)\\)', '[ScanRanges[[[b], [2], [C]]] [b0Y - b0Z]]')",[2666]
"('HFileLink.java', 'org.apache.hadoop.hbase.io.HFileLink', 'isHFileLink', '^((?:[a-zA-Z_0-9][a-zA-Z_0-9.-]*))=((?:[a-f0-9]+))-([0-9a-f]+(?:_SeqId_[0-9]+_)?)$', '20b5128b7aac41579549f0eae9dbafad')","[78833, 78895, 79021, 79035]"
"('Description.java', 'org.junit.runner.Description', 'methodAndClassNamePatternGroupOrDefault', '([\\s\\S]*)\\((.*)\\)', 'testGeneratedIndexUpdates(com.salesforce.hbase.index.covered.example.TestCoveredColumnIndexCodec)')","[39043, 76342]"
"('Description.java', 'org.junit.runner.Description', 'methodAndClassNamePatternGroupOrDefault', '([\\s\\S]*)\\((.*)\\)', 'testColumnAliasMapping[CREATE INDEX ATABLE_IDX ON aTable (a_integer DESC) INCLUDE (    A_STRING,     B_STRING,     A_DATE)](com.salesforce.phoenix.end2end.QueryTest)')","[5005, 43457]"
"('Description.java', 'org.junit.runner.Description', 'methodAndClassNamePatternGroupOrDefault', '([\\s\\S]*)\\((.*)\\)', 'testSelectValues(com.salesforce.phoenix.end2end.BinaryRowKeyTest)')","[25369, 63450]"
"('StoreFile.java', 'org.apache.hadoop.hbase.regionserver.StoreFile', 'isReference', '^([0-9a-f]+(?:_SeqId_[0-9]+_)?|(?:[a-zA-Z_0-9][a-zA-Z_0-9.-]*)=(?:[a-f0-9]+)-[0-9a-f]+(?:_SeqId_[0-9]+_)?)\\.(.+)$', '85e37790b96c4e6e959b0d1ff0d870be')","[1181766, 1181828, 1181959]"
"('Description.java', 'org.junit.runner.Description', 'methodAndClassNamePatternGroupOrDefault', '([\\s\\S]*)\\((.*)\\)', 'testScanByUnsignedFloatValue[](com.salesforce.phoenix.end2end.QueryTest)')","[12911, 51300]"
"('Description.java', 'org.junit.runner.Description', 'methodAndClassNamePatternGroupOrDefault', '([\\s\\S]*)\\((.*)\\)', 'testSingleColumnScanKey(com.salesforce.phoenix.end2end.VariableLengthPKTest)')","[31841, 69434]"
"('Description.java', 'org.junit.runner.Description', 'methodAndClassNamePatternGroupOrDefault', '([\\s\\S]*)\\((.*)\\)', 'testSelectStar(com.salesforce.phoenix.end2end.VariableLengthPKTest)')","[32345, 69962]"
"('HTableDescriptor.java', 'org.apache.hadoop.hbase.HTableDescriptor', 'addCoprocessor', '[^=,]+', 'com.salesforce.hbase.index.codec.class')","[93598, 93635, 120754, 120792, 907299, 907338, 910825, 910864, 914351, 914390, 917877, 917916, 1196648, 1196687, 1202156, 1202196, 1206382, 1206422, 1250649, 1250688, 1274943, 1274981, 1280253, 1280291, 1304648, 1304687, 1322665, 1322705, 1344588, 1344627, 1364117, 1364155, 1371947, 1371985, 1409882, 1409921, 1429475, 1429511]"
"('Description.java', 'org.junit.runner.Description', 'methodAndClassNamePatternGroupOrDefault', '([\\s\\S]*)\\((.*)\\)', 'testNonEqualityRowValueConstructorBindParamMetaDataWithBindArgsOnRHSAndLiteralExprOnLHS(com.salesforce.phoenix.compile.QueryMetaDataTest)')","[18244, 56344]"
"('Description.java', 'org.junit.runner.Description', 'methodAndClassNamePatternGroupOrDefault', '([\\s\\S]*)\\((.*)\\)', 'testParsePreQuery1(com.salesforce.phoenix.parse.QueryParserTest)')","[16221, 54364]"
"('Description.java', 'org.junit.runner.Description', 'methodAndClassNamePatternGroupOrDefault', '([\\s\\S]*)\\((.*)\\)', 'testUnfoundMultiColumnCaseStatement[CREATE INDEX ATABLE_IDX ON aTable (a_integer, a_string) INCLUDE (    B_STRING,     A_DATE)](com.salesforce.phoenix.end2end.QueryTest)')","[7625, 46056]"
"('Description.java', 'org.junit.runner.Description', 'methodAndClassNamePatternGroupOrDefault', '([\\s\\S]*)\\((.*)\\)', 'testCharPadding(com.salesforce.phoenix.end2end.ExecuteStatementsTest)')","[26695, 64660]"
"('Description.java', 'org.junit.runner.Description', 'methodAndClassNamePatternGroupOrDefault', '([\\s\\S]*)\\((.*)\\)', 'testEqualsRound(com.salesforce.phoenix.end2end.ProductMetricsTest)')","[33280, 70842]"
"('Description.java', 'org.junit.runner.Description', 'methodAndClassNamePatternGroupOrDefault', '([\\s\\S]*)\\((.*)\\)', 'testCacheCorrectlyExpiresTable(com.salesforce.hbase.index.write.TestCachingHTableFactory)')","[40027, 77134]"
"('HFileLink.java', 'org.apache.hadoop.hbase.io.HFileLink', 'isHFileLink', '^((?:[a-zA-Z_0-9][a-zA-Z_0-9.-]*))=((?:[a-f0-9]+))-([0-9a-f]+(?:_SeqId_[0-9]+_)?)$', '4d1521a62dd349a4b3068e4b2008bd89')","[1258674, 1258727]"
"('LikeExpression.java', 'com.salesforce.phoenix.expression.LikeExpression', 'evaluate', '\\Q00A2\\E.*\\Q\\E', '00A5')",[1411925]
"('Description.java', 'org.junit.runner.Description', 'methodAndClassNamePatternGroupOrDefault', '([\\s\\S]*)\\((.*)\\)', 'testIntMultiplyExpression[](com.salesforce.phoenix.end2end.QueryTest)')","[13831, 52220]"
"('Description.java', 'org.junit.runner.Description', 'methodAndClassNamePatternGroupOrDefault', '([\\s\\S]*)\\((.*)\\)', 'substrLtrim(com.salesforce.phoenix.expression.DescColumnSortOrderExpressionTest)')","[17288, 55442]"
"('HFileLink.java', 'org.apache.hadoop.hbase.io.HFileLink', 'isHFileLink', '^((?:[a-zA-Z_0-9][a-zA-Z_0-9.-]*))=((?:[a-f0-9]+))-([0-9a-f]+(?:_SeqId_[0-9]+_)?)$', '88faa175c0d04c099bdcdedfabda17a8')","[890453, 890506]"
"('Description.java', 'org.junit.runner.Description', 'methodAndClassNamePatternGroupOrDefault', '([\\s\\S]*)\\((.*)\\)', 'testDistinctLimitedGroupedAggregation[CREATE INDEX ATABLE_IDX ON aTable (a_integer, a_string) INCLUDE (    B_STRING,     A_DATE)](com.salesforce.phoenix.end2end.QueryTest)')","[7119, 45550]"
"('Description.java', 'org.junit.runner.Description', 'methodAndClassNamePatternGroupOrDefault', '([\\s\\S]*)\\((.*)\\)', 'testNotEquals2[](com.salesforce.phoenix.end2end.QueryTest)')","[13256, 51645]"
"('HFileLink.java', 'org.apache.hadoop.hbase.io.HFileLink', 'isHFileLink', '^((?:[a-zA-Z_0-9][a-zA-Z_0-9.-]*))=((?:[a-f0-9]+))-([0-9a-f]+(?:_SeqId_[0-9]+_)?)$', '682f9fb986874729b0fba341a66baf11')","[1349347, 1349409, 1349525, 1349539]"
"('Description.java', 'org.junit.runner.Description', 'methodAndClassNamePatternGroupOrDefault', '([\\s\\S]*)\\((.*)\\)', 'com.salesforce.phoenix.end2end.KeyOnlyTest')",[36698]
"('Description.java', 'org.junit.runner.Description', 'methodAndClassNamePatternGroupOrDefault', '([\\s\\S]*)\\((.*)\\)', 'testDecimalMultiplyExpression[CREATE INDEX ATABLE_IDX ON aTable (a_integer, a_string) INCLUDE (    B_STRING,     A_DATE)](com.salesforce.phoenix.end2end.QueryTest)')","[8131, 46562]"
"('Description.java', 'org.junit.runner.Description', 'methodAndClassNamePatternGroupOrDefault', '([\\s\\S]*)\\((.*)\\)', 'testIsNotNull[CREATE INDEX ATABLE_IDX ON aTable (a_integer, a_string) INCLUDE (    B_STRING,     A_DATE)](com.salesforce.phoenix.end2end.QueryTest)')","[6728, 45159]"
"('Description.java', 'org.junit.runner.Description', 'methodAndClassNamePatternGroupOrDefault', '([\\s\\S]*)\\((.*)\\)', 'testSimpleInListStatement[CREATE INDEX ATABLE_IDX ON aTable (a_integer DESC) INCLUDE (    A_STRING,     B_STRING,     A_DATE)](com.salesforce.phoenix.end2end.QueryTest)')","[6592, 45044]"
"('Description.java', 'org.junit.runner.Description', 'methodAndClassNamePatternGroupOrDefault', '([\\s\\S]*)\\((.*)\\)', 'testDropCachedSeq1(com.salesforce.phoenix.end2end.SequenceTest)')","[29782, 67476]"
"('Description.java', 'org.junit.runner.Description', 'methodAndClassNamePatternGroupOrDefault', '([\\s\\S]*)\\((.*)\\)', 'testNotEqualsByFloat[](com.salesforce.phoenix.end2end.QueryTest)')","[12635, 51024]"
"('Description.java', 'org.junit.runner.Description', 'methodAndClassNamePatternGroupOrDefault', '([\\s\\S]*)\\((.*)\\)', 'testNegativeGetConnectionInfo(com.salesforce.phoenix.jdbc.PhoenixEmbeddedDriverTest)')","[18015, 56124]"
"('Description.java', 'org.junit.runner.Description', 'methodAndClassNamePatternGroupOrDefault', '([\\s\\S]*)\\((.*)\\)', 'testCompositeDescRowKeyVarDescIndex(com.salesforce.phoenix.index.IndexMaintainerTest)')","[15845, 53990]"
"('Description.java', 'org.junit.runner.Description', 'methodAndClassNamePatternGroupOrDefault', '([\\s\\S]*)\\((.*)\\)', 'testCoerceExpressionSupportsCoercingIntToDecimal(com.salesforce.phoenix.expression.CoerceExpressionTest)')","[17767, 55904]"
"('Description.java', 'org.junit.runner.Description', 'methodAndClassNamePatternGroupOrDefault', '([\\s\\S]*)\\((.*)\\)', 'com.salesforce.phoenix.end2end.DeleteTest')",[32570]
"('HFileLink.java', 'org.apache.hadoop.hbase.io.HFileLink', 'isHFileLink', '^((?:[a-zA-Z_0-9][a-zA-Z_0-9.-]*))=((?:[a-f0-9]+))-([0-9a-f]+(?:_SeqId_[0-9]+_)?)$', 'c8aaabff5ce849d5a8c36eb988aaa4ab')","[890135, 890188]"
"('ServerName.java', 'org.apache.hadoop.hbase.ServerName', 'parseServerName', '[^,]+,[\\d]+,[\\d]+$', 'bn19-236.dcs.mcnc.org,41065,1516005183511')","[78945, 78969, 79073, 79093, 79113, 79137, 79161, 79185, 79209, 79233, 79257, 79281, 79305, 79329, 79353, 79377, 79401, 79425, 79449, 79473, 79497, 79521, 79545, 79569, 79593, 79617, 79641, 79665, 79689, 79713, 79737, 79758, 79779, 79839, 79863, 79887, 79911, 79929, 79947, 79971, 79995, 80019, 80043, 80067, 80091, 80110, 80132, 80154, 80197, 86462, 86788, 86837, 104617]"
"('Description.java', 'org.junit.runner.Description', 'methodAndClassNamePatternGroupOrDefault', '([\\s\\S]*)\\((.*)\\)', 'testUnfoundSingleColumnCaseStatement[CREATE INDEX ATABLE_IDX ON aTable (a_integer) INCLUDE (    A_STRING,     B_STRING,     A_DATE)](com.salesforce.phoenix.end2end.QueryTest)')","[9256, 47666]"
"('StoreFile.java', 'org.apache.hadoop.hbase.regionserver.StoreFile', 'isReference', '^([0-9a-f]+(?:_SeqId_[0-9]+_)?|(?:[a-zA-Z_0-9][a-zA-Z_0-9.-]*)=(?:[a-f0-9]+)-[0-9a-f]+(?:_SeqId_[0-9]+_)?)\\.(.+)$', '0564478fe28245f4b1d745199ec9f6db')","[1347922, 1347975]"
"('Description.java', 'org.junit.runner.Description', 'methodAndClassNamePatternGroupOrDefault', '([\\s\\S]*)\\((.*)\\)', 'testUpsert(com.salesforce.phoenix.end2end.MD5FunctionTest)')","[28759, 66464]"
"('Description.java', 'org.junit.runner.Description', 'methodAndClassNamePatternGroupOrDefault', '([\\s\\S]*)\\((.*)\\)', 'testTenantConstraintsAddedToScan(com.salesforce.phoenix.compile.WhereClauseCompileTest)')","[23877, 62086]"
"('StoreFile.java', 'org.apache.hadoop.hbase.regionserver.StoreFile', 'isHFile', '^([0-9a-f]+(?:_SeqId_[0-9]+_)?)', '95c95caf67e040d5b131ffab4a0388f1')","[287627, 287665]"
"('Description.java', 'org.junit.runner.Description', 'methodAndClassNamePatternGroupOrDefault', '([\\s\\S]*)\\((.*)\\)', 'testParsePreQuery0(com.salesforce.phoenix.parse.QueryParserTest)')","[16200, 54342]"
"('Description.java', 'org.junit.runner.Description', 'methodAndClassNamePatternGroupOrDefault', '([\\s\\S]*)\\((.*)\\)', 'testLeftRightJoin[[Ljava.lang.String;@1249ffc3](com.salesforce.phoenix.end2end.HashJoinTest)')","[14973, 53301]"
"('Description.java', 'org.junit.runner.Description', 'methodAndClassNamePatternGroupOrDefault', '([\\s\\S]*)\\((.*)\\)', 'testNotEqualsBySmallInt[CREATE INDEX ATABLE_IDX ON aTable (a_integer DESC) INCLUDE (    A_STRING,     B_STRING,     A_DATE)](com.salesforce.phoenix.end2end.QueryTest)')","[5028, 43480]"
"('StoreFile.java', 'org.apache.hadoop.hbase.regionserver.StoreFile', 'isReference', '^([0-9a-f]+(?:_SeqId_[0-9]+_)?|(?:[a-zA-Z_0-9][a-zA-Z_0-9.-]*)=(?:[a-f0-9]+)-[0-9a-f]+(?:_SeqId_[0-9]+_)?)\\.(.+)$', '2a790e22c4564ba2b3d89284ff22295c')","[1260138, 1260200, 1260331]"
"('Description.java', 'org.junit.runner.Description', 'methodAndClassNamePatternGroupOrDefault', '([\\s\\S]*)\\((.*)\\)', 'testToNumberFilterWithPatternParamNegativeTest(com.salesforce.phoenix.compile.WhereClauseCompileTest)')","[23352, 61536]"
"('Description.java', 'org.junit.runner.Description', 'methodAndClassNamePatternGroupOrDefault', '([\\s\\S]*)\\((.*)\\)', 'testExceedVersionsOutOfOrderUpdates(com.salesforce.hbase.index.covered.example.TestEndtoEndIndexingWithCompression)')","[38961, 76276]"
"('Description.java', 'org.junit.runner.Description', 'methodAndClassNamePatternGroupOrDefault', '([\\s\\S]*)\\((.*)\\)', 'testValueComparisonUnsignedLong(com.salesforce.phoenix.compile.WhereClauseOptimizerTest)')","[20065, 58192]"
"('Description.java', 'org.junit.runner.Description', 'methodAndClassNamePatternGroupOrDefault', '([\\s\\S]*)\\((.*)\\)', 'testBoundaryGreaterThanOrEqualRound(com.salesforce.phoenix.compile.WhereClauseOptimizerTest)')","[19834, 57950]"
"('Description.java', 'org.junit.runner.Description', 'methodAndClassNamePatternGroupOrDefault', '([\\s\\S]*)\\((.*)\\)', 'testDropVarCols(com.salesforce.phoenix.end2end.AlterTableTest)')","[26466, 64440]"
"('Description.java', 'org.junit.runner.Description', 'methodAndClassNamePatternGroupOrDefault', '([\\s\\S]*)\\((.*)\\)', 'testLongMultiplyExpression[CREATE INDEX ATABLE_IDX ON aTable (a_integer) INCLUDE (    A_STRING,     B_STRING,     A_DATE)](com.salesforce.phoenix.end2end.QueryTest)')","[10337, 48747]"
"('Description.java', 'org.junit.runner.Description', 'methodAndClassNamePatternGroupOrDefault', '([\\s\\S]*)\\((.*)\\)', 'testIntDivideExpression[CREATE INDEX ATABLE_IDX ON aTable (a_integer) INCLUDE (    A_STRING,     B_STRING,     A_DATE)](com.salesforce.phoenix.end2end.QueryTest)')","[11487, 49897]"
"('StoreFile.java', 'org.apache.hadoop.hbase.regionserver.StoreFile', 'isReference', '^([0-9a-f]+(?:_SeqId_[0-9]+_)?|(?:[a-zA-Z_0-9][a-zA-Z_0-9.-]*)=(?:[a-f0-9]+)-[0-9a-f]+(?:_SeqId_[0-9]+_)?)\\.(.+)$', '4e94dc3c7468464cb1c4b1af5fb37199')","[104327, 104380]"
"('Description.java', 'org.junit.runner.Description', 'methodAndClassNamePatternGroupOrDefault', '([\\s\\S]*)\\((.*)\\)', 'testDropCachedSeq2(com.salesforce.phoenix.end2end.SequenceTest)')","[29803, 67498]"
"('Description.java', 'org.junit.runner.Description', 'methodAndClassNamePatternGroupOrDefault', '([\\s\\S]*)\\((.*)\\)', 'testCompositeRowKeyVarFixedIndex(com.salesforce.phoenix.index.IndexMaintainerTest)')","[16055, 54210]"
"('Description.java', 'org.junit.runner.Description', 'methodAndClassNamePatternGroupOrDefault', '([\\s\\S]*)\\((.*)\\)', 'testHavingToAndWhere(com.salesforce.phoenix.compile.HavingClauseTest)')","[21550, 59688]"
"('FSTableDescriptors.java', 'org.apache.hadoop.hbase.util.FSTableDescriptors', 'getTableInfoSequenceid', '.tableinfo(\\.([0-9]{10}))?$', '.tableinfo.0000000002')",[548982]
"('Description.java', 'org.junit.runner.Description', 'methodAndClassNamePatternGroupOrDefault', '([\\s\\S]*)\\((.*)\\)', 'testScanByUnsigned_DoubleValue[CREATE INDEX ATABLE_IDX ON aTable (a_integer) INCLUDE (    A_STRING,     B_STRING,     A_DATE)](com.salesforce.phoenix.end2end.QueryTest)')","[9463, 47873]"
"('Description.java', 'org.junit.runner.Description', 'methodAndClassNamePatternGroupOrDefault', '([\\s\\S]*)\\((.*)\\)', 'testIgnoreIndexesBasedOnHint(com.salesforce.phoenix.compile.QueryOptimizerTest)')","[19122, 57224]"
"('Description.java', 'org.junit.runner.Description', 'methodAndClassNamePatternGroupOrDefault', '([\\s\\S]*)\\((.*)\\)', 'testPartialEvalCaseStatement[](com.salesforce.phoenix.end2end.QueryTest)')","[13762, 52151]"
"('Description.java', 'org.junit.runner.Description', 'methodAndClassNamePatternGroupOrDefault', '([\\s\\S]*)\\((.*)\\)', 'testScanByDoubleValue[CREATE INDEX ATABLE_IDX ON aTable (a_integer, a_string) INCLUDE (    B_STRING,     A_DATE)](com.salesforce.phoenix.end2end.QueryTest)')","[8177, 46608]"
"('Description.java', 'org.junit.runner.Description', 'methodAndClassNamePatternGroupOrDefault', '([\\s\\S]*)\\((.*)\\)', 'testLessThanEqualTo_NonRVCOnLHSAndRVCOnRHS_WithNonNullBindParams(com.salesforce.phoenix.compile.WhereClauseOptimizerTest)')","[19981, 58104]"
"('Description.java', 'org.junit.runner.Description', 'methodAndClassNamePatternGroupOrDefault', '([\\s\\S]*)\\((.*)\\)', 'test[ScanRanges[[[b], [2], [C]]] [b0A - b2A]](com.salesforce.phoenix.compile.ScanRangesTest)')","[2733, 41916]"
"('Description.java', 'org.junit.runner.Description', 'methodAndClassNamePatternGroupOrDefault', '([\\s\\S]*)\\((.*)\\)', 'testUpperLowerBoundRangeScan[CREATE INDEX ATABLE_IDX ON aTable (a_integer) INCLUDE (    A_STRING,     B_STRING,     A_DATE)](com.salesforce.phoenix.end2end.QueryTest)')","[10843, 49253]"
"('KerberosName.java', 'org.apache.hadoop.security.KerberosName', '<init>', '([^/@]*)(/([^/@]*))?@([^/@]*)', 'pwang7.hfs.4')","[1235725, 1235874]"
"('RegionCoprocessorHost.java', 'org.apache.hadoop.hbase.regionserver.RegionCoprocessorHost', 'loadTableCoprocessors', '^coprocessor\\$([0-9]+)$', 'IS_META')","[79005, 79815, 86768, 87174, 90930, 94620, 94671, 94688, 94892, 95283, 95300, 95504, 105799, 106943, 113879, 114267, 118011, 121721, 121772, 121857, 122061, 124367, 287161, 287365, 337247, 499197, 499401, 549152, 711106, 711310, 860513, 860717, 892269, 893461, 900349, 900737, 904481, 908007, 911533, 915059, 918585, 1028765, 1031022, 1033279, 1181915, 1183059, 1189789, 1190176, 1193830, 1197356, 1197560, 1197764, 1197968, 1202877, 1203081, 1203285, 1203489, 1207188, 1207392, 1207511, 1207715, 1235916, 1237084, 1243790, 1244177, 1247831, 1251544, 1251561, 1251765, 1251969, 1260287, 1261479, 1268159, 1268546, 1272200, 1275638, 1275842, 1276046, 1276250, 1280948, 1281152, 1281356, 1281560, 1289915, 1291059, 1297789, 1298176, 1301830, 1305356, 1305560, 1305764, 1305968, 1307811, 1309003, 1315731, 1316118, 1319772, 1323386, 1323590, 1323794, 1323998, 1329761, 1330953, 1337729, 1338116, 1341770, 1345296, 1349509, 1350701, 1357333, 1357720, 1361374, 1365101, 1365169, 1365220, 1365424, 1372642, 1372846, 1373050, 1373254, 1395151, 1396391, 1403023, 1403410, 1407064, 1410590, 1414969, 1416161, 1422841, 1423228, 1426882, 1430144]"
"('Description.java', 'org.junit.runner.Description', 'methodAndClassNamePatternGroupOrDefault', '([\\s\\S]*)\\((.*)\\)', 'com.salesforce.phoenix.iterate.SpoolingResultIteratorTest')","[15170, 1179937]"
"('Description.java', 'org.junit.runner.Description', 'methodAndClassNamePatternGroupOrDefault', '([\\s\\S]*)\\((.*)\\)', 'testCastOperatorInWhere[CREATE INDEX ATABLE_IDX ON aTable (a_integer, a_string) INCLUDE (    B_STRING,     A_DATE)](com.salesforce.phoenix.end2end.QueryTest)')","[6958, 45389]"
"('StoreFile.java', 'org.apache.hadoop.hbase.regionserver.StoreFile', 'isReference', '^([0-9a-f]+(?:_SeqId_[0-9]+_)?|(?:[a-zA-Z_0-9][a-zA-Z_0-9.-]*)=(?:[a-f0-9]+)-[0-9a-f]+(?:_SeqId_[0-9]+_)?)\\.(.+)$', '6bfd03853d014e2fa146951b70c79dc1')","[1435082, 1435135]"
"('Description.java', 'org.junit.runner.Description', 'methodAndClassNamePatternGroupOrDefault', '([\\s\\S]*)\\((.*)\\)', 'testSplitWithCachedMeta[CREATE INDEX ATABLE_IDX ON aTable (a_integer DESC) INCLUDE (    A_STRING,     B_STRING,     A_DATE)](com.salesforce.phoenix.end2end.QueryTest)')","[6109, 44561]"
"('Description.java', 'org.junit.runner.Description', 'methodAndClassNamePatternGroupOrDefault', '([\\s\\S]*)\\((.*)\\)', 'testNonNullMultiCondCaseStatement[CREATE INDEX ATABLE_IDX ON aTable (a_integer, a_string) INCLUDE (    B_STRING,     A_DATE)](com.salesforce.phoenix.end2end.QueryTest)')","[7326, 45757]"
"('Description.java', 'org.junit.runner.Description', 'methodAndClassNamePatternGroupOrDefault', '([\\s\\S]*)\\((.*)\\)', 'testSelectSpecificIndexOfAnArray(com.salesforce.phoenix.end2end.ArrayTest)')","[25703, 63780]"
"('StoreFile.java', 'org.apache.hadoop.hbase.regionserver.StoreFile', 'isHFile', '^([0-9a-f]+(?:_SeqId_[0-9]+_)?)', 'd9dc67861dcb438f9f955e3824bc7d39')","[104132, 104185]"
"('Description.java', 'org.junit.runner.Description', 'methodAndClassNamePatternGroupOrDefault', '([\\s\\S]*)\\((.*)\\)', 'testSizing(com.salesforce.phoenix.schema.ValueBitSetTest)')","[36946, 74384]"
"('Description.java', 'org.junit.runner.Description', 'methodAndClassNamePatternGroupOrDefault', '([\\s\\S]*)\\((.*)\\)', 'testValidStringConcatExpression[CREATE INDEX ATABLE_IDX ON aTable (a_integer) INCLUDE (    A_STRING,     B_STRING,     A_DATE)](com.salesforce.phoenix.end2end.QueryTest)')","[10130, 48540]"
"('Description.java', 'org.junit.runner.Description', 'methodAndClassNamePatternGroupOrDefault', '([\\s\\S]*)\\((.*)\\)', 'test[[[aaa, [aac - aad], [abc - def]]] [I@401dc421 [rowkey=aab, expected seek next using hint: aac, rowkey=abb, expected seek next using hint: abc, rowkey=abc, expected include, rowkey=abe, expected include, rowkey=def, expected include, rowkey=deg, expected finished]](com.salesforce.phoenix.filter.SkipScanFilterTest)')","[1067, 41065]"
"('HFileLink.java', 'org.apache.hadoop.hbase.io.HFileLink', 'isHFileLink', '^((?:[a-zA-Z_0-9][a-zA-Z_0-9.-]*))=((?:[a-f0-9]+))-([0-9a-f]+(?:_SeqId_[0-9]+_)?)$', '2fd0321cd03c448aa281e51e88453403')","[1179072, 1179125]"
"('Description.java', 'org.junit.runner.Description', 'methodAndClassNamePatternGroupOrDefault', '([\\s\\S]*)\\((.*)\\)', 'testDeletesWithoutPreviousState(com.salesforce.hbase.index.covered.example.TestEndtoEndIndexingWithCompression)')","[38877, 76188]"
"('Description.java', 'org.junit.runner.Description', 'methodAndClassNamePatternGroupOrDefault', '([\\s\\S]*)\\((.*)\\)', 'avgDescCompositePK(com.salesforce.phoenix.end2end.DescColumnSortOrderTest)')","[28904, 66596]"
"('Description.java', 'org.junit.runner.Description', 'methodAndClassNamePatternGroupOrDefault', '([\\s\\S]*)\\((.*)\\)', 'testDoubleDivideExpression[](com.salesforce.phoenix.end2end.QueryTest)')","[12405, 50794]"
"('Description.java', 'org.junit.runner.Description', 'methodAndClassNamePatternGroupOrDefault', '([\\s\\S]*)\\((.*)\\)', 'testLeftJoinWithAggregation[[Ljava.lang.String;@1249ffc3](com.salesforce.phoenix.end2end.HashJoinTest)')","[14904, 53232]"
"('StoreFile.java', 'org.apache.hadoop.hbase.regionserver.StoreFile', 'isHFile', '^([0-9a-f]+(?:_SeqId_[0-9]+_)?)', 'ceacf678e9af42e6931aae9e9e3fbd10')","[1288125, 1288178]"
"('RegionCoprocessorHost.java', 'org.apache.hadoop.hbase.regionserver.RegionCoprocessorHost', 'loadTableCoprocessors', '^coprocessor\\$([0-9]+)$', 'IS_ROOT')","[78987, 79797, 86516, 86922, 90732, 94093, 94144, 94195, 94705, 94909, 94994, 95317, 105782, 106926, 113641, 114029, 117824, 121262, 121415, 121500, 121874, 124214, 286974, 287178, 337094, 499010, 499214, 548999, 710919, 711123, 860326, 860530, 892252, 893444, 900111, 900499, 904294, 907820, 911346, 914872, 918398, 1028612, 1030869, 1033126, 1181898, 1183042, 1189551, 1189938, 1193643, 1197169, 1197373, 1197577, 1197781, 1202690, 1202894, 1203098, 1203302, 1206916, 1207001, 1207239, 1207528, 1235899, 1237067, 1243552, 1243939, 1247644, 1251170, 1251357, 1251578, 1251782, 1260270, 1261462, 1267921, 1268308, 1272013, 1275451, 1275655, 1275859, 1276063, 1280761, 1280965, 1281169, 1281373, 1289898, 1291042, 1297551, 1297938, 1301643, 1305169, 1305373, 1305577, 1305781, 1307794, 1308986, 1315493, 1315880, 1319585, 1323199, 1323403, 1323607, 1323811, 1329744, 1330936, 1337491, 1337878, 1341583, 1345109, 1349492, 1350684, 1357095, 1357482, 1361187, 1364625, 1364727, 1364914, 1365237, 1372455, 1372659, 1372863, 1373067, 1395134, 1396374, 1402785, 1403172, 1406877, 1410403, 1414952, 1416144, 1422603, 1422990, 1426695, 1429957]"
"('Description.java', 'org.junit.runner.Description', 'methodAndClassNamePatternGroupOrDefault', '([\\s\\S]*)\\((.*)\\)', 'testSerializationWithNullScale(com.salesforce.phoenix.expression.ColumnExpressionTest)')","[17122, 55288]"
"('Description.java', 'org.junit.runner.Description', 'methodAndClassNamePatternGroupOrDefault', '([\\s\\S]*)\\((.*)\\)', 'testNegativeNonBooleanWhere(com.salesforce.phoenix.parse.QueryParserTest)')","[16893, 55068]"
"('Description.java', 'org.junit.runner.Description', 'methodAndClassNamePatternGroupOrDefault', '([\\s\\S]*)\\((.*)\\)', 'testToNumberFilterWithInteger(com.salesforce.phoenix.compile.WhereClauseCompileTest)')","[23688, 61888]"
"('StoreFile.java', 'org.apache.hadoop.hbase.regionserver.StoreFile', 'isReference', '^([0-9a-f]+(?:_SeqId_[0-9]+_)?|(?:[a-zA-Z_0-9][a-zA-Z_0-9.-]*)=(?:[a-f0-9]+)-[0-9a-f]+(?:_SeqId_[0-9]+_)?)\\.(.+)$', '4b77b049265f45aba87956a585dadfd1')","[1288532, 1288585]"
"('Description.java', 'org.junit.runner.Description', 'methodAndClassNamePatternGroupOrDefault', '([\\s\\S]*)\\((.*)\\)', 'com.salesforce.phoenix.end2end.VariableLengthPKTest')",[31400]
"('HFileLink.java', 'org.apache.hadoop.hbase.io.HFileLink', 'isHFileLink', '^((?:[a-zA-Z_0-9][a-zA-Z_0-9.-]*))=((?:[a-f0-9]+))-([0-9a-f]+(?:_SeqId_[0-9]+_)?)$', '3122452c93014690995cbfccc57266f6')","[104203, 104256]"
"('StoreFile.java', 'org.apache.hadoop.hbase.regionserver.StoreFile', 'isReference', '^([0-9a-f]+(?:_SeqId_[0-9]+_)?|(?:[a-zA-Z_0-9][a-zA-Z_0-9.-]*)=(?:[a-f0-9]+)-[0-9a-f]+(?:_SeqId_[0-9]+_)?)\\.(.+)$', 'd9dc67861dcb438f9f955e3824bc7d39')","[104115, 104168]"
"('Description.java', 'org.junit.runner.Description', 'methodAndClassNamePatternGroupOrDefault', '([\\s\\S]*)\\((.*)\\)', 'testNoCollapse(com.salesforce.phoenix.compile.SelectStatementRewriterTest)')","[21302, 59468]"
"('Description.java', 'org.junit.runner.Description', 'methodAndClassNamePatternGroupOrDefault', '([\\s\\S]*)\\((.*)\\)', 'testReadOnlyView(com.salesforce.phoenix.end2end.ViewTest)')","[26035, 64088]"
"('StoreFile.java', 'org.apache.hadoop.hbase.regionserver.StoreFile', 'isReference', '^([0-9a-f]+(?:_SeqId_[0-9]+_)?|(?:[a-zA-Z_0-9][a-zA-Z_0-9.-]*)=(?:[a-f0-9]+)-[0-9a-f]+(?:_SeqId_[0-9]+_)?)\\.(.+)$', 'b76587164f2b408ea91fc312c0abe2fa')","[890577, 890630]"
"('Description.java', 'org.junit.runner.Description', 'methodAndClassNamePatternGroupOrDefault', '([\\s\\S]*)\\((.*)\\)', 'testDistinctUngroupedAggregation[](com.salesforce.phoenix.end2end.QueryTest)')","[12336, 50725]"
"('Description.java', 'org.junit.runner.Description', 'methodAndClassNamePatternGroupOrDefault', '([\\s\\S]*)\\((.*)\\)', 'test[[[b, [c - e]], [1, [2 - 4]], [B, [C - E]]] [[b], [1, [2 - 4]], [B, [C - E]]]](com.salesforce.phoenix.filter.SkipScanFilterIntersectTest)')","[2010, 2054, 41548, 41571]"
"('Description.java', 'org.junit.runner.Description', 'methodAndClassNamePatternGroupOrDefault', '([\\s\\S]*)\\((.*)\\)', 'testBigIntKV(com.salesforce.phoenix.end2end.UpsertBigValuesTest)')","[36452, 73966]"
"('Description.java', 'org.junit.runner.Description', 'methodAndClassNamePatternGroupOrDefault', '([\\s\\S]*)\\((.*)\\)', 'testCeilTimestampInWhere(com.salesforce.phoenix.end2end.RoundFloorCeilFunctionsEnd2EndTest)')","[35618, 73152]"
"('Description.java', 'org.junit.runner.Description', 'methodAndClassNamePatternGroupOrDefault', '([\\s\\S]*)\\((.*)\\)', 'testColumnOnBothSides[](com.salesforce.phoenix.end2end.QueryTest)')","[13578, 51967]"
"('StoreFile.java', 'org.apache.hadoop.hbase.regionserver.StoreFile', 'isHFile', '^([0-9a-f]+(?:_SeqId_[0-9]+_)?)', '9d657908ff874f4fa3ffff3bda618db1')","[1393679, 1393732]"
"('Description.java', 'org.junit.runner.Description', 'methodAndClassNamePatternGroupOrDefault', '([\\s\\S]*)\\((.*)\\)', 'testLeftRightJoin[[Ljava.lang.String;@26a6d290](com.salesforce.phoenix.end2end.HashJoinTest)')","[14469, 52818]"
"('Description.java', 'org.junit.runner.Description', 'methodAndClassNamePatternGroupOrDefault', '([\\s\\S]*)\\((.*)\\)', 'testIsNull[CREATE INDEX ATABLE_IDX ON aTable (a_integer DESC) INCLUDE (    A_STRING,     B_STRING,     A_DATE)](com.salesforce.phoenix.end2end.QueryTest)')","[6155, 44607]"
"('Description.java', 'org.junit.runner.Description', 'methodAndClassNamePatternGroupOrDefault', '([\\s\\S]*)\\((.*)\\)', 'testInvalidNextValueFor(com.salesforce.phoenix.compile.QueryCompileTest)')","[22724, 60898]"
"('Description.java', 'org.junit.runner.Description', 'methodAndClassNamePatternGroupOrDefault', '([\\s\\S]*)\\((.*)\\)', 'testUpsertSelectOnSameSaltedTable(com.salesforce.phoenix.end2end.salted.SaltedTableUpsertSelectTest)')","[25081, 63208]"
"('PermissionParser.java', 'org.apache.hadoop.fs.permission.PermissionParser', '<init>', '^\\s*[+]?([0-7]{3})\\s*$', '755')","[78190, 105123, 891585, 1181240, 1235241, 1259612, 1289240, 1307136, 1329086, 1348842, 1394476, 1414302, 1435790]"
"('Description.java', 'org.junit.runner.Description', 'methodAndClassNamePatternGroupOrDefault', '([\\s\\S]*)\\((.*)\\)', 'testTimestamp[CREATE INDEX ATABLE_IDX ON aTable (a_integer) INCLUDE (    A_STRING,     B_STRING,     A_DATE)](com.salesforce.phoenix.end2end.QueryTest)')","[10636, 49046]"
"('Description.java', 'org.junit.runner.Description', 'methodAndClassNamePatternGroupOrDefault', '([\\s\\S]*)\\((.*)\\)', 'likeDescCompositePK1(com.salesforce.phoenix.end2end.DescColumnSortOrderTest)')","[29177, 66882]"
"('Description.java', 'org.junit.runner.Description', 'methodAndClassNamePatternGroupOrDefault', '([\\s\\S]*)\\((.*)\\)', 'testRVCInList(com.salesforce.phoenix.parse.QueryParserTest)')","[16956, 55134]"
"('Description.java', 'org.junit.runner.Description', 'methodAndClassNamePatternGroupOrDefault', '([\\s\\S]*)\\((.*)\\)', 'testTruncateNotTraversableToFormScanKey(com.salesforce.phoenix.end2end.ProductMetricsTest)')","[34057, 71656]"
"('HFileLink.java', 'org.apache.hadoop.hbase.io.HFileLink', 'isHFileLink', '^((?:[a-zA-Z_0-9][a-zA-Z_0-9.-]*))=((?:[a-f0-9]+))-([0-9a-f]+(?:_SeqId_[0-9]+_)?)$', '52dd0183377f4ddc96a00ebb069f235d')","[1306092, 1306145]"
"('Description.java', 'org.junit.runner.Description', 'methodAndClassNamePatternGroupOrDefault', '([\\s\\S]*)\\((.*)\\)', 'testIntSubtractionExpression[CREATE INDEX ATABLE_IDX ON aTable (a_integer DESC) INCLUDE (    A_STRING,     B_STRING,     A_DATE)](com.salesforce.phoenix.end2end.QueryTest)')","[4361, 42813]"
"('Description.java', 'org.junit.runner.Description', 'methodAndClassNamePatternGroupOrDefault', '([\\s\\S]*)\\((.*)\\)', 'testLongArrayWithIndex(com.salesforce.phoenix.schema.PDataTypeForArraysTest)')","[37427, 74868]"
"('Description.java', 'org.junit.runner.Description', 'methodAndClassNamePatternGroupOrDefault', '([\\s\\S]*)\\((.*)\\)', 'testIsNotNull[](com.salesforce.phoenix.end2end.QueryTest)')","[11692, 50081]"
"('Description.java', 'org.junit.runner.Description', 'methodAndClassNamePatternGroupOrDefault', '([\\s\\S]*)\\((.*)\\)', 'testNonKeyFilterWithPatternParam(com.salesforce.phoenix.end2end.ToNumberFunctionTest)')","[34746, 72338]"
"('Description.java', 'org.junit.runner.Description', 'methodAndClassNamePatternGroupOrDefault', '([\\s\\S]*)\\((.*)\\)', 'testFixedLengthValueAtEnd(com.salesforce.phoenix.schema.RowKeyValueAccessorTest)')","[38158, 75594]"
"('Description.java', 'org.junit.runner.Description', 'methodAndClassNamePatternGroupOrDefault', '([\\s\\S]*)\\((.*)\\)', 'testSynchronouslyCompletesAllWrites(com.salesforce.hbase.index.write.TestParalleWriterIndexCommitter)')","[40088, 77178]"
"('HFileLink.java', 'org.apache.hadoop.hbase.io.HFileLink', 'isHFileLink', '^((?:[a-zA-Z_0-9][a-zA-Z_0-9.-]*))=((?:[a-f0-9]+))-([0-9a-f]+(?:_SeqId_[0-9]+_)?)$', '4dd325a9d63f4940948c3c8001eb2cd1')","[104521, 104574]"
"('Description.java', 'org.junit.runner.Description', 'methodAndClassNamePatternGroupOrDefault', '([\\s\\S]*)\\((.*)\\)', 'testSelfJoin[[Ljava.lang.String;@26a6d290](com.salesforce.phoenix.end2end.HashJoinTest)')","[14584, 52933]"
"('Description.java', 'org.junit.runner.Description', 'methodAndClassNamePatternGroupOrDefault', '([\\s\\S]*)\\((.*)\\)', 'testSelectSpecificIndexOfAVariableArray(com.salesforce.phoenix.end2end.ArrayTest)')","[25577, 63648]"
"('Description.java', 'org.junit.runner.Description', 'methodAndClassNamePatternGroupOrDefault', '([\\s\\S]*)\\((.*)\\)', '[[[(j - k]]] [I@2084176c [rowkey=a, expected seek next using hint: j\\x01, rowkey=ja, expected include, rowkey=jz, expected include, rowkey=k, expected include, rowkey=ka, expected finished]]')",[1000]
"('Description.java', 'org.junit.runner.Description', 'methodAndClassNamePatternGroupOrDefault', '([\\s\\S]*)\\((.*)\\)', 'org.apache.hadoop.hbase.regionserver.wal.TestWALReplayWithIndexWritesAndUncompressedWALInHBase_094_9')",[40454]
"('HFileLink.java', 'org.apache.hadoop.hbase.io.HFileLink', 'isHFileLink', '^((?:[a-zA-Z_0-9][a-zA-Z_0-9.-]*))=((?:[a-f0-9]+))-([0-9a-f]+(?:_SeqId_[0-9]+_)?)$', 'ef94e86b5c704ceaaf260bcd5e473d37')","[1258462, 1258515]"
"('Description.java', 'org.junit.runner.Description', 'methodAndClassNamePatternGroupOrDefault', '([\\s\\S]*)\\((.*)\\)', 'testIsNotNull[CREATE INDEX ATABLE_IDX ON aTable (a_integer) INCLUDE (    A_STRING,     B_STRING,     A_DATE)](com.salesforce.phoenix.end2end.QueryTest)')","[9210, 47620]"
"('Description.java', 'org.junit.runner.Description', 'methodAndClassNamePatternGroupOrDefault', '([\\s\\S]*)\\((.*)\\)', 'testDynamicColumsFamily(com.salesforce.phoenix.end2end.DynamicColumnTest)')","[36616, 74098]"
"('Description.java', 'org.junit.runner.Description', 'methodAndClassNamePatternGroupOrDefault', '([\\s\\S]*)\\((.*)\\)', 'testTwoDateSubstractExpressionMetaData(com.salesforce.phoenix.compile.QueryMetaDataTest)')","[18433, 56542]"
"('KerberosName.java', 'org.apache.hadoop.security.KerberosName', '<init>', '([^/@]*)(/([^/@]*))?@([^/@]*)', 'pwang7.hfs.10')","[1394960, 1395100]"
"('Description.java', 'org.junit.runner.Description', 'methodAndClassNamePatternGroupOrDefault', '([\\s\\S]*)\\((.*)\\)', 'testMultiOrderByExpr(com.salesforce.phoenix.end2end.InMemoryOrderByTest)')","[30175, 67828]"
"('Description.java', 'org.junit.runner.Description', 'methodAndClassNamePatternGroupOrDefault', '([\\s\\S]*)\\((.*)\\)', 'testTableAliasMatchesCFName(com.salesforce.phoenix.compile.QueryCompileTest)')","[22808, 60986]"
"('Description.java', 'org.junit.runner.Description', 'methodAndClassNamePatternGroupOrDefault', '([\\s\\S]*)\\((.*)\\)', '[ScanRanges[[[b], [1], [B]]] b1A]')",[2402]
"('RegionCoprocessorHost.java', 'org.apache.hadoop.hbase.regionserver.RegionCoprocessorHost', 'loadTableCoprocessors', '(^[^\\|]*)\\|([^\\|]+)\\|[\\s]*([\\d]*)[\\s]*(\\|.*)?$', '|com.salesforce.phoenix.coprocessor.SequenceRegionObserver|1|')","[90768, 117858, 904328, 1193677, 1247678, 1272047, 1301677, 1319619, 1341617, 1361221, 1406911, 1426729]"
"('Description.java', 'org.junit.runner.Description', 'methodAndClassNamePatternGroupOrDefault', '([\\s\\S]*)\\((.*)\\)', 'testMultiCondCaseStatement[CREATE INDEX ATABLE_IDX ON aTable (a_integer DESC) INCLUDE (    A_STRING,     B_STRING,     A_DATE)](com.salesforce.phoenix.end2end.QueryTest)')","[5074, 43526]"
"('Description.java', 'org.junit.runner.Description', 'methodAndClassNamePatternGroupOrDefault', '([\\s\\S]*)\\((.*)\\)', 'testAddKVColumnToExistingFamily(com.salesforce.phoenix.end2end.QueryDatabaseMetaDataTest)')","[27586, 65474]"
"('StoreFile.java', 'org.apache.hadoop.hbase.regionserver.StoreFile', 'isReference', '^([0-9a-f]+(?:_SeqId_[0-9]+_)?|(?:[a-zA-Z_0-9][a-zA-Z_0-9.-]*)=(?:[a-f0-9]+)-[0-9a-f]+(?:_SeqId_[0-9]+_)?)\\.(.+)$', '15c77d860d2348248a32a8c2c53ac494')","[336994, 337047, 337308, 549229]"
"('Description.java', 'org.junit.runner.Description', 'methodAndClassNamePatternGroupOrDefault', '([\\s\\S]*)\\((.*)\\)', 'testInListSkipScan[CREATE INDEX ATABLE_IDX ON aTable (a_integer DESC) INCLUDE (    A_STRING,     B_STRING,     A_DATE)](com.salesforce.phoenix.end2end.QueryTest)')","[4453, 42905]"
"('StoreFile.java', 'org.apache.hadoop.hbase.regionserver.StoreFile', 'isHFile', '^([0-9a-f]+(?:_SeqId_[0-9]+_)?)', '88faa175c0d04c099bdcdedfabda17a8')","[890488, 890541]"
"('StoreFile.java', 'org.apache.hadoop.hbase.regionserver.StoreFile', 'isReference', '^([0-9a-f]+(?:_SeqId_[0-9]+_)?|(?:[a-zA-Z_0-9][a-zA-Z_0-9.-]*)=(?:[a-f0-9]+)-[0-9a-f]+(?:_SeqId_[0-9]+_)?)\\.(.+)$', '866c3490ab1e49dfb3408b1788efaaf1')","[1306004, 1306057]"
"('Description.java', 'org.junit.runner.Description', 'methodAndClassNamePatternGroupOrDefault', '([\\s\\S]*)\\((.*)\\)', 'testMultiCondCaseStatement[CREATE INDEX ATABLE_IDX ON aTable (a_integer) INCLUDE (    A_STRING,     B_STRING,     A_DATE)](com.salesforce.phoenix.end2end.QueryTest)')","[10038, 48448]"
"('TagLibConfiguration.java', 'org.mortbay.jetty.webapp.TagLibConfiguration', 'configureWebApp', 'start.jar|ant-.*\\.jar|dojo-.*\\.jar|jetty-.*\\.jar|jsp-api-.*\\.jar|junit-.*\\.jar|servlet-api-.*\\.jar|dnsns\\.jar|rt\\.jar|jsse\\.jar|tools\\.jar|sunpkcs11\\.jar|sunjce_provider\\.jar|xerces.*\\.jar', 'zipfs.jar')","[77964, 78471, 104897, 105404, 891359, 891866, 1181018, 1181516, 1235019, 1235517, 1259390, 1259888, 1289018, 1289516, 1306914, 1307412, 1328864, 1329362, 1348620, 1349118, 1394254, 1394752, 1414080, 1414578, 1435568, 1436066]"
"('KerberosName.java', 'org.apache.hadoop.security.KerberosName', '<init>', '([^/@]*)(/([^/@]*))?@([^/@]*)', 'pwang7.hfs.7')","[1307620, 1307769]"
"('Description.java', 'org.junit.runner.Description', 'methodAndClassNamePatternGroupOrDefault', '([\\s\\S]*)\\((.*)\\)', 'testNotEqualsByDouble[](com.salesforce.phoenix.end2end.QueryTest)')","[12014, 50403]"
"('Description.java', 'org.junit.runner.Description', 'methodAndClassNamePatternGroupOrDefault', '([\\s\\S]*)\\((.*)\\)', 'testSelectForceRangeScanForEH(com.salesforce.phoenix.compile.StatementHintsCompilationTest)')","[21384, 59534]"
"('Description.java', 'org.junit.runner.Description', 'methodAndClassNamePatternGroupOrDefault', '([\\s\\S]*)\\((.*)\\)', 'testSmallIntSubtractionExpression[CREATE INDEX ATABLE_IDX ON aTable (a_integer, a_string) INCLUDE (    B_STRING,     A_DATE)](com.salesforce.phoenix.end2end.QueryTest)')","[7280, 45711]"
"('Description.java', 'org.junit.runner.Description', 'methodAndClassNamePatternGroupOrDefault', '([\\s\\S]*)\\((.*)\\)', 'testGroupedAggregation[CREATE INDEX ATABLE_IDX ON aTable (a_integer DESC) INCLUDE (    A_STRING,     B_STRING,     A_DATE)](com.salesforce.phoenix.end2end.QueryTest)')","[5281, 43733]"
"('Description.java', 'org.junit.runner.Description', 'methodAndClassNamePatternGroupOrDefault', '([\\s\\S]*)\\((.*)\\)', 'testJoinWithWildcard[[Ljava.lang.String;@26a6d290](com.salesforce.phoenix.end2end.HashJoinTest)')","[14193, 52542]"
"('Description.java', 'org.junit.runner.Description', 'methodAndClassNamePatternGroupOrDefault', '([\\s\\S]*)\\((.*)\\)', 'testNegateExpression[CREATE INDEX ATABLE_IDX ON aTable (a_integer) INCLUDE (    A_STRING,     B_STRING,     A_DATE)](com.salesforce.phoenix.end2end.QueryTest)')","[9486, 47896]"
"('Description.java', 'org.junit.runner.Description', 'methodAndClassNamePatternGroupOrDefault', '([\\s\\S]*)\\((.*)\\)', 'testScan[CREATE INDEX ATABLE_IDX ON aTable (a_integer DESC) INCLUDE (    A_STRING,     B_STRING,     A_DATE)](com.salesforce.phoenix.end2end.QueryTest)')","[4729, 43181]"
"('Description.java', 'org.junit.runner.Description', 'methodAndClassNamePatternGroupOrDefault', '([\\s\\S]*)\\((.*)\\)', 'testCeilTimestamp(com.salesforce.phoenix.end2end.RoundFloorCeilFunctionsEnd2EndTest)')","[35744, 73284]"
"('HFileLink.java', 'org.apache.hadoop.hbase.io.HFileLink', 'isHFileLink', '^((?:[a-zA-Z_0-9][a-zA-Z_0-9.-]*))=((?:[a-f0-9]+))-([0-9a-f]+(?:_SeqId_[0-9]+_)?)$', '7e19dac2ac894218b1e1c04e5edfc209')","[1327936, 1327989]"
"('Description.java', 'org.junit.runner.Description', 'methodAndClassNamePatternGroupOrDefault', '([\\s\\S]*)\\((.*)\\)', 'testCaseSensitive(com.salesforce.phoenix.end2end.FunkyNamesTest)')","[32551, 70138]"
"('StoreFile.java', 'org.apache.hadoop.hbase.regionserver.StoreFile', 'isReference', '^([0-9a-f]+(?:_SeqId_[0-9]+_)?|(?:[a-zA-Z_0-9][a-zA-Z_0-9.-]*)=(?:[a-f0-9]+)-[0-9a-f]+(?:_SeqId_[0-9]+_)?)\\.(.+)$', '52dd0183377f4ddc96a00ebb069f235d')","[1306110, 1306163]"
"('Description.java', 'org.junit.runner.Description', 'methodAndClassNamePatternGroupOrDefault', '([\\s\\S]*)\\((.*)\\)', 'testCoerceLongToDecimal2[CREATE INDEX ATABLE_IDX ON aTable (a_integer, a_string) INCLUDE (    B_STRING,     A_DATE)](com.salesforce.phoenix.end2end.QueryTest)')","[7418, 45849]"
"('Description.java', 'org.junit.runner.Description', 'methodAndClassNamePatternGroupOrDefault', '([\\s\\S]*)\\((.*)\\)', 'com.salesforce.phoenix.end2end.SkipScanQueryTest')",[29406]
"('Description.java', 'org.junit.runner.Description', 'methodAndClassNamePatternGroupOrDefault', '([\\s\\S]*)\\((.*)\\)', 'testInFilterOnKey[](com.salesforce.phoenix.end2end.QueryTest)')","[12198, 50587]"
"('Description.java', 'org.junit.runner.Description', 'methodAndClassNamePatternGroupOrDefault', '([\\s\\S]*)\\((.*)\\)', 'testRoundAggregation(com.salesforce.phoenix.end2end.ProductMetricsTest)')","[34309, 71920]"
"('StoreFile.java', 'org.apache.hadoop.hbase.regionserver.StoreFile', 'isReference', '^([0-9a-f]+(?:_SeqId_[0-9]+_)?|(?:[a-zA-Z_0-9][a-zA-Z_0-9.-]*)=(?:[a-f0-9]+)-[0-9a-f]+(?:_SeqId_[0-9]+_)?)\\.(.+)$', 'bd9ce1b6068b4e96bd0517711c1f7a3d')","[1179514, 1179567]"
"('Description.java', 'org.junit.runner.Description', 'methodAndClassNamePatternGroupOrDefault', '([\\s\\S]*)\\((.*)\\)', 'testSchemaMetadataScan(com.salesforce.phoenix.end2end.QueryDatabaseMetaDataTest)')","[27544, 65430]"
"('Description.java', 'org.junit.runner.Description', 'methodAndClassNamePatternGroupOrDefault', '([\\s\\S]*)\\((.*)\\)', 'testIntMultiplyExpression[CREATE INDEX ATABLE_IDX ON aTable (a_integer, a_string) INCLUDE (    B_STRING,     A_DATE)](com.salesforce.phoenix.end2end.QueryTest)')","[8867, 47298]"
"('Description.java', 'org.junit.runner.Description', 'methodAndClassNamePatternGroupOrDefault', '([\\s\\S]*)\\((.*)\\)', 'testJoinWithPostFilters[[Ljava.lang.String;@1249ffc3](com.salesforce.phoenix.end2end.HashJoinTest)')","[14766, 53094]"
"('Description.java', 'org.junit.runner.Description', 'methodAndClassNamePatternGroupOrDefault', '([\\s\\S]*)\\((.*)\\)', 'testTimestamp[CREATE INDEX ATABLE_IDX ON aTable (a_integer DESC) INCLUDE (    A_STRING,     B_STRING,     A_DATE)](com.salesforce.phoenix.end2end.QueryTest)')","[5672, 44124]"
"('Description.java', 'org.junit.runner.Description', 'methodAndClassNamePatternGroupOrDefault', '([\\s\\S]*)\\((.*)\\)', 'testNotInListOfDouble[](com.salesforce.phoenix.end2end.QueryTest)')","[13739, 52128]"
"('Description.java', 'org.junit.runner.Description', 'methodAndClassNamePatternGroupOrDefault', '([\\s\\S]*)\\((.*)\\)', 'testChooseSmallerTable(com.salesforce.phoenix.compile.QueryOptimizerTest)')","[19164, 57268]"
"('Description.java', 'org.junit.runner.Description', 'methodAndClassNamePatternGroupOrDefault', '([\\s\\S]*)\\((.*)\\)', 'testSelectWithSubtractionExpression[CREATE INDEX ATABLE_IDX ON aTable (a_integer, a_string) INCLUDE (    B_STRING,     A_DATE)](com.salesforce.phoenix.end2end.QueryTest)')","[8752, 47183]"
"('Description.java', 'org.junit.runner.Description', 'methodAndClassNamePatternGroupOrDefault', '([\\s\\S]*)\\((.*)\\)', 'testDecimalSubtraction(com.salesforce.phoenix.arithmetic.ArithmeticOperationTest)')","[15435, 53660]"
"('HTableDescriptor.java', 'org.apache.hadoop.hbase.HTableDescriptor', 'hasCoprocessor', '(^[^\\|]*)\\|([^\\|]+)\\|[\\s]*([\\d]*)[\\s]*(\\|.*)?$', '|com.salesforce.phoenix.coprocessor.ScanRegionObserver|1|')","[80707, 80906, 81336, 81615, 82162, 82521, 83185, 83731, 84290, 85305, 85944, 87527, 87686, 88038, 88277, 88746, 89065, 89651, 90041, 90440, 91247, 91390, 91706, 91921, 92342, 92629, 93155, 93523, 95889, 97114, 98339, 99564, 100789, 102014, 103239, 107835, 108034, 108464, 108743, 109290, 109649, 110313, 110859, 111418, 112433, 113072, 114620, 114779, 115131, 115370, 115839, 116158, 116744, 117134, 117533, 118337, 118484, 118809, 119030, 119463, 119758, 120299, 120677, 122448, 122611, 122965, 123194, 123644, 123939, 124780, 125932, 126808, 127960, 128836, 129988, 130889, 132041, 132917, 134069, 134945, 136097, 136973, 138125, 139001, 140153, 141029, 142181, 143057, 144209, 145085, 146237, 147113, 148265, 149141, 150293, 151169, 152321, 153197, 154349, 155214, 156333, 157183, 158302, 159152, 160271, 161121, 162240, 163090, 164209, 165059, 166178, 167053, 168172, 169022, 170141, 170991, 172110, 172960, 174079, 174929, 176048, 176898, 178017, 178867, 179986, 180836, 181955, 182805, 183924, 184774, 185893, 186743, 187862, 188712, 189831, 190681, 191800, 192650, 193785, 194635, 195754, 196604, 197723, 198573, 199692, 200542, 201661, 202511, 203630, 204480, 205599, 206449, 207568, 208418, 209537, 210387, 211506, 212356, 213475, 214325, 215444, 216294, 217413, 218263, 219382, 220232, 221351, 222201, 223320, 224170, 225289, 226139, 227258, 228108, 229227, 230077, 231196, 232046, 233165, 234015, 235134, 235984, 237103, 237953, 239072, 239922, 241041, 241891, 243010, 243860, 244979, 245829, 246948, 247798, 248917, 249767, 250886, 251736, 252855, 253705, 254824, 255674, 256793, 257643, 258762, 259612, 260731, 261581, 262700, 263550, 264669, 265519, 266638, 267488, 268607, 269457, 270576, 271426, 272545, 273395, 274514, 275364, 276483, 277333, 278452, 279302, 280421, 281271, 282390, 283240, 284359, 285209, 286328, 288050, 289169, 290019, 291138, 291988, 293107, 293957, 295076, 295926, 297045, 297895, 299014, 299864, 300983, 301833, 302952, 303802, 304921, 305771, 306890, 307740, 308859, 309709, 310828, 311678, 312797, 313647, 314766, 315616, 316735, 317585, 318704, 319554, 320673, 321523, 322642, 323492, 324611, 325461, 326580, 327430, 328549, 329399, 330518, 331368, 332555, 333405, 334524, 335374, 336493, 337706, 338825, 339675, 340794, 341644, 342763, 343613, 344732, 345582, 346701, 347551, 348670, 349520, 350639, 351489, 352608, 353458, 354577, 355427, 356546, 357396, 358515, 359365, 360484, 361334, 362453, 363303, 364422, 365272, 366391, 367241, 368360, 369210, 370329, 371179, 372298, 373148, 374267, 375117, 376236, 377086, 378205, 379080, 380199, 381049, 382168, 383018, 384137, 384987, 386106, 386956, 388075, 388925, 390044, 390894, 392013, 392863, 393982, 394832, 395951, 396801, 397920, 398770, 399889, 400739, 401858, 402708, 403827, 404677, 405796, 406646, 407765, 408615, 409734, 410584, 411703, 412553, 413672, 414522, 415641, 416491, 417610, 418460, 419579, 420429, 421548, 422398, 423517, 424367, 425486, 426336, 427455, 428305, 429424, 430274, 431393, 432243, 433362, 434212, 435331, 436181, 437300, 438150, 439269, 440119, 441238, 442088, 443207, 444057, 445176, 446026, 447145, 447995, 449114, 449964, 451083, 451933, 453052, 453902, 455021, 455871, 456990, 457840, 458959, 459809, 460928, 461778, 462897, 463747, 464866, 465716, 466835, 467685, 468804, 469654, 470773, 471623, 472742, 473592, 474727, 475577, 476696, 477571, 478690, 479540, 480659, 481509, 482628, 483478, 484597, 485447, 486566, 487416, 488535, 489385, 490504, 491354, 492473, 493323, 494442, 495292, 496411, 497261, 498380, 500007, 501126, 501976, 503095, 503945, 505064, 505914, 507033, 507883, 509002, 509852, 510971, 511821, 512940, 513790, 514909, 515759, 516878, 517728, 518847, 519697, 520816, 521666, 522785, 523635, 524754, 525604, 526723, 527573, 528692, 529542, 530661, 531511, 532630, 533480, 534599, 535449, 536568, 537418, 538537, 539387, 540506, 541356, 542475, 543325, 544444, 545294, 546413, 547263, 548382, 549668, 550787, 551637, 552756, 553606, 554725, 555575, 556694, 557544, 558663, 559513, 560632, 561482, 562601, 563451, 564570, 565420, 566539, 567389, 568508, 569358, 570477, 571327, 572446, 573296, 574415, 575265, 576384, 577234, 578353, 579203, 580322, 581240, 582359, 583209, 584328, 585178, 586297, 587163, 588282, 589132, 590251, 591126, 592245, 593095, 594214, 595064, 596183, 597033, 598152, 599002, 600121, 600971, 602090, 602940, 604059, 604909, 606028, 606878, 607997, 608847, 609966, 610816, 611935, 612785, 613904, 614754, 615873, 616723, 617842, 618692, 619811, 620661, 621780, 622630, 623749, 624599, 625718, 626568, 627687, 628537, 629656, 630506, 631625, 632475, 633594, 634444, 635563, 636413, 637532, 638382, 639501, 640351, 641470, 642320, 643439, 644289, 645408, 646258, 647377, 648227, 649346, 650196, 651315, 652165, 653284, 654134, 655253, 656103, 657222, 658072, 659191, 660041, 661160, 662010, 663129, 663979, 665098, 665948, 667067, 667917, 669036, 669886, 671005, 671855, 672974, 673824, 674943, 675793, 676912, 677762, 678881, 679731, 680850, 681700, 682819, 683669, 684788, 685638, 686757, 687607, 688726, 689576, 690695, 691545, 692664, 693514, 694633, 695483, 696602, 697452, 698587, 699437, 700556, 701406, 702525, 703375, 704494, 705344, 706463, 707313, 708432, 709282, 710401, 711695, 712814, 713664, 714783, 715633, 716752, 717602, 718721, 719571, 720690, 721540, 722659, 723509, 724628, 725478, 726597, 727447, 728566, 729416, 730535, 731385, 732504, 733354, 734473, 735323, 736442, 737292, 738411, 739261, 740380, 741230, 742349, 743199, 744318, 745168, 746287, 747137, 748256, 749106, 750225, 751075, 752194, 753044, 754163, 755013, 756132, 756982, 758101, 758951, 760176, 761401, 762626, 763851, 765076, 766301, 767526, 768751, 769976, 771201, 772426, 773651, 774876, 776101, 777326, 778551, 779776, 781001, 782226, 783451, 784676, 785901, 787126, 788351, 789576, 790801, 792026, 793251, 794476, 795701, 796926, 798151, 799376, 800601, 801826, 803051, 804276, 805501, 806726, 807951, 809192, 810417, 811642, 812867, 814092, 815317, 816542, 817767, 818992, 820217, 821442, 822667, 823892, 825117, 826342, 827567, 828792, 830017, 831242, 832467, 833692, 834917, 836142, 837367, 838592, 839817, 841042, 842267, 843492, 844717, 845942, 847167, 848392, 849617, 850842, 852067, 853292, 854517, 855742, 856967, 858192, 859417, 861102, 862327, 863552, 864777, 866002, 867227, 868452, 869677, 870902, 872127, 873352, 874577, 875802, 877027, 878252, 879477, 880702, 881927, 883152, 884377, 885602, 886827, 888052, 889277, 894305, 894504, 894934, 895213, 895760, 896119, 896783, 897329, 897888, 898903, 899542, 901090, 901249, 901601, 901840, 902309, 902628, 903214, 903604, 904003, 904816, 904967, 905301, 905528, 905973, 906276, 906832, 907220, 908342, 908493, 908827, 909054, 909499, 909802, 910358, 910746, 911868, 912019, 912353, 912580, 913025, 913328, 913884, 914272, 915394, 915545, 915879, 916106, 916551, 916854, 917410, 917798, 918992, 920287, 921582, 922877, 924172, 925467, 926762, 928057, 929352, 930647, 931942, 933237, 934532, 935827, 937122, 938417, 939712, 941007, 942302, 943597, 944892, 946187, 947482, 948777, 950072, 951367, 952662, 953957, 955252, 956547, 957842, 959137, 960432, 961727, 963022, 964317, 965612, 966907, 968202, 969497, 970792, 972087, 973382, 974677, 975972, 977267, 978562, 979857, 981152, 982447, 983742, 985037, 986332, 987627, 988922, 990217, 991512, 992807, 994102, 995397, 996681, 997941, 999201, 1000461, 1001721, 1002981, 1004241, 1005501, 1006761, 1008021, 1009281, 1010541, 1011801, 1013061, 1014321, 1015581, 1016841, 1018101, 1019361, 1020621, 1021881, 1023141, 1024401, 1025661, 1026900, 1027058, 1027401, 1027623, 1028059, 1028345, 1029157, 1029315, 1029658, 1029880, 1030316, 1030602, 1031414, 1031572, 1031915, 1032137, 1032573, 1032859, 1033692, 1034952, 1036212, 1037472, 1038615, 1039359, 1040103, 1040964, 1042224, 1043484, 1044744, 1045887, 1046631, 1047375, 1048236, 1049496, 1050756, 1052016, 1053159, 1053903, 1054647, 1055508, 1056768, 1058028, 1059288, 1060431, 1061175, 1061919, 1062780, 1064040, 1065300, 1066560, 1067703, 1068447, 1069191, 1070052, 1071312, 1072572, 1073832, 1074975, 1075719, 1076463, 1077324, 1078584, 1079844, 1081104, 1082247, 1082991, 1083735, 1084596, 1085856, 1087116, 1088376, 1089519, 1090263, 1091007, 1091868, 1093128, 1094388, 1095648, 1096791, 1097535, 1098279, 1099140, 1100400, 1101660, 1102920, 1104063, 1104807, 1105551, 1106412, 1107672, 1108932, 1110192, 1111335, 1112079, 1112823, 1113684, 1114944, 1116204, 1117464, 1118607, 1119351, 1120095, 1120956, 1122216, 1123476, 1124736, 1125879, 1126623, 1127367, 1128228, 1129488, 1130748, 1132008, 1133151, 1133895, 1134639, 1135500, 1136760, 1138020, 1139280, 1140423, 1141167, 1141911, 1142772, 1144032, 1145292, 1146552, 1147695, 1148439, 1149183, 1150044, 1151304, 1152564, 1153824, 1154967, 1155711, 1156455, 1157316, 1158576, 1159836, 1161096, 1162239, 1162983, 1163727, 1164588, 1165848, 1167108, 1168368, 1169511, 1170255, 1170999, 1171860, 1173120, 1174380, 1175640, 1176783, 1177527, 1178271, 1183841, 1184035, 1184454, 1184726, 1185259, 1185609, 1186256, 1186788, 1187333, 1188322, 1188945, 1190520, 1190675, 1191018, 1191251, 1191708, 1192019, 1192590, 1192970, 1193359, 1194165, 1194316, 1194650, 1194877, 1195322, 1195625, 1196181, 1196569, 1198375, 1199607, 1199762, 1200105, 1200338, 1200795, 1201106, 1201677, 1202075, 1203833, 1203988, 1204331, 1204564, 1205021, 1205332, 1205903, 1206301, 1208122, 1209417, 1210712, 1212018, 1213337, 1214632, 1215927, 1217222, 1218517, 1219812, 1221107, 1222402, 1223697, 1225003, 1226322, 1227617, 1228912, 1230218, 1231548, 1232867, 1237842, 1238036, 1238455, 1238727, 1239260, 1239610, 1240257, 1240789, 1241334, 1242323, 1242946, 1244521, 1244676, 1245019, 1245252, 1245709, 1246020, 1246591, 1246971, 1247360, 1248166, 1248317, 1248651, 1248878, 1249323, 1249626, 1250182, 1250570, 1252376, 1253671, 1254966, 1256261, 1257556, 1262261, 1262455, 1262874, 1263146, 1263679, 1264029, 1264676, 1265208, 1265753, 1266742, 1267365, 1268890, 1269045, 1269388, 1269621, 1270078, 1270389, 1270960, 1271340, 1271729, 1272526, 1272673, 1272998, 1273219, 1273652, 1273947, 1274488, 1274866, 1276646, 1277836, 1277983, 1278308, 1278529, 1278962, 1279257, 1279798, 1280176, 1281956, 1283216, 1284476, 1285736, 1286996, 1291841, 1292035, 1292454, 1292726, 1293259, 1293609, 1294256, 1294788, 1295333, 1296322, 1296945, 1298520, 1298675, 1299018, 1299251, 1299708, 1300019, 1300590, 1300970, 1301359, 1302165, 1302316, 1302650, 1302877, 1303322, 1303625, 1304181, 1304569, 1309833, 1310027, 1310446, 1310718, 1311251, 1311601, 1312248, 1312780, 1313325, 1314314, 1314937, 1316462, 1316617, 1316960, 1317193, 1317650, 1317961, 1318532, 1318912, 1319301, 1320116, 1320271, 1320614, 1320847, 1321304, 1321615, 1322186, 1322584, 1324405, 1325700, 1327006, 1331831, 1332025, 1332444, 1332716, 1333249, 1333599, 1334246, 1334778, 1335323, 1336312, 1336935, 1338460, 1338615, 1338958, 1339191, 1339648, 1339959, 1340530, 1340910, 1341299, 1342105, 1342256, 1342590, 1342817, 1343262, 1343565, 1344121, 1344509, 1345703, 1346998, 1351435, 1351629, 1352048, 1352320, 1352853, 1353203, 1353850, 1354382, 1354927, 1355916, 1356539, 1358064, 1358219, 1358562, 1358795, 1359252, 1359563, 1360134, 1360514, 1360903, 1361700, 1361847, 1362172, 1362393, 1362826, 1363121, 1363662, 1364040, 1365820, 1367080, 1368340, 1369530, 1369677, 1370002, 1370223, 1370656, 1370951, 1371492, 1371870, 1373650, 1374910, 1376170, 1377430, 1378690, 1379950, 1381210, 1382470, 1383730, 1384990, 1386250, 1387510, 1388770, 1390030, 1391290, 1392550, 1397125, 1397319, 1397738, 1398010, 1398543, 1398893, 1399540, 1400072, 1400617, 1401606, 1402229, 1403754, 1403909, 1404252, 1404485, 1404942, 1405253, 1405824, 1406204, 1406593, 1407399, 1407550, 1407884, 1408111, 1408556, 1408859, 1409415, 1409803, 1410997, 1412352, 1416943, 1417137, 1417556, 1417828, 1418361, 1418711, 1419358, 1419890, 1420435, 1421424, 1422047, 1423572, 1423727, 1424070, 1424303, 1424760, 1425071, 1425642, 1426022, 1426411, 1427190, 1427329, 1427636, 1427845, 1428254, 1428533, 1429044, 1429402, 1430518, 1431697, 1432863, 1434042]"
"('HFileLink.java', 'org.apache.hadoop.hbase.io.HFileLink', 'isHFileLink', '^((?:[a-zA-Z_0-9][a-zA-Z_0-9.-]*))=((?:[a-f0-9]+))-([0-9a-f]+(?:_SeqId_[0-9]+_)?)$', '9ffa923894814f31a6190f8899e472de')","[1348010, 1348063]"
"('DisabledAlgorithmConstraints.java', 'sun.security.util.DisabledAlgorithmConstraints$KeySizeConstraints', '<init>', '(\\S+)\\s+keySize\\s*(<=|<|==|!=|>|>=)\\s*(\\d+)', 'MD2')",[77624]
"('ServerName.java', 'org.apache.hadoop.hbase.ServerName', 'parseServerName', '[^,]+,[\\d]+,[\\d]+$', 'bn19-236.dcs.mcnc.org,33246,1516005665363')","[1349475, 1349577, 1349597, 1349617, 1349641, 1349665, 1349689, 1349713, 1349737, 1349761, 1349785, 1349809, 1349833, 1349857, 1349881, 1349905, 1349929, 1349953, 1349977, 1350001, 1350025, 1350049, 1350073, 1350097, 1350121, 1350145, 1350169, 1350193, 1350217, 1350241, 1350265, 1350289, 1350313, 1350337, 1350361, 1350385, 1350409, 1350433, 1350457, 1350481, 1350505, 1350529, 1350553, 1350577, 1350598, 1350619, 1350643, 1350667, 1350719, 1350737, 1350761, 1350785, 1350809, 1350833, 1350852, 1350874, 1350896, 1350938, 1357044, 1357353, 1357401, 1393952]"
"('Description.java', 'org.junit.runner.Description', 'methodAndClassNamePatternGroupOrDefault', '([\\s\\S]*)\\((.*)\\)', 'testMinUngroupedAggregation1(com.salesforce.phoenix.end2end.ProductMetricsTest)')","[34099, 71700]"
"('Description.java', 'org.junit.runner.Description', 'methodAndClassNamePatternGroupOrDefault', '([\\s\\S]*)\\((.*)\\)', 'test[[[[AB - AX], [EB - EZ), [PO - PP)], [abc, def]] [I@46cae744 [rowkey=ABabc, expected include, rowkey=ABdeg, expected seek next using hint: ACabc, rowkey=AMabc, expected include, rowkey=AYabc, expected seek next using hint: EBabc, rowkey=EFabc, expected include, rowkey=EZdef, expected seek next using hint: POabc, rowkey=POabd, expected seek next using hint: POdef, rowkey=POdef, expected include, rowkey=PPabc, expected finished]](com.salesforce.phoenix.filter.SkipScanFilterTest)')","[1287, 41180]"
"('Description.java', 'org.junit.runner.Description', 'methodAndClassNamePatternGroupOrDefault', '([\\s\\S]*)\\((.*)\\)', 'testSTDDEV_SAMP(com.salesforce.phoenix.end2end.StddevTest)')","[29990, 67674]"
"('Description.java', 'org.junit.runner.Description', 'methodAndClassNamePatternGroupOrDefault', '([\\s\\S]*)\\((.*)\\)', 'testFalseFilter(com.salesforce.phoenix.compile.WhereClauseCompileTest)')","[23919, 62130]"
"('Description.java', 'org.junit.runner.Description', 'methodAndClassNamePatternGroupOrDefault', '([\\s\\S]*)\\((.*)\\)', 'testWhereStringConcatExpression(com.salesforce.phoenix.end2end.CustomEntityDataTest)')","[25890, 63956]"
"('Description.java', 'org.junit.runner.Description', 'methodAndClassNamePatternGroupOrDefault', '([\\s\\S]*)\\((.*)\\)', 'testNotEquals2[CREATE INDEX ATABLE_IDX ON aTable (a_integer DESC) INCLUDE (    A_STRING,     B_STRING,     A_DATE)](com.salesforce.phoenix.end2end.QueryTest)')","[5810, 44262]"
"('Description.java', 'org.junit.runner.Description', 'methodAndClassNamePatternGroupOrDefault', '([\\s\\S]*)\\((.*)\\)', 'testChooseIndexFromDoubleQuotedHint(com.salesforce.phoenix.compile.QueryOptimizerTest)')","[19101, 57202]"
"('Description.java', 'org.junit.runner.Description', 'methodAndClassNamePatternGroupOrDefault', '([\\s\\S]*)\\((.*)\\)', 'testTinyInt(com.salesforce.phoenix.schema.PDataTypeTest)')","[37677, 75110]"
"('HFileLink.java', 'org.apache.hadoop.hbase.io.HFileLink', 'isHFileLink', '^((?:[a-zA-Z_0-9][a-zA-Z_0-9.-]*))=((?:[a-f0-9]+))-([0-9a-f]+(?:_SeqId_[0-9]+_)?)$', '63a620782d3843dfb910f92576b1a786')","[1288302, 1288355]"
"('Description.java', 'org.junit.runner.Description', 'methodAndClassNamePatternGroupOrDefault', '([\\s\\S]*)\\((.*)\\)', 'testNotEquals2[CREATE INDEX ATABLE_IDX ON aTable (a_integer) INCLUDE (    A_STRING,     B_STRING,     A_DATE)](com.salesforce.phoenix.end2end.QueryTest)')","[10774, 49184]"
"('Description.java', 'org.junit.runner.Description', 'methodAndClassNamePatternGroupOrDefault', '([\\s\\S]*)\\((.*)\\)', 'testFeatureLTEAggregation(com.salesforce.phoenix.end2end.ProductMetricsTest)')","[33910, 71502]"
"('Description.java', 'org.junit.runner.Description', 'methodAndClassNamePatternGroupOrDefault', '([\\s\\S]*)\\((.*)\\)', 'testFeatureGTEAggregation(com.salesforce.phoenix.end2end.ProductMetricsTest)')","[33427, 70996]"
"('Description.java', 'org.junit.runner.Description', 'methodAndClassNamePatternGroupOrDefault', '([\\s\\S]*)\\((.*)\\)', 'testParseCreateTableCommaBeforePrimaryKeyConstraint(com.salesforce.phoenix.parse.QueryParserTest)')","[16347, 54496]"
"('StoreFile.java', 'org.apache.hadoop.hbase.regionserver.StoreFile', 'isHFile', '^([0-9a-f]+(?:_SeqId_[0-9]+_)?)', '039c759b08714b8f84cafe03ad7dbdf0')","[1329632, 1329694, 1329818]"
"('Description.java', 'org.junit.runner.Description', 'methodAndClassNamePatternGroupOrDefault', '([\\s\\S]*)\\((.*)\\)', 'testViewTypeCalculation(com.salesforce.phoenix.compile.ViewCompileTest)')","[18767, 56872]"
"('Description.java', 'org.junit.runner.Description', 'methodAndClassNamePatternGroupOrDefault', '([\\s\\S]*)\\((.*)\\)', 'testBetweenFilter(com.salesforce.phoenix.compile.WhereClauseCompileTest)')","[23205, 61382]"
"('Description.java', 'org.junit.runner.Description', 'methodAndClassNamePatternGroupOrDefault', '([\\s\\S]*)\\((.*)\\)', 'testExceedVersionsOutOfOrderPut(com.salesforce.hbase.index.covered.example.TestEndtoEndIndexingWithCompression)')","[38835, 76144]"
"('Description.java', 'org.junit.runner.Description', 'methodAndClassNamePatternGroupOrDefault', '([\\s\\S]*)\\((.*)\\)', 'testPassesTargetFamilyAsNonFirstFamily(com.salesforce.hbase.index.covered.filter.TestFamilyOnlyFilter)')","[39558, 76782]"
"('Description.java', 'org.junit.runner.Description', 'methodAndClassNamePatternGroupOrDefault', '([\\s\\S]*)\\((.*)\\)', 'testRangeQuery2(com.salesforce.phoenix.end2end.NativeHBaseTypesTest)')","[35910, 73438]"
"('StoreFile.java', 'org.apache.hadoop.hbase.regionserver.StoreFile', 'isReference', '^([0-9a-f]+(?:_SeqId_[0-9]+_)?|(?:[a-zA-Z_0-9][a-zA-Z_0-9.-]*)=(?:[a-f0-9]+)-[0-9a-f]+(?:_SeqId_[0-9]+_)?)\\.(.+)$', '10a2b0b8371840afaaa3f69940bd616d')","[1178878, 1178931]"
"('Description.java', 'org.junit.runner.Description', 'methodAndClassNamePatternGroupOrDefault', '([\\s\\S]*)\\((.*)\\)', 'testAddKVColumnToNewFamily(com.salesforce.phoenix.end2end.QueryDatabaseMetaDataTest)')","[27376, 65254]"
"('Description.java', 'org.junit.runner.Description', 'methodAndClassNamePatternGroupOrDefault', '([\\s\\S]*)\\((.*)\\)', 'testSimpleTimestampedUpdates(com.salesforce.hbase.index.covered.example.TestEndToEndCoveredIndexing)')","[39476, 76716]"
"('Description.java', 'org.junit.runner.Description', 'methodAndClassNamePatternGroupOrDefault', '([\\s\\S]*)\\((.*)\\)', 'com.salesforce.hbase.index.parallel.TestThreadPoolManager')",[38404]
"('Description.java', 'org.junit.runner.Description', 'methodAndClassNamePatternGroupOrDefault', '([\\s\\S]*)\\((.*)\\)', 'testEscapedQuoteScan(com.salesforce.phoenix.end2end.VariableLengthPKTest)')","[32408, 70028]"
"('Description.java', 'org.junit.runner.Description', 'methodAndClassNamePatternGroupOrDefault', '([\\s\\S]*)\\((.*)\\)', 'com.salesforce.hbase.index.write.TestCachingHTableFactory')",[40006]
"('Description.java', 'org.junit.runner.Description', 'methodAndClassNamePatternGroupOrDefault', '([\\s\\S]*)\\((.*)\\)', 'testInvalidGroupedAggregation(com.salesforce.phoenix.compile.QueryCompileTest)')","[22157, 60304]"
"('StoreFile.java', 'org.apache.hadoop.hbase.regionserver.StoreFile', 'isReference', '^([0-9a-f]+(?:_SeqId_[0-9]+_)?|(?:[a-zA-Z_0-9][a-zA-Z_0-9.-]*)=(?:[a-f0-9]+)-[0-9a-f]+(?:_SeqId_[0-9]+_)?)\\.(.+)$', '9abd37d36afa4b30800522c7d1f3bc77')","[1234427, 1234480]"
"('Description.java', 'org.junit.runner.Description', 'methodAndClassNamePatternGroupOrDefault', '([\\s\\S]*)\\((.*)\\)', 'testSelectForceSkipScan(com.salesforce.phoenix.end2end.StatementHintsTest)')","[27750, 65606]"
"('Description.java', 'org.junit.runner.Description', 'methodAndClassNamePatternGroupOrDefault', '([\\s\\S]*)\\((.*)\\)', 'testFamilyNameInPK(com.salesforce.phoenix.compile.QueryCompileTest)')","[22262, 60414]"
"('ServerName.java', 'org.apache.hadoop.hbase.ServerName', 'parseServerName', '[^,]+,[\\d]+,[\\d]+$', 'bn19-236.dcs.mcnc.org,34548,1516005211076')","[105749, 105867, 105887, 105907, 105931, 105955, 105979, 106003, 106027, 106051, 106075, 106099, 106123, 106147, 106171, 106195, 106219, 106243, 106267, 106291, 106315, 106339, 106363, 106387, 106411, 106435, 106459, 106483, 106507, 106531, 106555, 106579, 106603, 106627, 106651, 106675, 106699, 106723, 106747, 106771, 106795, 106819, 106843, 106867, 106888, 106909, 106967, 106991, 107009, 107027, 107051, 107075, 107099, 107123, 107147, 107171, 107195, 107219, 107238, 107260, 107282, 107325, 113590, 113899, 113948, 130493, 166668, 286829, 378695, 477186, 498881, 590741, 710902, 860293, 891079]"
"('Description.java', 'org.junit.runner.Description', 'methodAndClassNamePatternGroupOrDefault', '([\\s\\S]*)\\((.*)\\)', 'com.salesforce.phoenix.filter.SkipScanFilterTest')",[935]
"('Description.java', 'org.junit.runner.Description', 'methodAndClassNamePatternGroupOrDefault', '([\\s\\S]*)\\((.*)\\)', 'com.salesforce.phoenix.end2end.ExtendedQueryExecTest')",[28614]
"('Description.java', 'org.junit.runner.Description', 'methodAndClassNamePatternGroupOrDefault', '([\\s\\S]*)\\((.*)\\)', 'testCompositeDescRowKeyVarAscIndex(com.salesforce.phoenix.index.IndexMaintainerTest)')","[15803, 53946]"
"('Description.java', 'org.junit.runner.Description', 'methodAndClassNamePatternGroupOrDefault', '([\\s\\S]*)\\((.*)\\)', 'com.salesforce.phoenix.compile.ScanRangesTest')",[2293]
"('Description.java', 'org.junit.runner.Description', 'methodAndClassNamePatternGroupOrDefault', '([\\s\\S]*)\\((.*)\\)', 'testUpperBoundRangeScan[](com.salesforce.phoenix.end2end.QueryTest)')","[12221, 50610]"
"('Description.java', 'org.junit.runner.Description', 'methodAndClassNamePatternGroupOrDefault', '([\\s\\S]*)\\((.*)\\)', 'testConnectionReadIsolationLevel(com.salesforce.phoenix.end2end.ReadIsolationLevelTest)')","[30093, 67762]"
"('Description.java', 'org.junit.runner.Description', 'methodAndClassNamePatternGroupOrDefault', '([\\s\\S]*)\\((.*)\\)', 'testRowValueConstructorBindParamMetaDataWithBindArgsAtSamePlacesOnLHSRHS(com.salesforce.phoenix.compile.QueryMetaDataTest)')","[18664, 56784]"
"('Description.java', 'org.junit.runner.Description', 'methodAndClassNamePatternGroupOrDefault', '([\\s\\S]*)\\((.*)\\)', 'test[ScanRanges[[[b], [1], [[B - D]]]] [b1D - b2E]](com.salesforce.phoenix.compile.ScanRangesTest)')","[2953, 42031]"
"('Description.java', 'org.junit.runner.Description', 'methodAndClassNamePatternGroupOrDefault', '([\\s\\S]*)\\((.*)\\)', 'testFakeCFDynamicUpsert(com.salesforce.phoenix.end2end.DynamicUpsertTest)')","[27252, 65144]"
"('Description.java', 'org.junit.runner.Description', 'methodAndClassNamePatternGroupOrDefault', '([\\s\\S]*)\\((.*)\\)', 'testReverseSingleKeyExpression(com.salesforce.phoenix.compile.WhereClauseOptimizerTest)')","[20233, 58368]"
"('StoreFile.java', 'org.apache.hadoop.hbase.regionserver.StoreFile', 'isHFile', '^([0-9a-f]+(?:_SeqId_[0-9]+_)?)', '6bfd03853d014e2fa146951b70c79dc1')","[1435099, 1435152]"
"('Description.java', 'org.junit.runner.Description', 'methodAndClassNamePatternGroupOrDefault', '([\\s\\S]*)\\((.*)\\)', 'testValidUpsertSelectHint(com.salesforce.phoenix.parse.QueryParserTest)')","[16788, 54958]"
"('Description.java', 'org.junit.runner.Description', 'methodAndClassNamePatternGroupOrDefault', '([\\s\\S]*)\\((.*)\\)', 'testRowKeyVarOnlyIndex(com.salesforce.phoenix.index.IndexMaintainerTest)')","[16076, 54232]"
"('Description.java', 'org.junit.runner.Description', 'methodAndClassNamePatternGroupOrDefault', '([\\s\\S]*)\\((.*)\\)', 'testOnlyAllowsOlderTimestamps(com.salesforce.hbase.index.covered.filter.TestNewerTimestampFilter)')","[39743, 76936]"
"('Description.java', 'org.junit.runner.Description', 'methodAndClassNamePatternGroupOrDefault', '([\\s\\S]*)\\((.*)\\)', 'testKeyFilterWithIntegerValue(com.salesforce.phoenix.end2end.ToNumberFunctionTest)')","[34767, 72360]"
"('Description.java', 'org.junit.runner.Description', 'methodAndClassNamePatternGroupOrDefault', '([\\s\\S]*)\\((.*)\\)', 'additionOnDescCompositePK(com.salesforce.phoenix.end2end.DescColumnSortOrderTest)')","[29219, 66926]"
"('Description.java', 'org.junit.runner.Description', 'methodAndClassNamePatternGroupOrDefault', '([\\s\\S]*)\\((.*)\\)', 'testCorrectlyCleansUpResources(com.salesforce.hbase.index.write.TestParalleIndexWriter)')","[40252, 77310]"
"('Description.java', 'org.junit.runner.Description', 'methodAndClassNamePatternGroupOrDefault', '([\\s\\S]*)\\((.*)\\)', 'testUngroupedAggregationNoWhere[CREATE INDEX ATABLE_IDX ON aTable (a_integer DESC) INCLUDE (    A_STRING,     B_STRING,     A_DATE)](com.salesforce.phoenix.end2end.QueryTest)')","[5626, 44078]"
"('Description.java', 'org.junit.runner.Description', 'methodAndClassNamePatternGroupOrDefault', '([\\s\\S]*)\\((.*)\\)', 'test[ScanRanges[[[b, c, d], [[3 - 4]], [[B - D], [G - I]]]] [b20 - b50]](com.salesforce.phoenix.compile.ScanRangesTest)')","[3173, 42146]"
"('Description.java', 'org.junit.runner.Description', 'methodAndClassNamePatternGroupOrDefault', '([\\s\\S]*)\\((.*)\\)', 'testCombiningRVCUsingOr(com.salesforce.phoenix.compile.WhereClauseOptimizerTest)')","[19582, 57686]"
"('Description.java', 'org.junit.runner.Description', 'methodAndClassNamePatternGroupOrDefault', '([\\s\\S]*)\\((.*)\\)', 'testUnfoundMultiColumnCaseStatement[CREATE INDEX ATABLE_IDX ON aTable (a_integer) INCLUDE (    A_STRING,     B_STRING,     A_DATE)](com.salesforce.phoenix.end2end.QueryTest)')","[10107, 48517]"
"('Description.java', 'org.junit.runner.Description', 'methodAndClassNamePatternGroupOrDefault', '([\\s\\S]*)\\((.*)\\)', 'com.salesforce.phoenix.end2end.SequenceTest')",[29530]
"('Description.java', 'org.junit.runner.Description', 'methodAndClassNamePatternGroupOrDefault', '([\\s\\S]*)\\((.*)\\)', 'testSelectAllAndAliasWithIndex(com.salesforce.phoenix.end2end.index.MutableIndexTest)')","[27977, 65804]"
"('Description.java', 'org.junit.runner.Description', 'methodAndClassNamePatternGroupOrDefault', '([\\s\\S]*)\\((.*)\\)', 'test[ScanRanges[[]] 1](com.salesforce.phoenix.compile.ScanRangesTest)')","[2557, 41824]"
"('Description.java', 'org.junit.runner.Description', 'methodAndClassNamePatternGroupOrDefault', '([\\s\\S]*)\\((.*)\\)', 'testDemonstrateSetNanosOnTimestampLosingMillis(com.salesforce.phoenix.util.DateUtilTest)')","[15517, 53726]"
"('Description.java', 'org.junit.runner.Description', 'methodAndClassNamePatternGroupOrDefault', '([\\s\\S]*)\\((.*)\\)', 'testRHSLiteral(com.salesforce.phoenix.compile.WhereClauseCompileTest)')","[23982, 62196]"
"('Description.java', 'org.junit.runner.Description', 'methodAndClassNamePatternGroupOrDefault', '([\\s\\S]*)\\((.*)\\)', 'testInListConstant(com.salesforce.phoenix.end2end.VariableLengthPKTest)')","[31946, 69544]"
"('Description.java', 'org.junit.runner.Description', 'methodAndClassNamePatternGroupOrDefault', '([\\s\\S]*)\\((.*)\\)', 'test[ScanRanges[[[a], [1], [[A - B]]]] [a1B - *)](com.salesforce.phoenix.compile.ScanRangesTest)')","[3613, 42376]"
"('Description.java', 'org.junit.runner.Description', 'methodAndClassNamePatternGroupOrDefault', '([\\s\\S]*)\\((.*)\\)', 'testQueryMoreFunctionalityUsingAllPKColsInRowValueConstructor(com.salesforce.phoenix.end2end.RowValueConstructorTest)')","[24434, 62570]"
"('Description.java', 'org.junit.runner.Description', 'methodAndClassNamePatternGroupOrDefault', '([\\s\\S]*)\\((.*)\\)', 'testRowKeyMultiIn[CREATE INDEX ATABLE_IDX ON aTable (a_integer, a_string) INCLUDE (    B_STRING,     A_DATE)](com.salesforce.phoenix.end2end.QueryTest)')","[7993, 46424]"
"('Description.java', 'org.junit.runner.Description', 'methodAndClassNamePatternGroupOrDefault', '([\\s\\S]*)\\((.*)\\)', 'testNonNullMultiCondCaseStatement[CREATE INDEX ATABLE_IDX ON aTable (a_integer DESC) INCLUDE (    A_STRING,     B_STRING,     A_DATE)](com.salesforce.phoenix.end2end.QueryTest)')","[4844, 43296]"
"('Description.java', 'org.junit.runner.Description', 'methodAndClassNamePatternGroupOrDefault', '([\\s\\S]*)\\((.*)\\)', '[[[a], [1], [A]] [I@15f3cd62 [B@3930e830 LOWER {4}]')",[57]
"('RegionCoprocessorHost.java', 'org.apache.hadoop.hbase.regionserver.RegionCoprocessorHost', 'loadTableCoprocessors', '(^[^\\|]*)\\|([^\\|]+)\\|[\\s]*([\\d]*)[\\s]*(\\|.*)?$', '|com.salesforce.phoenix.coprocessor.MetaDataEndpointImpl|1|')","[86588, 86994, 113709, 114097, 900179, 900567, 1189619, 1190006, 1243620, 1244007, 1267989, 1268376, 1297619, 1298006, 1315561, 1315948, 1337559, 1337946, 1357163, 1357550, 1402853, 1403240, 1422671, 1423058]"
"('Description.java', 'org.junit.runner.Description', 'methodAndClassNamePatternGroupOrDefault', '([\\s\\S]*)\\((.*)\\)', 'com.salesforce.hbase.index.write.recovery.TestPerRegionIndexWriteCache')",[40292]
"('Description.java', 'org.junit.runner.Description', 'methodAndClassNamePatternGroupOrDefault', '([\\s\\S]*)\\((.*)\\)', 'testWrongMultiplierInRoundDateFunction(com.salesforce.phoenix.compile.QueryCompileTest)')","[22913, 61096]"
"('StoreFile.java', 'org.apache.hadoop.hbase.regionserver.StoreFile', 'isReference', '^([0-9a-f]+(?:_SeqId_[0-9]+_)?|(?:[a-zA-Z_0-9][a-zA-Z_0-9.-]*)=(?:[a-f0-9]+)-[0-9a-f]+(?:_SeqId_[0-9]+_)?)\\.(.+)$', 'f7fa5ec7ba2841f29b50125c6e09b23c')","[1413594, 1413647]"
"('Description.java', 'org.junit.runner.Description', 'methodAndClassNamePatternGroupOrDefault', '([\\s\\S]*)\\((.*)\\)', 'testUnsignedDoubleAddExpression[](com.salesforce.phoenix.end2end.QueryTest)')","[12681, 51070]"
"('Description.java', 'org.junit.runner.Description', 'methodAndClassNamePatternGroupOrDefault', '([\\s\\S]*)\\((.*)\\)', 'testRowValueConstructorInWhereWithGreaterThanExpression(com.salesforce.phoenix.end2end.RowValueConstructorTest)')","[24497, 62636]"
"('Description.java', 'org.junit.runner.Description', 'methodAndClassNamePatternGroupOrDefault', '([\\s\\S]*)\\((.*)\\)', 'testUpdatableView(com.salesforce.phoenix.end2end.ViewTest)')","[25993, 64044]"
"('Description.java', 'org.junit.runner.Description', 'methodAndClassNamePatternGroupOrDefault', '([\\s\\S]*)\\((.*)\\)', 'testUpsertSelecWithIndex(com.salesforce.phoenix.end2end.UpsertSelectTest)')","[31257, 68862]"
"('Description.java', 'org.junit.runner.Description', 'methodAndClassNamePatternGroupOrDefault', '([\\s\\S]*)\\((.*)\\)', 'testCoerceLongToDecimal2[CREATE INDEX ATABLE_IDX ON aTable (a_integer DESC) INCLUDE (    A_STRING,     B_STRING,     A_DATE)](com.salesforce.phoenix.end2end.QueryTest)')","[4936, 43388]"
"('Description.java', 'org.junit.runner.Description', 'methodAndClassNamePatternGroupOrDefault', '([\\s\\S]*)\\((.*)\\)', 'testLikeNoOptKeyExpression2(com.salesforce.phoenix.compile.WhereClauseOptimizerTest)')","[19645, 57752]"
"('Description.java', 'org.junit.runner.Description', 'methodAndClassNamePatternGroupOrDefault', '([\\s\\S]*)\\((.*)\\)', 'testForTimeArray(com.salesforce.phoenix.schema.PDataTypeForArraysTest)')","[37406, 74846]"
"('Description.java', 'org.junit.runner.Description', 'methodAndClassNamePatternGroupOrDefault', '([\\s\\S]*)\\((.*)\\)', 'testLowerBoundRangeScan[](com.salesforce.phoenix.end2end.QueryTest)')","[12658, 51047]"
"('StoreFile.java', 'org.apache.hadoop.hbase.regionserver.StoreFile', 'isReference', '^([0-9a-f]+(?:_SeqId_[0-9]+_)?|(?:[a-zA-Z_0-9][a-zA-Z_0-9.-]*)=(?:[a-f0-9]+)-[0-9a-f]+(?:_SeqId_[0-9]+_)?)\\.(.+)$', '4dd325a9d63f4940948c3c8001eb2cd1')","[104539, 104592]"
"('Description.java', 'org.junit.runner.Description', 'methodAndClassNamePatternGroupOrDefault', '([\\s\\S]*)\\((.*)\\)', 'test[ScanRanges[[[b, c, d], [1], [[B - D], [G - I]]]] [b00 - d00]](com.salesforce.phoenix.compile.ScanRangesTest)')","[3129, 42123]"
"('Description.java', 'org.junit.runner.Description', 'methodAndClassNamePatternGroupOrDefault', '([\\s\\S]*)\\((.*)\\)', 'testTypeMismatchBoundLimit(com.salesforce.phoenix.compile.LimitClauseTest)')","[24167, 62350]"
"('Description.java', 'org.junit.runner.Description', 'methodAndClassNamePatternGroupOrDefault', '([\\s\\S]*)\\((.*)\\)', 'testForUnSignedDateArray(com.salesforce.phoenix.schema.PDataTypeForArraysTest)')","[37280, 74714]"
"('StoreFile.java', 'org.apache.hadoop.hbase.regionserver.StoreFile', 'isHFile', '^([0-9a-f]+(?:_SeqId_[0-9]+_)?)', '10a2b0b8371840afaaa3f69940bd616d')","[1178895, 1178948]"
"('Description.java', 'org.junit.runner.Description', 'methodAndClassNamePatternGroupOrDefault', '([\\s\\S]*)\\((.*)\\)', 'testWildcardToLikeExpression(com.salesforce.phoenix.util.LikeExpressionTest)')","[15557, 53748]"
"('Description.java', 'org.junit.runner.Description', 'methodAndClassNamePatternGroupOrDefault', '([\\s\\S]*)\\((.*)\\)', 'com.salesforce.phoenix.schema.RowKeySchemaTest')",[38177]
"('Description.java', 'org.junit.runner.Description', 'methodAndClassNamePatternGroupOrDefault', '([\\s\\S]*)\\((.*)\\)', 'testGroupedLimitedAggregation[](com.salesforce.phoenix.end2end.QueryTest)')","[13877, 52266]"
"('Description.java', 'org.junit.runner.Description', 'methodAndClassNamePatternGroupOrDefault', '([\\s\\S]*)\\((.*)\\)', 'testDateAddCompareDate(com.salesforce.phoenix.end2end.ProductMetricsTest)')","[34246, 71854]"
"('Description.java', 'org.junit.runner.Description', 'methodAndClassNamePatternGroupOrDefault', '([\\s\\S]*)\\((.*)\\)', '[ScanRanges[[[b], [1], [[A - B]]]] (* - a0Z]]')",[3326]
"('HTableDescriptor.java', 'org.apache.hadoop.hbase.HTableDescriptor', 'addCoprocessor', '[^,]+', 'com.salesforce.phoenix.index.PhoenixIndexCodec')","[93673, 93710, 120831, 120869, 907378, 907417, 910904, 910943, 914430, 914469, 917956, 917995, 1196727, 1196766, 1202237, 1202277, 1206463, 1206503, 1250728, 1250767, 1275020, 1275058, 1280330, 1280368, 1304727, 1304766, 1322746, 1322786, 1344667, 1344706, 1364194, 1364232, 1372024, 1372062, 1409961, 1410000, 1429548, 1429584]"
"('HFileLink.java', 'org.apache.hadoop.hbase.io.HFileLink', 'isHFileLink', '^((?:[a-zA-Z_0-9][a-zA-Z_0-9.-]*))=((?:[a-f0-9]+))-([0-9a-f]+(?:_SeqId_[0-9]+_)?)$', '6f3fdf0e747d480d82e7fb3048526d43')","[1288620, 1288673]"
"('Description.java', 'org.junit.runner.Description', 'methodAndClassNamePatternGroupOrDefault', '([\\s\\S]*)\\((.*)\\)', 'testColumnOnBothSides[CREATE INDEX ATABLE_IDX ON aTable (a_integer, a_string) INCLUDE (    B_STRING,     A_DATE)](com.salesforce.phoenix.end2end.QueryTest)')","[8614, 47045]"
"('Description.java', 'org.junit.runner.Description', 'methodAndClassNamePatternGroupOrDefault', '([\\s\\S]*)\\((.*)\\)', 'substrDescCompositePK1(com.salesforce.phoenix.end2end.DescColumnSortOrderTest)')","[29282, 66992]"
"('Description.java', 'org.junit.runner.Description', 'methodAndClassNamePatternGroupOrDefault', '([\\s\\S]*)\\((.*)\\)', 'testLeftJoinWithPreFilters[[Ljava.lang.String;@26a6d290](com.salesforce.phoenix.end2end.HashJoinTest)')","[14492, 52841]"
"('Description.java', 'org.junit.runner.Description', 'methodAndClassNamePatternGroupOrDefault', '([\\s\\S]*)\\((.*)\\)', 'testInFilter(com.salesforce.phoenix.compile.WhereClauseCompileTest)')","[23541, 61734]"
"('Description.java', 'org.junit.runner.Description', 'methodAndClassNamePatternGroupOrDefault', '([\\s\\S]*)\\((.*)\\)', 'testPercentRankDesc(com.salesforce.phoenix.end2end.PercentileTest)')","[30236, 67872]"
"('Description.java', 'org.junit.runner.Description', 'methodAndClassNamePatternGroupOrDefault', '([\\s\\S]*)\\((.*)\\)', 'testSmallIntSubtractionExpression[CREATE INDEX ATABLE_IDX ON aTable (a_integer DESC) INCLUDE (    A_STRING,     B_STRING,     A_DATE)](com.salesforce.phoenix.end2end.QueryTest)')","[4798, 43250]"
"('Description.java', 'org.junit.runner.Description', 'methodAndClassNamePatternGroupOrDefault', '([\\s\\S]*)\\((.*)\\)', 'testArrayLengthFunctionForVariableLength(com.salesforce.phoenix.end2end.ArrayTest)')","[25451, 63516]"
"('Description.java', 'org.junit.runner.Description', 'methodAndClassNamePatternGroupOrDefault', '([\\s\\S]*)\\((.*)\\)', 'testCoerceToDecimalArithmeticMetaData(com.salesforce.phoenix.compile.QueryMetaDataTest)')","[18727, 56850]"
"('Description.java', 'org.junit.runner.Description', 'methodAndClassNamePatternGroupOrDefault', '([\\s\\S]*)\\((.*)\\)', 'divide(com.salesforce.phoenix.expression.DescColumnSortOrderExpressionTest)')","[17267, 55420]"
"('Description.java', 'org.junit.runner.Description', 'methodAndClassNamePatternGroupOrDefault', '([\\s\\S]*)\\((.*)\\)', 'testNegativeCompareNegativeValue(com.salesforce.phoenix.end2end.NativeHBaseTypesTest)')","[35973, 73504]"
"('Description.java', 'org.junit.runner.Description', 'methodAndClassNamePatternGroupOrDefault', '([\\s\\S]*)\\((.*)\\)', 'testDoesNotStartRegionServerForUnsupportedCompressionAndVersion(com.salesforce.hbase.index.TestFailForUnsupportedHBaseVersions)')","[38671, 76012]"
"('Description.java', 'org.junit.runner.Description', 'methodAndClassNamePatternGroupOrDefault', '([\\s\\S]*)\\((.*)\\)', 'testUpsertValuesOnlyUpsertsTenantData(com.salesforce.phoenix.end2end.TenantSpecificTablesDMLTest)')","[30818, 68422]"
"('Description.java', 'org.junit.runner.Description', 'methodAndClassNamePatternGroupOrDefault', '([\\s\\S]*)\\((.*)\\)', 'testUpsertSelectValues(com.salesforce.phoenix.end2end.BinaryRowKeyTest)')","[25348, 63428]"
"('Description.java', 'org.junit.runner.Description', 'methodAndClassNamePatternGroupOrDefault', '([\\s\\S]*)\\((.*)\\)', 'testPercentileWrongQuery1(com.salesforce.phoenix.compile.QueryCompileTest)')","[23018, 61206]"
"('StoreFile.java', 'org.apache.hadoop.hbase.regionserver.StoreFile', 'isReference', '^([0-9a-f]+(?:_SeqId_[0-9]+_)?|(?:[a-zA-Z_0-9][a-zA-Z_0-9.-]*)=(?:[a-f0-9]+)-[0-9a-f]+(?:_SeqId_[0-9]+_)?)\\.(.+)$', '63a620782d3843dfb910f92576b1a786')","[1288320, 1288373]"
"('Description.java', 'org.junit.runner.Description', 'methodAndClassNamePatternGroupOrDefault', '([\\s\\S]*)\\((.*)\\)', 'testForVarCharArrayForOddNumber(com.salesforce.phoenix.schema.PDataTypeForArraysTest)')","[37028, 74450]"
"('Description.java', 'org.junit.runner.Description', 'methodAndClassNamePatternGroupOrDefault', '([\\s\\S]*)\\((.*)\\)', 'testStringConcatMetaData(com.salesforce.phoenix.compile.QueryMetaDataTest)')","[18181, 56278]"
"('Description.java', 'org.junit.runner.Description', 'methodAndClassNamePatternGroupOrDefault', '([\\s\\S]*)\\((.*)\\)', 'testDateFunctions(com.salesforce.phoenix.end2end.ExtendedQueryExecTest)')","[28635, 66354]"
"('Description.java', 'org.junit.runner.Description', 'methodAndClassNamePatternGroupOrDefault', '([\\s\\S]*)\\((.*)\\)', 'testRVCWithNonLeadingPkColsOfTypesIntegerAndString(com.salesforce.phoenix.end2end.RowValueConstructorTest)')","[24623, 62768]"
"('Description.java', 'org.junit.runner.Description', 'methodAndClassNamePatternGroupOrDefault', '([\\s\\S]*)\\((.*)\\)', 'testJoinWithDifferentDateJoinKeyTypes[[Ljava.lang.String;@26a6d290](com.salesforce.phoenix.end2end.HashJoinTest)')","[14216, 52565]"
"('Description.java', 'org.junit.runner.Description', 'methodAndClassNamePatternGroupOrDefault', '([\\s\\S]*)\\((.*)\\)', 'testNullStringValue[CREATE INDEX ATABLE_IDX ON aTable (a_integer) INCLUDE (    A_STRING,     B_STRING,     A_DATE)](com.salesforce.phoenix.end2end.QueryTest)')","[9647, 48057]"
"('Description.java', 'org.junit.runner.Description', 'methodAndClassNamePatternGroupOrDefault', '([\\s\\S]*)\\((.*)\\)', 'testChooseTableForDynCols(com.salesforce.phoenix.compile.QueryOptimizerTest)')","[19206, 57312]"
"('StoreFile.java', 'org.apache.hadoop.hbase.regionserver.StoreFile', 'isReference', '^([0-9a-f]+(?:_SeqId_[0-9]+_)?|(?:[a-zA-Z_0-9][a-zA-Z_0-9.-]*)=(?:[a-f0-9]+)-[0-9a-f]+(?:_SeqId_[0-9]+_)?)\\.(.+)$', '80a65c44fcdf41e781bf38f2ff1b5c1f')","[1179620, 1179673]"
"('Description.java', 'org.junit.runner.Description', 'methodAndClassNamePatternGroupOrDefault', '([\\s\\S]*)\\((.*)\\)', 'testPointInTimeLimitedScan[CREATE INDEX ATABLE_IDX ON aTable (a_integer, a_string) INCLUDE (    B_STRING,     A_DATE)](com.salesforce.phoenix.end2end.QueryTest)')","[8338, 46769]"
"('Description.java', 'org.junit.runner.Description', 'methodAndClassNamePatternGroupOrDefault', '([\\s\\S]*)\\((.*)\\)', 'testDistinctCountOnColumn(com.salesforce.phoenix.end2end.DistinctCountTest)')","[35015, 72580]"
"('Description.java', 'org.junit.runner.Description', 'methodAndClassNamePatternGroupOrDefault', '([\\s\\S]*)\\((.*)\\)', 'testMultiByteReverseAscending(com.salesforce.phoenix.end2end.ReverseFunctionTest)')","[27004, 64924]"
"('Description.java', 'org.junit.runner.Description', 'methodAndClassNamePatternGroupOrDefault', '([\\s\\S]*)\\((.*)\\)', 'testToNumberFilterWithDecimal(com.salesforce.phoenix.compile.WhereClauseCompileTest)')","[23604, 61800]"
"('Description.java', 'org.junit.runner.Description', 'methodAndClassNamePatternGroupOrDefault', '([\\s\\S]*)\\((.*)\\)', 'testNullValues(com.salesforce.phoenix.client.TestClientKeyValueLocal)')","[36885, 74340]"
"('ServerName.java', 'org.apache.hadoop.hbase.ServerName', 'parseServerName', '[^,]+,[\\d]+,[\\d]+$', 'bn19-236.dcs.mcnc.org,33635,1516005526067')","[1235858, 1235882, 1235984, 1236004, 1236024, 1236048, 1236072, 1236096, 1236120, 1236144, 1236168, 1236192, 1236216, 1236240, 1236264, 1236288, 1236312, 1236336, 1236360, 1236384, 1236408, 1236432, 1236456, 1236480, 1236504, 1236528, 1236552, 1236576, 1236600, 1236624, 1236648, 1236672, 1236696, 1236720, 1236744, 1236768, 1236792, 1236816, 1236840, 1236864, 1236888, 1236912, 1236936, 1236960, 1236984, 1237005, 1237026, 1237050, 1237108, 1237132, 1237156, 1237174, 1237192, 1237216, 1237240, 1237259, 1237281, 1237303, 1237345, 1243428, 1243453, 1243501, 1243810, 1243858, 1259088]"
"('StoreFile.java', 'org.apache.hadoop.hbase.regionserver.StoreFile', 'isHFile', '^([0-9a-f]+(?:_SeqId_[0-9]+_)?)', 'd3404f6b91f047a3b2d78fd348acb899')","[1413293, 1413346]"
"('Description.java', 'org.junit.runner.Description', 'methodAndClassNamePatternGroupOrDefault', '([\\s\\S]*)\\((.*)\\)', 'testMultiDimRoundAggregation(com.salesforce.phoenix.end2end.ProductMetricsTest)')","[33406, 70974]"
"('Description.java', 'org.junit.runner.Description', 'methodAndClassNamePatternGroupOrDefault', '([\\s\\S]*)\\((.*)\\)', 'test[[[PO], [def]] [I@3990f7c0 [rowkey=POdef, expected include]](com.salesforce.phoenix.filter.SkipScanFilterTest)')","[1375, 41226]"
"('Description.java', 'org.junit.runner.Description', 'methodAndClassNamePatternGroupOrDefault', '([\\s\\S]*)\\((.*)\\)', 'com.salesforce.phoenix.jdbc.PhoenixEmbeddedDriverTest')","[17973, 1180392]"
"('Description.java', 'org.junit.runner.Description', 'methodAndClassNamePatternGroupOrDefault', '([\\s\\S]*)\\((.*)\\)', 'testSelectSpecificIndexOfAnArrayAsArrayFunction(com.salesforce.phoenix.end2end.ArrayTest)')","[25619, 63692]"
"('Description.java', 'org.junit.runner.Description', 'methodAndClassNamePatternGroupOrDefault', '([\\s\\S]*)\\((.*)\\)', 'testBoundaryLessThanRound(com.salesforce.phoenix.compile.WhereClauseOptimizerTest)')","[19603, 57708]"
"('Description.java', 'org.junit.runner.Description', 'methodAndClassNamePatternGroupOrDefault', '([\\s\\S]*)\\((.*)\\)', 'testDeleteRowFromTableWithImmutableIndex(com.salesforce.phoenix.end2end.DeleteTest)')","[32759, 70336]"
"('Description.java', 'org.junit.runner.Description', 'methodAndClassNamePatternGroupOrDefault', '([\\s\\S]*)\\((.*)\\)', '[[[[a - b]], [[1 - 2]], [[A - B]]] [I@4984451e [B@ad5da47 UPPER {4}]')",[497]
"('HFileLink.java', 'org.apache.hadoop.hbase.io.HFileLink', 'isHFileLink', '^((?:[a-zA-Z_0-9][a-zA-Z_0-9.-]*))=((?:[a-f0-9]+))-([0-9a-f]+(?:_SeqId_[0-9]+_)?)$', '4e821f60b3dc4dc890b76e3fb74b42f2')","[1436295, 1436357]"
"('Description.java', 'org.junit.runner.Description', 'methodAndClassNamePatternGroupOrDefault', '([\\s\\S]*)\\((.*)\\)', 'testSetSaltedTableAsImmutable(com.salesforce.phoenix.end2end.AlterTableTest)')","[26550, 64528]"
"('Description.java', 'org.junit.runner.Description', 'methodAndClassNamePatternGroupOrDefault', '([\\s\\S]*)\\((.*)\\)', 'testForIntegerArray(com.salesforce.phoenix.schema.PDataTypeForArraysTest)')","[37133, 74560]"
"('Description.java', 'org.junit.runner.Description', 'methodAndClassNamePatternGroupOrDefault', '([\\s\\S]*)\\((.*)\\)', 'testSelectWithGroupBy(com.salesforce.phoenix.end2end.salted.SaltedTableTest)')","[24999, 63142]"
"('StoreFile.java', 'org.apache.hadoop.hbase.regionserver.StoreFile', 'isHFile', '^([0-9a-f]+(?:_SeqId_[0-9]+_)?)', '7c011c9f90264c3a96deedc5faff46b8')","[1393785, 1393838]"
"('StoreFile.java', 'org.apache.hadoop.hbase.regionserver.StoreFile', 'isHFile', '^([0-9a-f]+(?:_SeqId_[0-9]+_)?)', '0564478fe28245f4b1d745199ec9f6db')","[1347939, 1347992]"
"('StoreFile.java', 'org.apache.hadoop.hbase.regionserver.StoreFile', 'isHFile', '^([0-9a-f]+(?:_SeqId_[0-9]+_)?)', '60bdafa5091844ed8284ec200493e925')","[1234338, 1234391]"
"('StoreFile.java', 'org.apache.hadoop.hbase.regionserver.StoreFile', 'isReference', '^([0-9a-f]+(?:_SeqId_[0-9]+_)?|(?:[a-zA-Z_0-9][a-zA-Z_0-9.-]*)=(?:[a-f0-9]+)-[0-9a-f]+(?:_SeqId_[0-9]+_)?)\\.(.+)$', '66d409b3be57467f90303deb9340708c')","[1393874, 1393927]"
"('HFileLink.java', 'org.apache.hadoop.hbase.io.HFileLink', 'isHFileLink', '^((?:[a-zA-Z_0-9][a-zA-Z_0-9.-]*))=((?:[a-f0-9]+))-([0-9a-f]+(?:_SeqId_[0-9]+_)?)$', '58615c2e39524917bbee3d8eb175e61c')","[1328254, 1328307]"
"('Description.java', 'org.junit.runner.Description', 'methodAndClassNamePatternGroupOrDefault', '([\\s\\S]*)\\((.*)\\)', 'testDescMultiOrderByExpr(com.salesforce.phoenix.end2end.OrderByTest)')","[36513, 74010]"
"('Description.java', 'org.junit.runner.Description', 'methodAndClassNamePatternGroupOrDefault', '([\\s\\S]*)\\((.*)\\)', 'testPointInTimeUngroupedAggregation[CREATE INDEX ATABLE_IDX ON aTable (a_integer, a_string) INCLUDE (    B_STRING,     A_DATE)](com.salesforce.phoenix.end2end.QueryTest)')","[6797, 45228]"
"('Description.java', 'org.junit.runner.Description', 'methodAndClassNamePatternGroupOrDefault', '([\\s\\S]*)\\((.*)\\)', 'testAmbiguousDynamicUpsert(com.salesforce.phoenix.end2end.DynamicUpsertTest)')","[27210, 65100]"
"('Description.java', 'org.junit.runner.Description', 'methodAndClassNamePatternGroupOrDefault', '([\\s\\S]*)\\((.*)\\)', 'testIsNullInPk(com.salesforce.phoenix.end2end.IsNullTest)')","[26176, 64176]"
"('Description.java', 'org.junit.runner.Description', 'methodAndClassNamePatternGroupOrDefault', '([\\s\\S]*)\\((.*)\\)', 'testColumnCompare(com.salesforce.phoenix.client.TestClientKeyValueLocal)')","[36801, 74252]"
"('Description.java', 'org.junit.runner.Description', 'methodAndClassNamePatternGroupOrDefault', '([\\s\\S]*)\\((.*)\\)', 'testForUnSignedTimeStampArray(com.salesforce.phoenix.schema.PDataTypeForArraysTest)')","[37448, 74890]"
"('HTableDescriptor.java', 'org.apache.hadoop.hbase.HTableDescriptor', 'hasCoprocessor', '(^[^\\|]*)\\|([^\\|]+)\\|[\\s]*([\\d]*)[\\s]*(\\|.*)?$', '|com.salesforce.phoenix.coprocessor.ServerCachingEndpointImpl|1|')","[82951, 83458, 84010, 85032, 85664, 89417, 89807, 90200, 92945, 93301, 95679, 96064, 96379, 96624, 96904, 97289, 97604, 97849, 98129, 98514, 98829, 99074, 99354, 99739, 100054, 100299, 100579, 100964, 101279, 101524, 101804, 102189, 102504, 102749, 103029, 103414, 103729, 103974, 110079, 110586, 111138, 112160, 112792, 116510, 116900, 117293, 120083, 120449, 124564, 124960, 125284, 125536, 125740, 126028, 126252, 126412, 126592, 126988, 127312, 127564, 127768, 128056, 128280, 128440, 128620, 129016, 129340, 129592, 129796, 130084, 130308, 130468, 130673, 131069, 131393, 131645, 131849, 132137, 132361, 132521, 132701, 133097, 133421, 133673, 133877, 134165, 134389, 134549, 134729, 135125, 135449, 135701, 135905, 136193, 136417, 136577, 136757, 137153, 137477, 137729, 137933, 138221, 138445, 138605, 138785, 139181, 139505, 139757, 139961, 140249, 140473, 140633, 140813, 141209, 141533, 141785, 141989, 142277, 142501, 142661, 142841, 143237, 143561, 143813, 144017, 144305, 144529, 144689, 144869, 145265, 145589, 145841, 146045, 146333, 146557, 146717, 146897, 147293, 147617, 147869, 148073, 148361, 148585, 148745, 148925, 149321, 149645, 149897, 150101, 150389, 150613, 150773, 150953, 151349, 151673, 151925, 152129, 152417, 152641, 152801, 152981, 153377, 153701, 153953, 154157, 154445, 154669, 154829, 155004, 155389, 155704, 155949, 156147, 156426, 156643, 156798, 156973, 157358, 157673, 157918, 158116, 158395, 158612, 158767, 158942, 159327, 159642, 159887, 160085, 160364, 160581, 160736, 160911, 161296, 161611, 161856, 162054, 162333, 162550, 162705, 162880, 163265, 163580, 163825, 164023, 164302, 164519, 164674, 164849, 165234, 165549, 165794, 165992, 166271, 166488, 166643, 166843, 167228, 167543, 167788, 167986, 168265, 168482, 168637, 168812, 169197, 169512, 169757, 169955, 170234, 170451, 170606, 170781, 171166, 171481, 171726, 171924, 172203, 172420, 172575, 172750, 173135, 173450, 173695, 173893, 174172, 174389, 174544, 174719, 175104, 175419, 175664, 175862, 176141, 176358, 176513, 176688, 177073, 177388, 177633, 177831, 178110, 178327, 178482, 178657, 179042, 179357, 179602, 179800, 180079, 180296, 180451, 180626, 181011, 181326, 181571, 181769, 182048, 182265, 182420, 182595, 182980, 183295, 183540, 183738, 184017, 184234, 184389, 184564, 184949, 185264, 185509, 185707, 185986, 186203, 186358, 186533, 186918, 187233, 187478, 187676, 187955, 188172, 188327, 188502, 188887, 189202, 189447, 189645, 189924, 190141, 190296, 190471, 190856, 191171, 191416, 191614, 191893, 192110, 192265, 192440, 192825, 193140, 193385, 193599, 193878, 194095, 194250, 194425, 194810, 195125, 195370, 195568, 195847, 196064, 196219, 196394, 196779, 197094, 197339, 197537, 197816, 198033, 198188, 198363, 198748, 199063, 199308, 199506, 199785, 200002, 200157, 200332, 200717, 201032, 201277, 201475, 201754, 201971, 202126, 202301, 202686, 203001, 203246, 203444, 203723, 203940, 204095, 204270, 204655, 204970, 205215, 205413, 205692, 205909, 206064, 206239, 206624, 206939, 207184, 207382, 207661, 207878, 208033, 208208, 208593, 208908, 209153, 209351, 209630, 209847, 210002, 210177, 210562, 210877, 211122, 211320, 211599, 211816, 211971, 212146, 212531, 212846, 213091, 213289, 213568, 213785, 213940, 214115, 214500, 214815, 215060, 215258, 215537, 215754, 215909, 216084, 216469, 216784, 217029, 217227, 217506, 217723, 217878, 218053, 218438, 218753, 218998, 219196, 219475, 219692, 219847, 220022, 220407, 220722, 220967, 221165, 221444, 221661, 221816, 221991, 222376, 222691, 222936, 223134, 223413, 223630, 223785, 223960, 224345, 224660, 224905, 225103, 225382, 225599, 225754, 225929, 226314, 226629, 226874, 227072, 227351, 227568, 227723, 227898, 228283, 228598, 228843, 229041, 229320, 229537, 229692, 229867, 230252, 230567, 230812, 231010, 231289, 231506, 231661, 231836, 232221, 232536, 232781, 232979, 233258, 233475, 233630, 233805, 234190, 234505, 234750, 234948, 235227, 235444, 235599, 235774, 236159, 236474, 236719, 236917, 237196, 237413, 237568, 237743, 238128, 238443, 238688, 238886, 239165, 239382, 239537, 239712, 240097, 240412, 240657, 240855, 241134, 241351, 241506, 241681, 242066, 242381, 242626, 242824, 243103, 243320, 243475, 243650, 244035, 244350, 244595, 244793, 245072, 245289, 245444, 245619, 246004, 246319, 246564, 246762, 247041, 247258, 247413, 247588, 247973, 248288, 248533, 248731, 249010, 249227, 249382, 249557, 249942, 250257, 250502, 250700, 250979, 251196, 251351, 251526, 251911, 252226, 252471, 252669, 252948, 253165, 253320, 253495, 253880, 254195, 254440, 254638, 254917, 255134, 255289, 255464, 255849, 256164, 256409, 256607, 256886, 257103, 257258, 257433, 257818, 258133, 258378, 258576, 258855, 259072, 259227, 259402, 259787, 260102, 260347, 260545, 260824, 261041, 261196, 261371, 261756, 262071, 262316, 262514, 262793, 263010, 263165, 263340, 263725, 264040, 264285, 264483, 264762, 264979, 265134, 265309, 265694, 266009, 266254, 266452, 266731, 266948, 267103, 267278, 267663, 267978, 268223, 268421, 268700, 268917, 269072, 269247, 269632, 269947, 270192, 270390, 270669, 270886, 271041, 271216, 271601, 271916, 272161, 272359, 272638, 272855, 273010, 273185, 273570, 273885, 274130, 274328, 274607, 274824, 274979, 275154, 275539, 275854, 276099, 276297, 276576, 276793, 276948, 277123, 277508, 277823, 278068, 278266, 278545, 278762, 278917, 279092, 279477, 279792, 280037, 280235, 280514, 280731, 280886, 281061, 281446, 281761, 282006, 282204, 282483, 282700, 282855, 283030, 283415, 283730, 283975, 284173, 284452, 284669, 284824, 284999, 285384, 285699, 285944, 286142, 286421, 286638, 286793, 287840, 288225, 288540, 288785, 288983, 289262, 289479, 289634, 289809, 290194, 290509, 290754, 290952, 291231, 291448, 291603, 291778, 292163, 292478, 292723, 292921, 293200, 293417, 293572, 293747, 294132, 294447, 294692, 294890, 295169, 295386, 295541, 295716, 296101, 296416, 296661, 296859, 297138, 297355, 297510, 297685, 298070, 298385, 298630, 298828, 299107, 299324, 299479, 299654, 300039, 300354, 300599, 300797, 301076, 301293, 301448, 301623, 302008, 302323, 302568, 302766, 303045, 303262, 303417, 303592, 303977, 304292, 304537, 304735, 305014, 305231, 305386, 305561, 305946, 306261, 306506, 306704, 306983, 307200, 307355, 307530, 307915, 308230, 308475, 308673, 308952, 309169, 309324, 309499, 309884, 310199, 310444, 310642, 310921, 311138, 311293, 311468, 311853, 312168, 312413, 312611, 312890, 313107, 313262, 313437, 313822, 314137, 314382, 314580, 314859, 315076, 315231, 315406, 315791, 316106, 316351, 316549, 316828, 317045, 317200, 317375, 317760, 318075, 318320, 318518, 318797, 319014, 319169, 319344, 319729, 320044, 320289, 320487, 320766, 320983, 321138, 321313, 321698, 322013, 322258, 322456, 322735, 322952, 323107, 323282, 323667, 323982, 324227, 324425, 324704, 324921, 325076, 325251, 325636, 325951, 326196, 326394, 326673, 326890, 327045, 327220, 327605, 327920, 328165, 328363, 328642, 328859, 329014, 329189, 329574, 329889, 330134, 330332, 330611, 330828, 330983, 331158, 331543, 331858, 332103, 332369, 332648, 332865, 333020, 333195, 333580, 333895, 334140, 334338, 334617, 334834, 334989, 335164, 335549, 335864, 336109, 336307, 336586, 336803, 336958, 337496, 337881, 338196, 338441, 338639, 338918, 339135, 339290, 339465, 339850, 340165, 340410, 340608, 340887, 341104, 341259, 341434, 341819, 342134, 342379, 342577, 342856, 343073, 343228, 343403, 343788, 344103, 344348, 344546, 344825, 345042, 345197, 345372, 345757, 346072, 346317, 346515, 346794, 347011, 347166, 347341, 347726, 348041, 348286, 348484, 348763, 348980, 349135, 349310, 349695, 350010, 350255, 350453, 350732, 350949, 351104, 351279, 351664, 351979, 352224, 352422, 352701, 352918, 353073, 353248, 353633, 353948, 354193, 354391, 354670, 354887, 355042, 355217, 355602, 355917, 356162, 356360, 356639, 356856, 357011, 357186, 357571, 357886, 358131, 358329, 358608, 358825, 358980, 359155, 359540, 359855, 360100, 360298, 360577, 360794, 360949, 361124, 361509, 361824, 362069, 362267, 362546, 362763, 362918, 363093, 363478, 363793, 364038, 364236, 364515, 364732, 364887, 365062, 365447, 365762, 366007, 366205, 366484, 366701, 366856, 367031, 367416, 367731, 367976, 368174, 368453, 368670, 368825, 369000, 369385, 369700, 369945, 370143, 370422, 370639, 370794, 370969, 371354, 371669, 371914, 372112, 372391, 372608, 372763, 372938, 373323, 373638, 373883, 374081, 374360, 374577, 374732, 374907, 375292, 375607, 375852, 376050, 376329, 376546, 376701, 376876, 377261, 377576, 377821, 378019, 378298, 378515, 378670, 378870, 379255, 379570, 379815, 380013, 380292, 380509, 380664, 380839, 381224, 381539, 381784, 381982, 382261, 382478, 382633, 382808, 383193, 383508, 383753, 383951, 384230, 384447, 384602, 384777, 385162, 385477, 385722, 385920, 386199, 386416, 386571, 386746, 387131, 387446, 387691, 387889, 388168, 388385, 388540, 388715, 389100, 389415, 389660, 389858, 390137, 390354, 390509, 390684, 391069, 391384, 391629, 391827, 392106, 392323, 392478, 392653, 393038, 393353, 393598, 393796, 394075, 394292, 394447, 394622, 395007, 395322, 395567, 395765, 396044, 396261, 396416, 396591, 396976, 397291, 397536, 397734, 398013, 398230, 398385, 398560, 398945, 399260, 399505, 399703, 399982, 400199, 400354, 400529, 400914, 401229, 401474, 401672, 401951, 402168, 402323, 402498, 402883, 403198, 403443, 403641, 403920, 404137, 404292, 404467, 404852, 405167, 405412, 405610, 405889, 406106, 406261, 406436, 406821, 407136, 407381, 407579, 407858, 408075, 408230, 408405, 408790, 409105, 409350, 409548, 409827, 410044, 410199, 410374, 410759, 411074, 411319, 411517, 411796, 412013, 412168, 412343, 412728, 413043, 413288, 413486, 413765, 413982, 414137, 414312, 414697, 415012, 415257, 415455, 415734, 415951, 416106, 416281, 416666, 416981, 417226, 417424, 417703, 417920, 418075, 418250, 418635, 418950, 419195, 419393, 419672, 419889, 420044, 420219, 420604, 420919, 421164, 421362, 421641, 421858, 422013, 422188, 422573, 422888, 423133, 423331, 423610, 423827, 423982, 424157, 424542, 424857, 425102, 425300, 425579, 425796, 425951, 426126, 426511, 426826, 427071, 427269, 427548, 427765, 427920, 428095, 428480, 428795, 429040, 429238, 429517, 429734, 429889, 430064, 430449, 430764, 431009, 431207, 431486, 431703, 431858, 432033, 432418, 432733, 432978, 433176, 433455, 433672, 433827, 434002, 434387, 434702, 434947, 435145, 435424, 435641, 435796, 435971, 436356, 436671, 436916, 437114, 437393, 437610, 437765, 437940, 438325, 438640, 438885, 439083, 439362, 439579, 439734, 439909, 440294, 440609, 440854, 441052, 441331, 441548, 441703, 441878, 442263, 442578, 442823, 443021, 443300, 443517, 443672, 443847, 444232, 444547, 444792, 444990, 445269, 445486, 445641, 445816, 446201, 446516, 446761, 446959, 447238, 447455, 447610, 447785, 448170, 448485, 448730, 448928, 449207, 449424, 449579, 449754, 450139, 450454, 450699, 450897, 451176, 451393, 451548, 451723, 452108, 452423, 452668, 452866, 453145, 453362, 453517, 453692, 454077, 454392, 454637, 454835, 455114, 455331, 455486, 455661, 456046, 456361, 456606, 456804, 457083, 457300, 457455, 457630, 458015, 458330, 458575, 458773, 459052, 459269, 459424, 459599, 459984, 460299, 460544, 460742, 461021, 461238, 461393, 461568, 461953, 462268, 462513, 462711, 462990, 463207, 463362, 463537, 463922, 464237, 464482, 464680, 464959, 465176, 465331, 465506, 465891, 466206, 466451, 466649, 466928, 467145, 467300, 467475, 467860, 468175, 468420, 468618, 468897, 469114, 469269, 469444, 469829, 470144, 470389, 470587, 470866, 471083, 471238, 471413, 471798, 472113, 472358, 472556, 472835, 473052, 473207, 473382, 473767, 474082, 474327, 474541, 474820, 475037, 475192, 475367, 475752, 476067, 476312, 476510, 476789, 477006, 477161, 477361, 477746, 478061, 478306, 478504, 478783, 479000, 479155, 479330, 479715, 480030, 480275, 480473, 480752, 480969, 481124, 481299, 481684, 481999, 482244, 482442, 482721, 482938, 483093, 483268, 483653, 483968, 484213, 484411, 484690, 484907, 485062, 485237, 485622, 485937, 486182, 486380, 486659, 486876, 487031, 487206, 487591, 487906, 488151, 488349, 488628, 488845, 489000, 489175, 489560, 489875, 490120, 490318, 490597, 490814, 490969, 491144, 491529, 491844, 492089, 492287, 492566, 492783, 492938, 493113, 493498, 493813, 494058, 494256, 494535, 494752, 494907, 495082, 495467, 495782, 496027, 496225, 496504, 496721, 496876, 497051, 497436, 497751, 497996, 498194, 498473, 498690, 498845, 499797, 500182, 500497, 500742, 500940, 501219, 501436, 501591, 501766, 502151, 502466, 502711, 502909, 503188, 503405, 503560, 503735, 504120, 504435, 504680, 504878, 505157, 505374, 505529, 505704, 506089, 506404, 506649, 506847, 507126, 507343, 507498, 507673, 508058, 508373, 508618, 508816, 509095, 509312, 509467, 509642, 510027, 510342, 510587, 510785, 511064, 511281, 511436, 511611, 511996, 512311, 512556, 512754, 513033, 513250, 513405, 513580, 513965, 514280, 514525, 514723, 515002, 515219, 515374, 515549, 515934, 516249, 516494, 516692, 516971, 517188, 517343, 517518, 517903, 518218, 518463, 518661, 518940, 519157, 519312, 519487, 519872, 520187, 520432, 520630, 520909, 521126, 521281, 521456, 521841, 522156, 522401, 522599, 522878, 523095, 523250, 523425, 523810, 524125, 524370, 524568, 524847, 525064, 525219, 525394, 525779, 526094, 526339, 526537, 526816, 527033, 527188, 527363, 527748, 528063, 528308, 528506, 528785, 529002, 529157, 529332, 529717, 530032, 530277, 530475, 530754, 530971, 531126, 531301, 531686, 532001, 532246, 532444, 532723, 532940, 533095, 533270, 533655, 533970, 534215, 534413, 534692, 534909, 535064, 535239, 535624, 535939, 536184, 536382, 536661, 536878, 537033, 537208, 537593, 537908, 538153, 538351, 538630, 538847, 539002, 539177, 539562, 539877, 540122, 540320, 540599, 540816, 540971, 541146, 541531, 541846, 542091, 542289, 542568, 542785, 542940, 543115, 543500, 543815, 544060, 544258, 544537, 544754, 544909, 545084, 545469, 545784, 546029, 546227, 546506, 546723, 546878, 547053, 547438, 547753, 547998, 548196, 548475, 548692, 548847, 549458, 549843, 550158, 550403, 550601, 550880, 551097, 551252, 551427, 551812, 552127, 552372, 552570, 552849, 553066, 553221, 553396, 553781, 554096, 554341, 554539, 554818, 555035, 555190, 555365, 555750, 556065, 556310, 556508, 556787, 557004, 557159, 557334, 557719, 558034, 558279, 558477, 558756, 558973, 559128, 559303, 559688, 560003, 560248, 560446, 560725, 560942, 561097, 561272, 561657, 561972, 562217, 562415, 562694, 562911, 563066, 563241, 563626, 563941, 564186, 564384, 564663, 564880, 565035, 565210, 565595, 565910, 566155, 566353, 566632, 566849, 567004, 567179, 567564, 567879, 568124, 568322, 568601, 568818, 568973, 569148, 569533, 569848, 570093, 570291, 570570, 570787, 570942, 571117, 571502, 571817, 572062, 572260, 572539, 572756, 572911, 573086, 573471, 573786, 574031, 574229, 574508, 574725, 574880, 575055, 575440, 575755, 576000, 576198, 576477, 576694, 576849, 577024, 577409, 577724, 577969, 578167, 578446, 578663, 578818, 578993, 579378, 579693, 579938, 580136, 580483, 580700, 580855, 581030, 581415, 581730, 581975, 582173, 582452, 582669, 582824, 582999, 583384, 583699, 583944, 584142, 584421, 584638, 584793, 584968, 585353, 585668, 585913, 586111, 586390, 586607, 586762, 586953, 587338, 587653, 587898, 588096, 588375, 588592, 588747, 588922, 589307, 589622, 589867, 590065, 590344, 590561, 590716, 590916, 591301, 591616, 591861, 592059, 592338, 592555, 592710, 592885, 593270, 593585, 593830, 594028, 594307, 594524, 594679, 594854, 595239, 595554, 595799, 595997, 596276, 596493, 596648, 596823, 597208, 597523, 597768, 597966, 598245, 598462, 598617, 598792, 599177, 599492, 599737, 599935, 600214, 600431, 600586, 600761, 601146, 601461, 601706, 601904, 602183, 602400, 602555, 602730, 603115, 603430, 603675, 603873, 604152, 604369, 604524, 604699, 605084, 605399, 605644, 605842, 606121, 606338, 606493, 606668, 607053, 607368, 607613, 607811, 608090, 608307, 608462, 608637, 609022, 609337, 609582, 609780, 610059, 610276, 610431, 610606, 610991, 611306, 611551, 611749, 612028, 612245, 612400, 612575, 612960, 613275, 613520, 613718, 613997, 614214, 614369, 614544, 614929, 615244, 615489, 615687, 615966, 616183, 616338, 616513, 616898, 617213, 617458, 617656, 617935, 618152, 618307, 618482, 618867, 619182, 619427, 619625, 619904, 620121, 620276, 620451, 620836, 621151, 621396, 621594, 621873, 622090, 622245, 622420, 622805, 623120, 623365, 623563, 623842, 624059, 624214, 624389, 624774, 625089, 625334, 625532, 625811, 626028, 626183, 626358, 626743, 627058, 627303, 627501, 627780, 627997, 628152, 628327, 628712, 629027, 629272, 629470, 629749, 629966, 630121, 630296, 630681, 630996, 631241, 631439, 631718, 631935, 632090, 632265, 632650, 632965, 633210, 633408, 633687, 633904, 634059, 634234, 634619, 634934, 635179, 635377, 635656, 635873, 636028, 636203, 636588, 636903, 637148, 637346, 637625, 637842, 637997, 638172, 638557, 638872, 639117, 639315, 639594, 639811, 639966, 640141, 640526, 640841, 641086, 641284, 641563, 641780, 641935, 642110, 642495, 642810, 643055, 643253, 643532, 643749, 643904, 644079, 644464, 644779, 645024, 645222, 645501, 645718, 645873, 646048, 646433, 646748, 646993, 647191, 647470, 647687, 647842, 648017, 648402, 648717, 648962, 649160, 649439, 649656, 649811, 649986, 650371, 650686, 650931, 651129, 651408, 651625, 651780, 651955, 652340, 652655, 652900, 653098, 653377, 653594, 653749, 653924, 654309, 654624, 654869, 655067, 655346, 655563, 655718, 655893, 656278, 656593, 656838, 657036, 657315, 657532, 657687, 657862, 658247, 658562, 658807, 659005, 659284, 659501, 659656, 659831, 660216, 660531, 660776, 660974, 661253, 661470, 661625, 661800, 662185, 662500, 662745, 662943, 663222, 663439, 663594, 663769, 664154, 664469, 664714, 664912, 665191, 665408, 665563, 665738, 666123, 666438, 666683, 666881, 667160, 667377, 667532, 667707, 668092, 668407, 668652, 668850, 669129, 669346, 669501, 669676, 670061, 670376, 670621, 670819, 671098, 671315, 671470, 671645, 672030, 672345, 672590, 672788, 673067, 673284, 673439, 673614, 673999, 674314, 674559, 674757, 675036, 675253, 675408, 675583, 675968, 676283, 676528, 676726, 677005, 677222, 677377, 677552, 677937, 678252, 678497, 678695, 678974, 679191, 679346, 679521, 679906, 680221, 680466, 680664, 680943, 681160, 681315, 681490, 681875, 682190, 682435, 682633, 682912, 683129, 683284, 683459, 683844, 684159, 684404, 684602, 684881, 685098, 685253, 685428, 685813, 686128, 686373, 686571, 686850, 687067, 687222, 687397, 687782, 688097, 688342, 688540, 688819, 689036, 689191, 689366, 689751, 690066, 690311, 690509, 690788, 691005, 691160, 691335, 691720, 692035, 692280, 692478, 692757, 692974, 693129, 693304, 693689, 694004, 694249, 694447, 694726, 694943, 695098, 695273, 695658, 695973, 696218, 696416, 696695, 696912, 697067, 697242, 697627, 697942, 698187, 698401, 698680, 698897, 699052, 699227, 699612, 699927, 700172, 700370, 700649, 700866, 701021, 701196, 701581, 701896, 702141, 702339, 702618, 702835, 702990, 703165, 703550, 703865, 704110, 704308, 704587, 704804, 704959, 705134, 705519, 705834, 706079, 706277, 706556, 706773, 706928, 707103, 707488, 707803, 708048, 708246, 708525, 708742, 708897, 709072, 709457, 709772, 710017, 710215, 710494, 710711, 710866, 711485, 711870, 712185, 712430, 712628, 712907, 713124, 713279, 713454, 713839, 714154, 714399, 714597, 714876, 715093, 715248, 715423, 715808, 716123, 716368, 716566, 716845, 717062, 717217, 717392, 717777, 718092, 718337, 718535, 718814, 719031, 719186, 719361, 719746, 720061, 720306, 720504, 720783, 721000, 721155, 721330, 721715, 722030, 722275, 722473, 722752, 722969, 723124, 723299, 723684, 723999, 724244, 724442, 724721, 724938, 725093, 725268, 725653, 725968, 726213, 726411, 726690, 726907, 727062, 727237, 727622, 727937, 728182, 728380, 728659, 728876, 729031, 729206, 729591, 729906, 730151, 730349, 730628, 730845, 731000, 731175, 731560, 731875, 732120, 732318, 732597, 732814, 732969, 733144, 733529, 733844, 734089, 734287, 734566, 734783, 734938, 735113, 735498, 735813, 736058, 736256, 736535, 736752, 736907, 737082, 737467, 737782, 738027, 738225, 738504, 738721, 738876, 739051, 739436, 739751, 739996, 740194, 740473, 740690, 740845, 741020, 741405, 741720, 741965, 742163, 742442, 742659, 742814, 742989, 743374, 743689, 743934, 744132, 744411, 744628, 744783, 744958, 745343, 745658, 745903, 746101, 746380, 746597, 746752, 746927, 747312, 747627, 747872, 748070, 748349, 748566, 748721, 748896, 749281, 749596, 749841, 750039, 750318, 750535, 750690, 750865, 751250, 751565, 751810, 752008, 752287, 752504, 752659, 752834, 753219, 753534, 753779, 753977, 754256, 754473, 754628, 754803, 755188, 755503, 755748, 755946, 756225, 756442, 756597, 756772, 757157, 757472, 757717, 757915, 758194, 758411, 758566, 758741, 759126, 759441, 759686, 759966, 760351, 760666, 760911, 761191, 761576, 761891, 762136, 762416, 762801, 763116, 763361, 763641, 764026, 764341, 764586, 764866, 765251, 765566, 765811, 766091, 766476, 766791, 767036, 767316, 767701, 768016, 768261, 768541, 768926, 769241, 769486, 769766, 770151, 770466, 770711, 770991, 771376, 771691, 771936, 772216, 772601, 772916, 773161, 773441, 773826, 774141, 774386, 774666, 775051, 775366, 775611, 775891, 776276, 776591, 776836, 777116, 777501, 777816, 778061, 778341, 778726, 779041, 779286, 779566, 779951, 780266, 780511, 780791, 781176, 781491, 781736, 782016, 782401, 782716, 782961, 783241, 783626, 783941, 784186, 784466, 784851, 785166, 785411, 785691, 786076, 786391, 786636, 786916, 787301, 787616, 787861, 788141, 788526, 788841, 789086, 789366, 789751, 790066, 790311, 790591, 790976, 791291, 791536, 791816, 792201, 792516, 792761, 793041, 793426, 793741, 793986, 794266, 794651, 794966, 795211, 795491, 795876, 796191, 796436, 796716, 797101, 797416, 797661, 797941, 798326, 798641, 798886, 799166, 799551, 799866, 800111, 800391, 800776, 801091, 801336, 801616, 802001, 802316, 802561, 802841, 803226, 803541, 803786, 804066, 804451, 804766, 805011, 805291, 805676, 805991, 806236, 806516, 806901, 807216, 807461, 807741, 808126, 808441, 808686, 808982, 809367, 809682, 809927, 810207, 810592, 810907, 811152, 811432, 811817, 812132, 812377, 812657, 813042, 813357, 813602, 813882, 814267, 814582, 814827, 815107, 815492, 815807, 816052, 816332, 816717, 817032, 817277, 817557, 817942, 818257, 818502, 818782, 819167, 819482, 819727, 820007, 820392, 820707, 820952, 821232, 821617, 821932, 822177, 822457, 822842, 823157, 823402, 823682, 824067, 824382, 824627, 824907, 825292, 825607, 825852, 826132, 826517, 826832, 827077, 827357, 827742, 828057, 828302, 828582, 828967, 829282, 829527, 829807, 830192, 830507, 830752, 831032, 831417, 831732, 831977, 832257, 832642, 832957, 833202, 833482, 833867, 834182, 834427, 834707, 835092, 835407, 835652, 835932, 836317, 836632, 836877, 837157, 837542, 837857, 838102, 838382, 838767, 839082, 839327, 839607, 839992, 840307, 840552, 840832, 841217, 841532, 841777, 842057, 842442, 842757, 843002, 843282, 843667, 843982, 844227, 844507, 844892, 845207, 845452, 845732, 846117, 846432, 846677, 846957, 847342, 847657, 847902, 848182, 848567, 848882, 849127, 849407, 849792, 850107, 850352, 850632, 851017, 851332, 851577, 851857, 852242, 852557, 852802, 853082, 853467, 853782, 854027, 854307, 854692, 855007, 855252, 855532, 855917, 856232, 856477, 856757, 857142, 857457, 857702, 857982, 858367, 858682, 858927, 859207, 859592, 859907, 860152, 860892, 861277, 861592, 861837, 862117, 862502, 862817, 863062, 863342, 863727, 864042, 864287, 864567, 864952, 865267, 865512, 865792, 866177, 866492, 866737, 867017, 867402, 867717, 867962, 868242, 868627, 868942, 869187, 869467, 869852, 870167, 870412, 870692, 871077, 871392, 871637, 871917, 872302, 872617, 872862, 873142, 873527, 873842, 874087, 874367, 874752, 875067, 875312, 875592, 875977, 876292, 876537, 876817, 877202, 877517, 877762, 878042, 878427, 878742, 878987, 879267, 879652, 879967, 880212, 880492, 880877, 881192, 881437, 881717, 882102, 882417, 882662, 882942, 883327, 883642, 883887, 884167, 884552, 884867, 885112, 885392, 885777, 886092, 886337, 886617, 887002, 887317, 887562, 887842, 888227, 888542, 888787, 889067, 889452, 889767, 890012, 896549, 897056, 897608, 898630, 899262, 902980, 903370, 903763, 906610, 906986, 910136, 910512, 913662, 914038, 917188, 917564, 918770, 919177, 919510, 919769, 920065, 920472, 920805, 921064, 921360, 921767, 922100, 922359, 922655, 923062, 923395, 923654, 923950, 924357, 924690, 924949, 925245, 925652, 925985, 926244, 926540, 926947, 927280, 927539, 927835, 928242, 928575, 928834, 929130, 929537, 929870, 930129, 930425, 930832, 931165, 931424, 931720, 932127, 932460, 932719, 933015, 933422, 933755, 934014, 934310, 934717, 935050, 935309, 935605, 936012, 936345, 936604, 936900, 937307, 937640, 937899, 938195, 938602, 938935, 939194, 939490, 939897, 940230, 940489, 940785, 941192, 941525, 941784, 942080, 942487, 942820, 943079, 943375, 943782, 944115, 944374, 944670, 945077, 945410, 945669, 945965, 946372, 946705, 946964, 947260, 947667, 948000, 948259, 948555, 948962, 949295, 949554, 949850, 950257, 950590, 950849, 951145, 951552, 951885, 952144, 952440, 952847, 953180, 953439, 953735, 954142, 954475, 954734, 955030, 955437, 955770, 956029, 956325, 956732, 957065, 957324, 957620, 958027, 958360, 958619, 958915, 959322, 959655, 959914, 960210, 960617, 960950, 961209, 961505, 961912, 962245, 962504, 962800, 963207, 963540, 963799, 964095, 964502, 964835, 965094, 965390, 965797, 966130, 966389, 966685, 967092, 967425, 967684, 967980, 968387, 968720, 968979, 969275, 969682, 970015, 970274, 970570, 970977, 971310, 971569, 971865, 972272, 972605, 972864, 973160, 973567, 973900, 974159, 974455, 974862, 975195, 975454, 975750, 976157, 976490, 976749, 977045, 977452, 977785, 978044, 978340, 978747, 979080, 979339, 979635, 980042, 980375, 980634, 980930, 981337, 981670, 981929, 982225, 982632, 982965, 983224, 983520, 983927, 984260, 984519, 984815, 985222, 985555, 985814, 986110, 986517, 986850, 987109, 987405, 987812, 988145, 988404, 988700, 989107, 989440, 989699, 989995, 990402, 990735, 990994, 991290, 991697, 992030, 992289, 992585, 992992, 993325, 993584, 993880, 994287, 994620, 994879, 995175, 995582, 995915, 996174, 996465, 996861, 997185, 997437, 997725, 998121, 998445, 998697, 998985, 999381, 999705, 999957, 1000245, 1000641, 1000965, 1001217, 1001505, 1001901, 1002225, 1002477, 1002765, 1003161, 1003485, 1003737, 1004025, 1004421, 1004745, 1004997, 1005285, 1005681, 1006005, 1006257, 1006545, 1006941, 1007265, 1007517, 1007805, 1008201, 1008525, 1008777, 1009065, 1009461, 1009785, 1010037, 1010325, 1010721, 1011045, 1011297, 1011585, 1011981, 1012305, 1012557, 1012845, 1013241, 1013565, 1013817, 1014105, 1014501, 1014825, 1015077, 1015365, 1015761, 1016085, 1016337, 1016625, 1017021, 1017345, 1017597, 1017885, 1018281, 1018605, 1018857, 1019145, 1019541, 1019865, 1020117, 1020405, 1020801, 1021125, 1021377, 1021665, 1022061, 1022385, 1022637, 1022925, 1023321, 1023645, 1023897, 1024185, 1024581, 1024905, 1025157, 1025445, 1025841, 1026165, 1026417, 1033476, 1033872, 1034196, 1034448, 1034736, 1035132, 1035456, 1035708, 1035996, 1036392, 1036716, 1036968, 1037256, 1037652, 1037976, 1038228, 1038429, 1038708, 1038925, 1039080, 1039173, 1039452, 1039669, 1039824, 1039917, 1040196, 1040413, 1040568, 1040748, 1041144, 1041468, 1041720, 1042008, 1042404, 1042728, 1042980, 1043268, 1043664, 1043988, 1044240, 1044528, 1044924, 1045248, 1045500, 1045701, 1045980, 1046197, 1046352, 1046445, 1046724, 1046941, 1047096, 1047189, 1047468, 1047685, 1047840, 1048020, 1048416, 1048740, 1048992, 1049280, 1049676, 1050000, 1050252, 1050540, 1050936, 1051260, 1051512, 1051800, 1052196, 1052520, 1052772, 1052973, 1053252, 1053469, 1053624, 1053717, 1053996, 1054213, 1054368, 1054461, 1054740, 1054957, 1055112, 1055292, 1055688, 1056012, 1056264, 1056552, 1056948, 1057272, 1057524, 1057812, 1058208, 1058532, 1058784, 1059072, 1059468, 1059792, 1060044, 1060245, 1060524, 1060741, 1060896, 1060989, 1061268, 1061485, 1061640, 1061733, 1062012, 1062229, 1062384, 1062564, 1062960, 1063284, 1063536, 1063824, 1064220, 1064544, 1064796, 1065084, 1065480, 1065804, 1066056, 1066344, 1066740, 1067064, 1067316, 1067517, 1067796, 1068013, 1068168, 1068261, 1068540, 1068757, 1068912, 1069005, 1069284, 1069501, 1069656, 1069836, 1070232, 1070556, 1070808, 1071096, 1071492, 1071816, 1072068, 1072356, 1072752, 1073076, 1073328, 1073616, 1074012, 1074336, 1074588, 1074789, 1075068, 1075285, 1075440, 1075533, 1075812, 1076029, 1076184, 1076277, 1076556, 1076773, 1076928, 1077108, 1077504, 1077828, 1078080, 1078368, 1078764, 1079088, 1079340, 1079628, 1080024, 1080348, 1080600, 1080888, 1081284, 1081608, 1081860, 1082061, 1082340, 1082557, 1082712, 1082805, 1083084, 1083301, 1083456, 1083549, 1083828, 1084045, 1084200, 1084380, 1084776, 1085100, 1085352, 1085640, 1086036, 1086360, 1086612, 1086900, 1087296, 1087620, 1087872, 1088160, 1088556, 1088880, 1089132, 1089333, 1089612, 1089829, 1089984, 1090077, 1090356, 1090573, 1090728, 1090821, 1091100, 1091317, 1091472, 1091652, 1092048, 1092372, 1092624, 1092912, 1093308, 1093632, 1093884, 1094172, 1094568, 1094892, 1095144, 1095432, 1095828, 1096152, 1096404, 1096605, 1096884, 1097101, 1097256, 1097349, 1097628, 1097845, 1098000, 1098093, 1098372, 1098589, 1098744, 1098924, 1099320, 1099644, 1099896, 1100184, 1100580, 1100904, 1101156, 1101444, 1101840, 1102164, 1102416, 1102704, 1103100, 1103424, 1103676, 1103877, 1104156, 1104373, 1104528, 1104621, 1104900, 1105117, 1105272, 1105365, 1105644, 1105861, 1106016, 1106196, 1106592, 1106916, 1107168, 1107456, 1107852, 1108176, 1108428, 1108716, 1109112, 1109436, 1109688, 1109976, 1110372, 1110696, 1110948, 1111149, 1111428, 1111645, 1111800, 1111893, 1112172, 1112389, 1112544, 1112637, 1112916, 1113133, 1113288, 1113468, 1113864, 1114188, 1114440, 1114728, 1115124, 1115448, 1115700, 1115988, 1116384, 1116708, 1116960, 1117248, 1117644, 1117968, 1118220, 1118421, 1118700, 1118917, 1119072, 1119165, 1119444, 1119661, 1119816, 1119909, 1120188, 1120405, 1120560, 1120740, 1121136, 1121460, 1121712, 1122000, 1122396, 1122720, 1122972, 1123260, 1123656, 1123980, 1124232, 1124520, 1124916, 1125240, 1125492, 1125693, 1125972, 1126189, 1126344, 1126437, 1126716, 1126933, 1127088, 1127181, 1127460, 1127677, 1127832, 1128012, 1128408, 1128732, 1128984, 1129272, 1129668, 1129992, 1130244, 1130532, 1130928, 1131252, 1131504, 1131792, 1132188, 1132512, 1132764, 1132965, 1133244, 1133461, 1133616, 1133709, 1133988, 1134205, 1134360, 1134453, 1134732, 1134949, 1135104, 1135284, 1135680, 1136004, 1136256, 1136544, 1136940, 1137264, 1137516, 1137804, 1138200, 1138524, 1138776, 1139064, 1139460, 1139784, 1140036, 1140237, 1140516, 1140733, 1140888, 1140981, 1141260, 1141477, 1141632, 1141725, 1142004, 1142221, 1142376, 1142556, 1142952, 1143276, 1143528, 1143816, 1144212, 1144536, 1144788, 1145076, 1145472, 1145796, 1146048, 1146336, 1146732, 1147056, 1147308, 1147509, 1147788, 1148005, 1148160, 1148253, 1148532, 1148749, 1148904, 1148997, 1149276, 1149493, 1149648, 1149828, 1150224, 1150548, 1150800, 1151088, 1151484, 1151808, 1152060, 1152348, 1152744, 1153068, 1153320, 1153608, 1154004, 1154328, 1154580, 1154781, 1155060, 1155277, 1155432, 1155525, 1155804, 1156021, 1156176, 1156269, 1156548, 1156765, 1156920, 1157100, 1157496, 1157820, 1158072, 1158360, 1158756, 1159080, 1159332, 1159620, 1160016, 1160340, 1160592, 1160880, 1161276, 1161600, 1161852, 1162053, 1162332, 1162549, 1162704, 1162797, 1163076, 1163293, 1163448, 1163541, 1163820, 1164037, 1164192, 1164372, 1164768, 1165092, 1165344, 1165632, 1166028, 1166352, 1166604, 1166892, 1167288, 1167612, 1167864, 1168152, 1168548, 1168872, 1169124, 1169325, 1169604, 1169821, 1169976, 1170069, 1170348, 1170565, 1170720, 1170813, 1171092, 1171309, 1171464, 1171644, 1172040, 1172364, 1172616, 1172904, 1173300, 1173624, 1173876, 1174164, 1174560, 1174884, 1175136, 1175424, 1175820, 1176144, 1176396, 1176597, 1176876, 1177093, 1177248, 1177341, 1177620, 1177837, 1177992, 1178085, 1178364, 1178581, 1178736, 1186028, 1186522, 1187060, 1188056, 1188672, 1192362, 1192742, 1193125, 1195959, 1196335, 1198153, 1198560, 1198893, 1199152, 1201449, 1201835, 1205675, 1206061, 1207900, 1208307, 1208640, 1208899, 1209195, 1209602, 1209935, 1210194, 1210490, 1210897, 1211230, 1211489, 1211790, 1212208, 1212550, 1212816, 1213115, 1213522, 1213855, 1214114, 1214410, 1214817, 1215150, 1215409, 1215705, 1216112, 1216445, 1216704, 1217000, 1217407, 1217740, 1217999, 1218295, 1218702, 1219035, 1219294, 1219590, 1219997, 1220330, 1220589, 1220885, 1221292, 1221625, 1221884, 1222180, 1222587, 1222920, 1223179, 1223475, 1223882, 1224215, 1224474, 1224775, 1225193, 1225535, 1225801, 1226100, 1226507, 1226840, 1227099, 1227395, 1227802, 1228135, 1228394, 1228690, 1229097, 1229430, 1229689, 1229990, 1230408, 1230750, 1231016, 1231320, 1231738, 1232080, 1232346, 1232645, 1233052, 1233385, 1233644, 1240029, 1240523, 1241061, 1242057, 1242673, 1246363, 1246743, 1247126, 1249960, 1250336, 1252154, 1252561, 1252894, 1253153, 1253449, 1253856, 1254189, 1254448, 1254744, 1255151, 1255484, 1255743, 1256039, 1256446, 1256779, 1257038, 1257334, 1257741, 1258074, 1258333, 1264448, 1264942, 1265480, 1266476, 1267092, 1270732, 1271112, 1271495, 1274272, 1274638, 1276430, 1276826, 1277150, 1277402, 1279582, 1279948, 1281740, 1282136, 1282460, 1282712, 1283000, 1283396, 1283720, 1283972, 1284260, 1284656, 1284980, 1285232, 1285520, 1285916, 1286240, 1286492, 1286780, 1287176, 1287500, 1287752, 1294028, 1294522, 1295060, 1296056, 1296672, 1300362, 1300742, 1301125, 1303959, 1304335, 1312020, 1312514, 1313052, 1314048, 1314664, 1318304, 1318684, 1319067, 1321958, 1322344, 1324183, 1324590, 1324923, 1325182, 1325478, 1325885, 1326218, 1326477, 1326778, 1327196, 1327538, 1327804, 1334018, 1334512, 1335050, 1336046, 1336662, 1340302, 1340682, 1341065, 1343899, 1344275, 1345481, 1345888, 1346221, 1346480, 1346776, 1347183, 1347516, 1347775, 1353622, 1354116, 1354654, 1355650, 1356266, 1359906, 1360286, 1360669, 1363446, 1363812, 1365604, 1366000, 1366324, 1366576, 1366864, 1367260, 1367584, 1367836, 1368124, 1368520, 1368844, 1369096, 1371276, 1371642, 1373434, 1373830, 1374154, 1374406, 1374694, 1375090, 1375414, 1375666, 1375954, 1376350, 1376674, 1376926, 1377214, 1377610, 1377934, 1378186, 1378474, 1378870, 1379194, 1379446, 1379734, 1380130, 1380454, 1380706, 1380994, 1381390, 1381714, 1381966, 1382254, 1382650, 1382974, 1383226, 1383514, 1383910, 1384234, 1384486, 1384774, 1385170, 1385494, 1385746, 1386034, 1386430, 1386754, 1387006, 1387294, 1387690, 1388014, 1388266, 1388554, 1388950, 1389274, 1389526, 1389814, 1390210, 1390534, 1390786, 1391074, 1391470, 1391794, 1392046, 1392334, 1392730, 1393054, 1393306, 1399312, 1399806, 1400344, 1401340, 1401956, 1405596, 1405976, 1406359, 1409193, 1409569, 1410775, 1411182, 1411515, 1411774, 1412130, 1412537, 1412870, 1413129, 1419130, 1419624, 1420162, 1421158, 1421774, 1425414, 1425794, 1426177, 1428840, 1429186, 1430314, 1430688, 1430994, 1431232, 1431499, 1431862, 1432159, 1432390, 1432659, 1433033, 1433339, 1433577, 1433844, 1434207, 1434504, 1434735]"
"('Description.java', 'org.junit.runner.Description', 'methodAndClassNamePatternGroupOrDefault', '([\\s\\S]*)\\((.*)\\)', 'testPointInTimeUngroupedLimitedAggregation[CREATE INDEX ATABLE_IDX ON aTable (a_integer DESC) INCLUDE (    A_STRING,     B_STRING,     A_DATE)](com.salesforce.phoenix.end2end.QueryTest)')","[5741, 44193]"
"('Description.java', 'org.junit.runner.Description', 'methodAndClassNamePatternGroupOrDefault', '([\\s\\S]*)\\((.*)\\)', 'testRangeQuery1(com.salesforce.phoenix.end2end.NativeHBaseTypesTest)')","[35889, 73416]"
"('Description.java', 'org.junit.runner.Description', 'methodAndClassNamePatternGroupOrDefault', '([\\s\\S]*)\\((.*)\\)', 'testRegexpSubstrSetScanKeys(com.salesforce.phoenix.compile.QueryCompileTest)')","[22577, 60744]"
"('Description.java', 'org.junit.runner.Description', 'methodAndClassNamePatternGroupOrDefault', '([\\s\\S]*)\\((.*)\\)', 'testKeyRangeExpression7(com.salesforce.phoenix.compile.WhereClauseOptimizerTest)')","[20443, 58588]"
"('Description.java', 'org.junit.runner.Description', 'methodAndClassNamePatternGroupOrDefault', '([\\s\\S]*)\\((.*)\\)', 'testToCharOnDate(com.salesforce.phoenix.end2end.VariableLengthPKTest)')","[31883, 69478]"
"('Description.java', 'org.junit.runner.Description', 'methodAndClassNamePatternGroupOrDefault', '([\\s\\S]*)\\((.*)\\)', 'testAggregatingMergeSort(com.salesforce.phoenix.iterate.AggregateResultScannerTest)')","[15334, 53594]"
"('Description.java', 'org.junit.runner.Description', 'methodAndClassNamePatternGroupOrDefault', '([\\s\\S]*)\\((.*)\\)', 'com.salesforce.phoenix.end2end.CustomEntityDataTest')","[25848, 1413805]"
"('Description.java', 'org.junit.runner.Description', 'methodAndClassNamePatternGroupOrDefault', '([\\s\\S]*)\\((.*)\\)', '[ScanRanges[[[b], [1], [[B - D], [G - I]]]] [b1E - b1H]]')",[3062]
"('KerberosName.java', 'org.apache.hadoop.security.KerberosName', '<init>', '([^/@]*)(/([^/@]*))?@([^/@]*)', 'pwang7')","[77564, 78148, 78206, 105081, 105139, 891543, 891601, 1181199, 1181256, 1235200, 1235257, 1259571, 1259628, 1289199, 1289256, 1307095, 1307152, 1329045, 1329102, 1348801, 1348858, 1394435, 1394492, 1414261, 1414318, 1435749, 1435806, 1436414, 1436430, 1436446]"
"('Description.java', 'org.junit.runner.Description', 'methodAndClassNamePatternGroupOrDefault', '([\\s\\S]*)\\((.*)\\)', 'testCastOperatorInWhere[CREATE INDEX ATABLE_IDX ON aTable (a_integer DESC) INCLUDE (    A_STRING,     B_STRING,     A_DATE)](com.salesforce.phoenix.end2end.QueryTest)')","[4476, 42928]"
"('StoreFile.java', 'org.apache.hadoop.hbase.regionserver.StoreFile', 'isReference', '^([0-9a-f]+(?:_SeqId_[0-9]+_)?|(?:[a-zA-Z_0-9][a-zA-Z_0-9.-]*)=(?:[a-f0-9]+)-[0-9a-f]+(?:_SeqId_[0-9]+_)?)\\.(.+)$', '60bdafa5091844ed8284ec200493e925')","[1234321, 1234374]"
"('StoreFile.java', 'org.apache.hadoop.hbase.regionserver.StoreFile', 'isReference', '^([0-9a-f]+(?:_SeqId_[0-9]+_)?|(?:[a-zA-Z_0-9][a-zA-Z_0-9.-]*)=(?:[a-f0-9]+)-[0-9a-f]+(?:_SeqId_[0-9]+_)?)\\.(.+)$', 'ea5ee0142ee542f2b182decd5f4cf622')","[1395002, 1395064, 1395195]"
"('Description.java', 'org.junit.runner.Description', 'methodAndClassNamePatternGroupOrDefault', '([\\s\\S]*)\\((.*)\\)', '[[[[abc - def], [dzz - xyz)], [[AB - AX], [EB - EZ), [PO - PP)], [[100 - 250), [701 - 901)]] [I@7816568e [rowkey=abcEB700, expected seek next using hint: abcEB701, rowkey=abcEB701, expected include, rowkey=dzzAB250, expected seek next using hint: dzzAB701, rowkey=zzzAA000, expected finished]]')",[1484]
"('StoreFile.java', 'org.apache.hadoop.hbase.regionserver.StoreFile', 'isHFile', '^([0-9a-f]+(?:_SeqId_[0-9]+_)?)', '52dd0183377f4ddc96a00ebb069f235d')","[1306127, 1306180]"
"('HTableDescriptor.java', 'org.apache.hadoop.hbase.HTableDescriptor', 'addCoprocessor', '^coprocessor\\$([0-9]+)$', 'SPLIT_POLICY')","[80473, 80985, 81694, 82600, 84369, 86023, 107601, 108113, 108822, 109728, 111497, 113151, 894071, 894583, 895292, 896198, 897967, 899621, 1183613, 1184112, 1184803, 1185686, 1187410, 1189022, 1237614, 1238113, 1238804, 1239687, 1241411, 1243023, 1262033, 1262532, 1263223, 1264106, 1265830, 1267442, 1291613, 1292112, 1292803, 1293686, 1295410, 1297022, 1309605, 1310104, 1310795, 1311678, 1313402, 1315014, 1331603, 1332102, 1332793, 1333676, 1335400, 1337012, 1351207, 1351706, 1352397, 1353280, 1355004, 1356616, 1396897, 1397396, 1398087, 1398970, 1400694, 1402306, 1416715, 1417214, 1417905, 1418788, 1420512, 1422124]"
"('Description.java', 'org.junit.runner.Description', 'methodAndClassNamePatternGroupOrDefault', '([\\s\\S]*)\\((.*)\\)', 'testCoerceExpressionSupportsCoercingAllPDataTypesToBinary(com.salesforce.phoenix.expression.CoerceExpressionTest)')","[17746, 55882]"
"('Description.java', 'org.junit.runner.Description', 'methodAndClassNamePatternGroupOrDefault', '([\\s\\S]*)\\((.*)\\)', 'testPercentileDiscDesc(com.salesforce.phoenix.end2end.PercentileTest)')","[30509, 68158]"
"('Description.java', 'org.junit.runner.Description', 'methodAndClassNamePatternGroupOrDefault', '([\\s\\S]*)\\((.*)\\)', 'testNoConnectionInfo(com.salesforce.phoenix.query.ConnectionlessUpsertTest)')","[24207, 62372]"
"('Description.java', 'org.junit.runner.Description', 'methodAndClassNamePatternGroupOrDefault', '([\\s\\S]*)\\((.*)\\)', 'toChar(com.salesforce.phoenix.expression.DescColumnSortOrderExpressionTest)')","[17372, 55530]"
"('Description.java', 'org.junit.runner.Description', 'methodAndClassNamePatternGroupOrDefault', '([\\s\\S]*)\\((.*)\\)', 'testGroupByCase(com.salesforce.phoenix.end2end.GroupByCaseTest)')","[30757, 68378]"
"('Description.java', 'org.junit.runner.Description', 'methodAndClassNamePatternGroupOrDefault', '([\\s\\S]*)\\((.*)\\)', 'testVarFixedFixed(com.salesforce.phoenix.schema.RowKeySchemaTest)')","[38303, 75726]"
"('Description.java', 'org.junit.runner.Description', 'methodAndClassNamePatternGroupOrDefault', '([\\s\\S]*)\\((.*)\\)', '[[[b], [[1 - 2]], [B]] [I@8f9c8a7 [B@46e4508b LOWER {4}]')",[233]
"('Description.java', 'org.junit.runner.Description', 'methodAndClassNamePatternGroupOrDefault', '([\\s\\S]*)\\((.*)\\)', 'testIntAddExpression[CREATE INDEX ATABLE_IDX ON aTable (a_integer) INCLUDE (    A_STRING,     B_STRING,     A_DATE)](com.salesforce.phoenix.end2end.QueryTest)')","[10291, 48701]"
"('Description.java', 'org.junit.runner.Description', 'methodAndClassNamePatternGroupOrDefault', '([\\s\\S]*)\\((.*)\\)', 'testTimestampAddSubtractArithmetic(com.salesforce.phoenix.end2end.UpsertValuesTest)')","[26924, 64880]"
"('Description.java', 'org.junit.runner.Description', 'methodAndClassNamePatternGroupOrDefault', '([\\s\\S]*)\\((.*)\\)', 'testScanByByteValue[CREATE INDEX ATABLE_IDX ON aTable (a_integer) INCLUDE (    A_STRING,     B_STRING,     A_DATE)](com.salesforce.phoenix.end2end.QueryTest)')","[10728, 49138]"
"('Description.java', 'org.junit.runner.Description', 'methodAndClassNamePatternGroupOrDefault', '([\\s\\S]*)\\((.*)\\)', 'testParameterMetaData(com.salesforce.phoenix.compile.QueryMetaDataTest)')","[18685, 56806]"
"('Description.java', 'org.junit.runner.Description', 'methodAndClassNamePatternGroupOrDefault', '([\\s\\S]*)\\((.*)\\)', 'testKeyOnly(com.salesforce.phoenix.end2end.KeyOnlyTest)')","[36719, 74186]"
"('Description.java', 'org.junit.runner.Description', 'methodAndClassNamePatternGroupOrDefault', '([\\s\\S]*)\\((.*)\\)', 'testGetDeicmalPrecisionAndScaleFromRawBytes(com.salesforce.phoenix.schema.PDataTypeTest)')","[38076, 75528]"
"('RegionCoprocessorHost.java', 'org.apache.hadoop.hbase.regionserver.RegionCoprocessorHost', 'loadTableCoprocessors', '^coprocessor\\$([0-9]+)$', 'coprocessor$3')","[86642, 87048, 90822, 94280, 94382, 94416, 94790, 95079, 95113, 95402, 113760, 114148, 117909, 121347, 121551, 121619, 121959, 124265, 287059, 287263, 337145, 499095, 499299, 549050, 711004, 711208, 860411, 860615, 900230, 900618, 904379, 907905, 911431, 914957, 918483, 1028663, 1030920, 1033177, 1189670, 1190057, 1193728, 1197254, 1197458, 1197662, 1197866, 1202775, 1202979, 1203183, 1203387, 1207086, 1207205, 1207409, 1207613, 1243671, 1244058, 1247729, 1251255, 1251442, 1251663, 1251867, 1268040, 1268427, 1272098, 1275536, 1275740, 1275944, 1276148, 1280846, 1281050, 1281254, 1281458, 1297670, 1298057, 1301728, 1305254, 1305458, 1305662, 1305866, 1315612, 1315999, 1319670, 1323284, 1323488, 1323692, 1323896, 1337610, 1337997, 1341668, 1345194, 1357214, 1357601, 1361272, 1364710, 1364863, 1364999, 1365322, 1372540, 1372744, 1372948, 1373152, 1402904, 1403291, 1406962, 1410488, 1422722, 1423109, 1426780, 1430042]"
"('Description.java', 'org.junit.runner.Description', 'methodAndClassNamePatternGroupOrDefault', '([\\s\\S]*)\\((.*)\\)', 'testUsingNonComparableDataTypesOfColumnRefOnRHSAndRowValueConstructorFails(com.salesforce.phoenix.compile.QueryCompileTest)')","[22703, 60876]"
"('Description.java', 'org.junit.runner.Description', 'methodAndClassNamePatternGroupOrDefault', '([\\s\\S]*)\\((.*)\\)', 'testCreateTenantTableWithSameWhereClause(com.salesforce.phoenix.end2end.TenantSpecificTablesDDLTest)')","[36181, 73702]"
"('StoreFile.java', 'org.apache.hadoop.hbase.regionserver.StoreFile', 'isHFile', '^([0-9a-f]+(?:_SeqId_[0-9]+_)?)', '15c77d860d2348248a32a8c2c53ac494')","[337011, 337064, 337321, 549242]"
"('HFileLink.java', 'org.apache.hadoop.hbase.io.HFileLink', 'isHFileLink', '^((?:[a-zA-Z_0-9][a-zA-Z_0-9.-]*))=((?:[a-f0-9]+))-([0-9a-f]+(?:_SeqId_[0-9]+_)?)$', '7c011c9f90264c3a96deedc5faff46b8')","[1393750, 1393803]"
"('Description.java', 'org.junit.runner.Description', 'methodAndClassNamePatternGroupOrDefault', '([\\s\\S]*)\\((.*)\\)', 'testMultiDimAggregation(com.salesforce.phoenix.end2end.ProductMetricsTest)')","[33469, 71040]"
"('Description.java', 'org.junit.runner.Description', 'methodAndClassNamePatternGroupOrDefault', '([\\s\\S]*)\\((.*)\\)', 'testValidStringConcatExpression[](com.salesforce.phoenix.end2end.QueryTest)')","[12612, 51001]"
"('HFileLink.java', 'org.apache.hadoop.hbase.io.HFileLink', 'isHFileLink', '^((?:[a-zA-Z_0-9][a-zA-Z_0-9.-]*))=((?:[a-f0-9]+))-([0-9a-f]+(?:_SeqId_[0-9]+_)?)$', 'd1adb69d930c45479816b8c3adbed7b5.cf1c0335939d5e6a9a075c5f1f63aff1')","[499433, 499502, 580435]"
"('Description.java', 'org.junit.runner.Description', 'methodAndClassNamePatternGroupOrDefault', '([\\s\\S]*)\\((.*)\\)', 'testPercentileWrongQuery2(com.salesforce.phoenix.compile.QueryCompileTest)')","[23039, 61228]"
"('HFileLink.java', 'org.apache.hadoop.hbase.io.HFileLink', 'isHFileLink', '^((?:[a-zA-Z_0-9][a-zA-Z_0-9.-]*))=((?:[a-f0-9]+))-([0-9a-f]+(?:_SeqId_[0-9]+_)?)$', '0d185660e29d4f8ea190fe3dc409553f')","[1348116, 1348169]"
"('Description.java', 'org.junit.runner.Description', 'methodAndClassNamePatternGroupOrDefault', '([\\s\\S]*)\\((.*)\\)', 'regexpSubstr(com.salesforce.phoenix.expression.DescColumnSortOrderExpressionTest)')","[17645, 55816]"
"('Description.java', 'org.junit.runner.Description', 'methodAndClassNamePatternGroupOrDefault', '([\\s\\S]*)\\((.*)\\)', 'testDropColumnsWithImutability(com.salesforce.phoenix.end2end.AlterTableTest)')","[26592, 64572]"
"('HFileLink.java', 'org.apache.hadoop.hbase.io.HFileLink', 'isHFileLink', '^((?:[a-zA-Z_0-9][a-zA-Z_0-9.-]*))=((?:[a-f0-9]+))-([0-9a-f]+(?:_SeqId_[0-9]+_)?)$', 'd1adb69d930c45479816b8c3adbed7b5')","[498900, 498956, 499543]"
"('HFileLink.java', 'org.apache.hadoop.hbase.io.HFileLink', 'isHFileLink', '^((?:[a-zA-Z_0-9][a-zA-Z_0-9.-]*))=((?:[a-f0-9]+))-([0-9a-f]+(?:_SeqId_[0-9]+_)?)$', '9ecb9c0bc55447468f6c7d26a65f1aed')","[1233985, 1234038]"
"('Description.java', 'org.junit.runner.Description', 'methodAndClassNamePatternGroupOrDefault', '([\\s\\S]*)\\((.*)\\)', 'testReverseScan(com.salesforce.phoenix.end2end.OrderByTest)')","[36555, 74054]"
"('Description.java', 'org.junit.runner.Description', 'methodAndClassNamePatternGroupOrDefault', '([\\s\\S]*)\\((.*)\\)', 'testUpsertSelectOnDescToAsc(com.salesforce.phoenix.end2end.UpsertSelectTest)')","[31236, 68840]"
"('StoreFile.java', 'org.apache.hadoop.hbase.regionserver.StoreFile', 'isReference', '^([0-9a-f]+(?:_SeqId_[0-9]+_)?|(?:[a-zA-Z_0-9][a-zA-Z_0-9.-]*)=(?:[a-f0-9]+)-[0-9a-f]+(?:_SeqId_[0-9]+_)?)\\.(.+)$', '33122f4c6b7245c7bb4bbec12529e09f.cf1c0335939d5e6a9a075c5f1f63aff1')","[499461, 580418]"
"('Description.java', 'org.junit.runner.Description', 'methodAndClassNamePatternGroupOrDefault', '([\\s\\S]*)\\((.*)\\)', 'testCoreThreadTimeoutNonZero(com.salesforce.hbase.index.parallel.TestThreadPoolBuilder)')","[38507, 75880]"
"('DisabledAlgorithmConstraints.java', 'sun.security.util.DisabledAlgorithmConstraints$KeySizeConstraints', '<init>', '(\\S+)\\s+keySize\\s*(<=|<|==|!=|>|>=)\\s*(\\d+)', 'RSA keySize < 1024')",[77684]
"('HTableDescriptor.java', 'org.apache.hadoop.hbase.HTableDescriptor', 'addCoprocessor', '^coprocessor\\$([0-9]+)$', 'coprocessor$2')","[81772, 82717, 84603, 86296, 88395, 89222, 90636, 92027, 92770, 94004, 108900, 109845, 111731, 113424, 115488, 116315, 117729, 119139, 119903, 121171, 123324, 124101, 895370, 896315, 898201, 899894, 901958, 902785, 904199, 905640, 906425, 907727, 909166, 909951, 911253, 912692, 913477, 914779, 916218, 917003, 918305, 1027749, 1028502, 1030006, 1030759, 1032263, 1033016, 1184879, 1185800, 1187638, 1189288, 1191366, 1192172, 1193550, 1194989, 1195774, 1197076, 1200453, 1201259, 1202595, 1204679, 1205485, 1206821, 1238880, 1239801, 1241639, 1243289, 1245367, 1246173, 1247551, 1248990, 1249775, 1251077, 1263299, 1264220, 1266058, 1267708, 1269736, 1270542, 1271920, 1273328, 1274092, 1275360, 1278638, 1279402, 1280670, 1292879, 1293800, 1295638, 1297288, 1299366, 1300172, 1301550, 1302989, 1303774, 1305076, 1310871, 1311792, 1313630, 1315280, 1317308, 1318114, 1319492, 1320962, 1321768, 1323104, 1332869, 1333790, 1335628, 1337278, 1339306, 1340112, 1341490, 1342929, 1343714, 1345016, 1352473, 1353394, 1355232, 1356882, 1358910, 1359716, 1361094, 1362502, 1363266, 1364534, 1370332, 1371096, 1372364, 1398163, 1399084, 1400922, 1402572, 1404600, 1405406, 1406784, 1408223, 1409008, 1410310, 1417981, 1418902, 1420740, 1422390, 1424418, 1425224, 1426602, 1427948, 1428670, 1429870]"
"('Description.java', 'org.junit.runner.Description', 'methodAndClassNamePatternGroupOrDefault', '([\\s\\S]*)\\((.*)\\)', 'testDecimalSubtraction2Expression[](com.salesforce.phoenix.end2end.QueryTest)')","[13279, 51668]"
"('Description.java', 'org.junit.runner.Description', 'methodAndClassNamePatternGroupOrDefault', '([\\s\\S]*)\\((.*)\\)', 'upper(com.salesforce.phoenix.expression.DescColumnSortOrderExpressionTest)')","[17561, 55728]"
"('Description.java', 'org.junit.runner.Description', 'methodAndClassNamePatternGroupOrDefault', '([\\s\\S]*)\\((.*)\\)', 'com.salesforce.hbase.index.write.TestParalleIndexWriter')",[40231]
"('Description.java', 'org.junit.runner.Description', 'methodAndClassNamePatternGroupOrDefault', '([\\s\\S]*)\\((.*)\\)', 'testNotEqualsByUnsignedDouble[CREATE INDEX ATABLE_IDX ON aTable (a_integer) INCLUDE (    A_STRING,     B_STRING,     A_DATE)](com.salesforce.phoenix.end2end.QueryTest)')","[10314, 48724]"
"('Description.java', 'org.junit.runner.Description', 'methodAndClassNamePatternGroupOrDefault', '([\\s\\S]*)\\((.*)\\)', 'testSequenceNotFound(com.salesforce.phoenix.end2end.SequenceTest)')","[29593, 67278]"
"('Description.java', 'org.junit.runner.Description', 'methodAndClassNamePatternGroupOrDefault', '([\\s\\S]*)\\((.*)\\)', 'testUpperBoundRangeScan[CREATE INDEX ATABLE_IDX ON aTable (a_integer) INCLUDE (    A_STRING,     B_STRING,     A_DATE)](com.salesforce.phoenix.end2end.QueryTest)')","[9739, 48149]"
"('HFileLink.java', 'org.apache.hadoop.hbase.io.HFileLink', 'isHFileLink', '^((?:[a-zA-Z_0-9][a-zA-Z_0-9.-]*))=((?:[a-f0-9]+))-([0-9a-f]+(?:_SeqId_[0-9]+_)?)$', 'ee6c1a90ec96423481260f9c3d299214')","[1288408, 1288461]"
"('Description.java', 'org.junit.runner.Description', 'methodAndClassNamePatternGroupOrDefault', '([\\s\\S]*)\\((.*)\\)', '[[[[PO - PP)], [def]] [I@331545ab [rowkey=POdef, expected include, rowkey=POdeg, expected finished]]')",[1308]
"('Description.java', 'org.junit.runner.Description', 'methodAndClassNamePatternGroupOrDefault', '([\\s\\S]*)\\((.*)\\)', 'testSumUngroupedHavingAggregation(com.salesforce.phoenix.end2end.ProductMetricsTest)')","[33679, 71260]"
"('Description.java', 'org.junit.runner.Description', 'methodAndClassNamePatternGroupOrDefault', '([\\s\\S]*)\\((.*)\\)', 'testLikeExtractAllAsEqKeyExpression(com.salesforce.phoenix.compile.WhereClauseOptimizerTest)')","[19435, 57532]"
"('StoreFile.java', 'org.apache.hadoop.hbase.regionserver.StoreFile', 'isHFile', '^([0-9a-f]+(?:_SeqId_[0-9]+_)?)', '8fa77dcc0d5343c8b38bb31215246410')","[1328395, 1328448]"
"('StoreFile.java', 'org.apache.hadoop.hbase.regionserver.StoreFile', 'isHFile', '^([0-9a-f]+(?:_SeqId_[0-9]+_)?)', '8d61e8a57544480db81ed8ce34f63968')","[1233808, 1233861]"
"('Description.java', 'org.junit.runner.Description', 'methodAndClassNamePatternGroupOrDefault', '([\\s\\S]*)\\((.*)\\)', 'testSecondPkColInListFilter(com.salesforce.phoenix.compile.WhereClauseCompileTest)')","[23625, 61822]"
"('Description.java', 'org.junit.runner.Description', 'methodAndClassNamePatternGroupOrDefault', '([\\s\\S]*)\\((.*)\\)', 'com.salesforce.phoenix.end2end.index.MutableIndexTest')",[27872]
"('Description.java', 'org.junit.runner.Description', 'methodAndClassNamePatternGroupOrDefault', '([\\s\\S]*)\\((.*)\\)', 'testKeyRangeExpression3(com.salesforce.phoenix.compile.WhereClauseOptimizerTest)')","[20359, 58500]"
"('Description.java', 'org.junit.runner.Description', 'methodAndClassNamePatternGroupOrDefault', '([\\s\\S]*)\\((.*)\\)', 'testGroupByPlusOne[CREATE INDEX ATABLE_IDX ON aTable (a_integer, a_string) INCLUDE (    B_STRING,     A_DATE)](com.salesforce.phoenix.end2end.QueryTest)')","[7027, 45458]"
"('Description.java', 'org.junit.runner.Description', 'methodAndClassNamePatternGroupOrDefault', '([\\s\\S]*)\\((.*)\\)', 'testUngroupedAggregationNoWhere[CREATE INDEX ATABLE_IDX ON aTable (a_integer) INCLUDE (    A_STRING,     B_STRING,     A_DATE)](com.salesforce.phoenix.end2end.QueryTest)')","[10590, 49000]"
"('Description.java', 'org.junit.runner.Description', 'methodAndClassNamePatternGroupOrDefault', '([\\s\\S]*)\\((.*)\\)', '[ScanRanges[[[b, c, d], [1], [[B - D], [G - I]]]] [b00 - d00]]')",[3106]
"('Description.java', 'org.junit.runner.Description', 'methodAndClassNamePatternGroupOrDefault', '([\\s\\S]*)\\((.*)\\)', 'testCeilDate(com.salesforce.phoenix.end2end.RoundFloorCeilFunctionsEnd2EndTest)')","[35513, 73042]"
"('Description.java', 'org.junit.runner.Description', 'methodAndClassNamePatternGroupOrDefault', '([\\s\\S]*)\\((.*)\\)', 'testHavingFuncToWhere(com.salesforce.phoenix.compile.HavingClauseTest)')","[21529, 59666]"
"('HTableDescriptor.java', 'org.apache.hadoop.hbase.HTableDescriptor', 'hasCoprocessor', '^coprocessor\\$([0-9]+)$', 'coprocessor$4')","[82912, 83419, 83970, 84993, 85624, 89378, 89768, 90160, 92910, 93264, 95644, 96029, 96344, 96589, 96869, 97254, 97569, 97814, 98094, 98479, 98794, 99039, 99319, 99704, 100019, 100264, 100544, 100929, 101244, 101489, 101769, 102154, 102469, 102714, 102994, 103379, 103694, 103939, 110040, 110547, 111098, 112121, 112752, 116471, 116861, 117253, 120047, 120411, 124528, 124924, 125248, 125500, 125708, 125996, 126220, 126380, 126556, 126952, 127276, 127528, 127736, 128024, 128248, 128408, 128584, 128980, 129304, 129556, 129764, 130052, 130276, 130436, 130637, 131033, 131357, 131609, 131817, 132105, 132329, 132489, 132665, 133061, 133385, 133637, 133845, 134133, 134357, 134517, 134693, 135089, 135413, 135665, 135873, 136161, 136385, 136545, 136721, 137117, 137441, 137693, 137901, 138189, 138413, 138573, 138749, 139145, 139469, 139721, 139929, 140217, 140441, 140601, 140777, 141173, 141497, 141749, 141957, 142245, 142469, 142629, 142805, 143201, 143525, 143777, 143985, 144273, 144497, 144657, 144833, 145229, 145553, 145805, 146013, 146301, 146525, 146685, 146861, 147257, 147581, 147833, 148041, 148329, 148553, 148713, 148889, 149285, 149609, 149861, 150069, 150357, 150581, 150741, 150917, 151313, 151637, 151889, 152097, 152385, 152609, 152769, 152945, 153341, 153665, 153917, 154125, 154413, 154637, 154797, 154969, 155354, 155669, 155914, 156116, 156395, 156612, 156767, 156938, 157323, 157638, 157883, 158085, 158364, 158581, 158736, 158907, 159292, 159607, 159852, 160054, 160333, 160550, 160705, 160876, 161261, 161576, 161821, 162023, 162302, 162519, 162674, 162845, 163230, 163545, 163790, 163992, 164271, 164488, 164643, 164814, 165199, 165514, 165759, 165961, 166240, 166457, 166612, 166808, 167193, 167508, 167753, 167955, 168234, 168451, 168606, 168777, 169162, 169477, 169722, 169924, 170203, 170420, 170575, 170746, 171131, 171446, 171691, 171893, 172172, 172389, 172544, 172715, 173100, 173415, 173660, 173862, 174141, 174358, 174513, 174684, 175069, 175384, 175629, 175831, 176110, 176327, 176482, 176653, 177038, 177353, 177598, 177800, 178079, 178296, 178451, 178622, 179007, 179322, 179567, 179769, 180048, 180265, 180420, 180591, 180976, 181291, 181536, 181738, 182017, 182234, 182389, 182560, 182945, 183260, 183505, 183707, 183986, 184203, 184358, 184529, 184914, 185229, 185474, 185676, 185955, 186172, 186327, 186498, 186883, 187198, 187443, 187645, 187924, 188141, 188296, 188467, 188852, 189167, 189412, 189614, 189893, 190110, 190265, 190436, 190821, 191136, 191381, 191583, 191862, 192079, 192234, 192405, 192790, 193105, 193350, 193568, 193847, 194064, 194219, 194390, 194775, 195090, 195335, 195537, 195816, 196033, 196188, 196359, 196744, 197059, 197304, 197506, 197785, 198002, 198157, 198328, 198713, 199028, 199273, 199475, 199754, 199971, 200126, 200297, 200682, 200997, 201242, 201444, 201723, 201940, 202095, 202266, 202651, 202966, 203211, 203413, 203692, 203909, 204064, 204235, 204620, 204935, 205180, 205382, 205661, 205878, 206033, 206204, 206589, 206904, 207149, 207351, 207630, 207847, 208002, 208173, 208558, 208873, 209118, 209320, 209599, 209816, 209971, 210142, 210527, 210842, 211087, 211289, 211568, 211785, 211940, 212111, 212496, 212811, 213056, 213258, 213537, 213754, 213909, 214080, 214465, 214780, 215025, 215227, 215506, 215723, 215878, 216049, 216434, 216749, 216994, 217196, 217475, 217692, 217847, 218018, 218403, 218718, 218963, 219165, 219444, 219661, 219816, 219987, 220372, 220687, 220932, 221134, 221413, 221630, 221785, 221956, 222341, 222656, 222901, 223103, 223382, 223599, 223754, 223925, 224310, 224625, 224870, 225072, 225351, 225568, 225723, 225894, 226279, 226594, 226839, 227041, 227320, 227537, 227692, 227863, 228248, 228563, 228808, 229010, 229289, 229506, 229661, 229832, 230217, 230532, 230777, 230979, 231258, 231475, 231630, 231801, 232186, 232501, 232746, 232948, 233227, 233444, 233599, 233770, 234155, 234470, 234715, 234917, 235196, 235413, 235568, 235739, 236124, 236439, 236684, 236886, 237165, 237382, 237537, 237708, 238093, 238408, 238653, 238855, 239134, 239351, 239506, 239677, 240062, 240377, 240622, 240824, 241103, 241320, 241475, 241646, 242031, 242346, 242591, 242793, 243072, 243289, 243444, 243615, 244000, 244315, 244560, 244762, 245041, 245258, 245413, 245584, 245969, 246284, 246529, 246731, 247010, 247227, 247382, 247553, 247938, 248253, 248498, 248700, 248979, 249196, 249351, 249522, 249907, 250222, 250467, 250669, 250948, 251165, 251320, 251491, 251876, 252191, 252436, 252638, 252917, 253134, 253289, 253460, 253845, 254160, 254405, 254607, 254886, 255103, 255258, 255429, 255814, 256129, 256374, 256576, 256855, 257072, 257227, 257398, 257783, 258098, 258343, 258545, 258824, 259041, 259196, 259367, 259752, 260067, 260312, 260514, 260793, 261010, 261165, 261336, 261721, 262036, 262281, 262483, 262762, 262979, 263134, 263305, 263690, 264005, 264250, 264452, 264731, 264948, 265103, 265274, 265659, 265974, 266219, 266421, 266700, 266917, 267072, 267243, 267628, 267943, 268188, 268390, 268669, 268886, 269041, 269212, 269597, 269912, 270157, 270359, 270638, 270855, 271010, 271181, 271566, 271881, 272126, 272328, 272607, 272824, 272979, 273150, 273535, 273850, 274095, 274297, 274576, 274793, 274948, 275119, 275504, 275819, 276064, 276266, 276545, 276762, 276917, 277088, 277473, 277788, 278033, 278235, 278514, 278731, 278886, 279057, 279442, 279757, 280002, 280204, 280483, 280700, 280855, 281026, 281411, 281726, 281971, 282173, 282452, 282669, 282824, 282995, 283380, 283695, 283940, 284142, 284421, 284638, 284793, 284964, 285349, 285664, 285909, 286111, 286390, 286607, 286762, 287805, 288190, 288505, 288750, 288952, 289231, 289448, 289603, 289774, 290159, 290474, 290719, 290921, 291200, 291417, 291572, 291743, 292128, 292443, 292688, 292890, 293169, 293386, 293541, 293712, 294097, 294412, 294657, 294859, 295138, 295355, 295510, 295681, 296066, 296381, 296626, 296828, 297107, 297324, 297479, 297650, 298035, 298350, 298595, 298797, 299076, 299293, 299448, 299619, 300004, 300319, 300564, 300766, 301045, 301262, 301417, 301588, 301973, 302288, 302533, 302735, 303014, 303231, 303386, 303557, 303942, 304257, 304502, 304704, 304983, 305200, 305355, 305526, 305911, 306226, 306471, 306673, 306952, 307169, 307324, 307495, 307880, 308195, 308440, 308642, 308921, 309138, 309293, 309464, 309849, 310164, 310409, 310611, 310890, 311107, 311262, 311433, 311818, 312133, 312378, 312580, 312859, 313076, 313231, 313402, 313787, 314102, 314347, 314549, 314828, 315045, 315200, 315371, 315756, 316071, 316316, 316518, 316797, 317014, 317169, 317340, 317725, 318040, 318285, 318487, 318766, 318983, 319138, 319309, 319694, 320009, 320254, 320456, 320735, 320952, 321107, 321278, 321663, 321978, 322223, 322425, 322704, 322921, 323076, 323247, 323632, 323947, 324192, 324394, 324673, 324890, 325045, 325216, 325601, 325916, 326161, 326363, 326642, 326859, 327014, 327185, 327570, 327885, 328130, 328332, 328611, 328828, 328983, 329154, 329539, 329854, 330099, 330301, 330580, 330797, 330952, 331123, 331508, 331823, 332068, 332338, 332617, 332834, 332989, 333160, 333545, 333860, 334105, 334307, 334586, 334803, 334958, 335129, 335514, 335829, 336074, 336276, 336555, 336772, 336927, 337461, 337846, 338161, 338406, 338608, 338887, 339104, 339259, 339430, 339815, 340130, 340375, 340577, 340856, 341073, 341228, 341399, 341784, 342099, 342344, 342546, 342825, 343042, 343197, 343368, 343753, 344068, 344313, 344515, 344794, 345011, 345166, 345337, 345722, 346037, 346282, 346484, 346763, 346980, 347135, 347306, 347691, 348006, 348251, 348453, 348732, 348949, 349104, 349275, 349660, 349975, 350220, 350422, 350701, 350918, 351073, 351244, 351629, 351944, 352189, 352391, 352670, 352887, 353042, 353213, 353598, 353913, 354158, 354360, 354639, 354856, 355011, 355182, 355567, 355882, 356127, 356329, 356608, 356825, 356980, 357151, 357536, 357851, 358096, 358298, 358577, 358794, 358949, 359120, 359505, 359820, 360065, 360267, 360546, 360763, 360918, 361089, 361474, 361789, 362034, 362236, 362515, 362732, 362887, 363058, 363443, 363758, 364003, 364205, 364484, 364701, 364856, 365027, 365412, 365727, 365972, 366174, 366453, 366670, 366825, 366996, 367381, 367696, 367941, 368143, 368422, 368639, 368794, 368965, 369350, 369665, 369910, 370112, 370391, 370608, 370763, 370934, 371319, 371634, 371879, 372081, 372360, 372577, 372732, 372903, 373288, 373603, 373848, 374050, 374329, 374546, 374701, 374872, 375257, 375572, 375817, 376019, 376298, 376515, 376670, 376841, 377226, 377541, 377786, 377988, 378267, 378484, 378639, 378835, 379220, 379535, 379780, 379982, 380261, 380478, 380633, 380804, 381189, 381504, 381749, 381951, 382230, 382447, 382602, 382773, 383158, 383473, 383718, 383920, 384199, 384416, 384571, 384742, 385127, 385442, 385687, 385889, 386168, 386385, 386540, 386711, 387096, 387411, 387656, 387858, 388137, 388354, 388509, 388680, 389065, 389380, 389625, 389827, 390106, 390323, 390478, 390649, 391034, 391349, 391594, 391796, 392075, 392292, 392447, 392618, 393003, 393318, 393563, 393765, 394044, 394261, 394416, 394587, 394972, 395287, 395532, 395734, 396013, 396230, 396385, 396556, 396941, 397256, 397501, 397703, 397982, 398199, 398354, 398525, 398910, 399225, 399470, 399672, 399951, 400168, 400323, 400494, 400879, 401194, 401439, 401641, 401920, 402137, 402292, 402463, 402848, 403163, 403408, 403610, 403889, 404106, 404261, 404432, 404817, 405132, 405377, 405579, 405858, 406075, 406230, 406401, 406786, 407101, 407346, 407548, 407827, 408044, 408199, 408370, 408755, 409070, 409315, 409517, 409796, 410013, 410168, 410339, 410724, 411039, 411284, 411486, 411765, 411982, 412137, 412308, 412693, 413008, 413253, 413455, 413734, 413951, 414106, 414277, 414662, 414977, 415222, 415424, 415703, 415920, 416075, 416246, 416631, 416946, 417191, 417393, 417672, 417889, 418044, 418215, 418600, 418915, 419160, 419362, 419641, 419858, 420013, 420184, 420569, 420884, 421129, 421331, 421610, 421827, 421982, 422153, 422538, 422853, 423098, 423300, 423579, 423796, 423951, 424122, 424507, 424822, 425067, 425269, 425548, 425765, 425920, 426091, 426476, 426791, 427036, 427238, 427517, 427734, 427889, 428060, 428445, 428760, 429005, 429207, 429486, 429703, 429858, 430029, 430414, 430729, 430974, 431176, 431455, 431672, 431827, 431998, 432383, 432698, 432943, 433145, 433424, 433641, 433796, 433967, 434352, 434667, 434912, 435114, 435393, 435610, 435765, 435936, 436321, 436636, 436881, 437083, 437362, 437579, 437734, 437905, 438290, 438605, 438850, 439052, 439331, 439548, 439703, 439874, 440259, 440574, 440819, 441021, 441300, 441517, 441672, 441843, 442228, 442543, 442788, 442990, 443269, 443486, 443641, 443812, 444197, 444512, 444757, 444959, 445238, 445455, 445610, 445781, 446166, 446481, 446726, 446928, 447207, 447424, 447579, 447750, 448135, 448450, 448695, 448897, 449176, 449393, 449548, 449719, 450104, 450419, 450664, 450866, 451145, 451362, 451517, 451688, 452073, 452388, 452633, 452835, 453114, 453331, 453486, 453657, 454042, 454357, 454602, 454804, 455083, 455300, 455455, 455626, 456011, 456326, 456571, 456773, 457052, 457269, 457424, 457595, 457980, 458295, 458540, 458742, 459021, 459238, 459393, 459564, 459949, 460264, 460509, 460711, 460990, 461207, 461362, 461533, 461918, 462233, 462478, 462680, 462959, 463176, 463331, 463502, 463887, 464202, 464447, 464649, 464928, 465145, 465300, 465471, 465856, 466171, 466416, 466618, 466897, 467114, 467269, 467440, 467825, 468140, 468385, 468587, 468866, 469083, 469238, 469409, 469794, 470109, 470354, 470556, 470835, 471052, 471207, 471378, 471763, 472078, 472323, 472525, 472804, 473021, 473176, 473347, 473732, 474047, 474292, 474510, 474789, 475006, 475161, 475332, 475717, 476032, 476277, 476479, 476758, 476975, 477130, 477326, 477711, 478026, 478271, 478473, 478752, 478969, 479124, 479295, 479680, 479995, 480240, 480442, 480721, 480938, 481093, 481264, 481649, 481964, 482209, 482411, 482690, 482907, 483062, 483233, 483618, 483933, 484178, 484380, 484659, 484876, 485031, 485202, 485587, 485902, 486147, 486349, 486628, 486845, 487000, 487171, 487556, 487871, 488116, 488318, 488597, 488814, 488969, 489140, 489525, 489840, 490085, 490287, 490566, 490783, 490938, 491109, 491494, 491809, 492054, 492256, 492535, 492752, 492907, 493078, 493463, 493778, 494023, 494225, 494504, 494721, 494876, 495047, 495432, 495747, 495992, 496194, 496473, 496690, 496845, 497016, 497401, 497716, 497961, 498163, 498442, 498659, 498814, 499762, 500147, 500462, 500707, 500909, 501188, 501405, 501560, 501731, 502116, 502431, 502676, 502878, 503157, 503374, 503529, 503700, 504085, 504400, 504645, 504847, 505126, 505343, 505498, 505669, 506054, 506369, 506614, 506816, 507095, 507312, 507467, 507638, 508023, 508338, 508583, 508785, 509064, 509281, 509436, 509607, 509992, 510307, 510552, 510754, 511033, 511250, 511405, 511576, 511961, 512276, 512521, 512723, 513002, 513219, 513374, 513545, 513930, 514245, 514490, 514692, 514971, 515188, 515343, 515514, 515899, 516214, 516459, 516661, 516940, 517157, 517312, 517483, 517868, 518183, 518428, 518630, 518909, 519126, 519281, 519452, 519837, 520152, 520397, 520599, 520878, 521095, 521250, 521421, 521806, 522121, 522366, 522568, 522847, 523064, 523219, 523390, 523775, 524090, 524335, 524537, 524816, 525033, 525188, 525359, 525744, 526059, 526304, 526506, 526785, 527002, 527157, 527328, 527713, 528028, 528273, 528475, 528754, 528971, 529126, 529297, 529682, 529997, 530242, 530444, 530723, 530940, 531095, 531266, 531651, 531966, 532211, 532413, 532692, 532909, 533064, 533235, 533620, 533935, 534180, 534382, 534661, 534878, 535033, 535204, 535589, 535904, 536149, 536351, 536630, 536847, 537002, 537173, 537558, 537873, 538118, 538320, 538599, 538816, 538971, 539142, 539527, 539842, 540087, 540289, 540568, 540785, 540940, 541111, 541496, 541811, 542056, 542258, 542537, 542754, 542909, 543080, 543465, 543780, 544025, 544227, 544506, 544723, 544878, 545049, 545434, 545749, 545994, 546196, 546475, 546692, 546847, 547018, 547403, 547718, 547963, 548165, 548444, 548661, 548816, 549423, 549808, 550123, 550368, 550570, 550849, 551066, 551221, 551392, 551777, 552092, 552337, 552539, 552818, 553035, 553190, 553361, 553746, 554061, 554306, 554508, 554787, 555004, 555159, 555330, 555715, 556030, 556275, 556477, 556756, 556973, 557128, 557299, 557684, 557999, 558244, 558446, 558725, 558942, 559097, 559268, 559653, 559968, 560213, 560415, 560694, 560911, 561066, 561237, 561622, 561937, 562182, 562384, 562663, 562880, 563035, 563206, 563591, 563906, 564151, 564353, 564632, 564849, 565004, 565175, 565560, 565875, 566120, 566322, 566601, 566818, 566973, 567144, 567529, 567844, 568089, 568291, 568570, 568787, 568942, 569113, 569498, 569813, 570058, 570260, 570539, 570756, 570911, 571082, 571467, 571782, 572027, 572229, 572508, 572725, 572880, 573051, 573436, 573751, 573996, 574198, 574477, 574694, 574849, 575020, 575405, 575720, 575965, 576167, 576446, 576663, 576818, 576989, 577374, 577689, 577934, 578136, 578415, 578632, 578787, 578958, 579343, 579658, 579903, 580105, 580384, 580669, 580824, 580995, 581380, 581695, 581940, 582142, 582421, 582638, 582793, 582964, 583349, 583664, 583909, 584111, 584390, 584607, 584762, 584933, 585318, 585633, 585878, 586080, 586359, 586576, 586731, 586918, 587303, 587618, 587863, 588065, 588344, 588561, 588716, 588887, 589272, 589587, 589832, 590034, 590313, 590530, 590685, 590881, 591266, 591581, 591826, 592028, 592307, 592524, 592679, 592850, 593235, 593550, 593795, 593997, 594276, 594493, 594648, 594819, 595204, 595519, 595764, 595966, 596245, 596462, 596617, 596788, 597173, 597488, 597733, 597935, 598214, 598431, 598586, 598757, 599142, 599457, 599702, 599904, 600183, 600400, 600555, 600726, 601111, 601426, 601671, 601873, 602152, 602369, 602524, 602695, 603080, 603395, 603640, 603842, 604121, 604338, 604493, 604664, 605049, 605364, 605609, 605811, 606090, 606307, 606462, 606633, 607018, 607333, 607578, 607780, 608059, 608276, 608431, 608602, 608987, 609302, 609547, 609749, 610028, 610245, 610400, 610571, 610956, 611271, 611516, 611718, 611997, 612214, 612369, 612540, 612925, 613240, 613485, 613687, 613966, 614183, 614338, 614509, 614894, 615209, 615454, 615656, 615935, 616152, 616307, 616478, 616863, 617178, 617423, 617625, 617904, 618121, 618276, 618447, 618832, 619147, 619392, 619594, 619873, 620090, 620245, 620416, 620801, 621116, 621361, 621563, 621842, 622059, 622214, 622385, 622770, 623085, 623330, 623532, 623811, 624028, 624183, 624354, 624739, 625054, 625299, 625501, 625780, 625997, 626152, 626323, 626708, 627023, 627268, 627470, 627749, 627966, 628121, 628292, 628677, 628992, 629237, 629439, 629718, 629935, 630090, 630261, 630646, 630961, 631206, 631408, 631687, 631904, 632059, 632230, 632615, 632930, 633175, 633377, 633656, 633873, 634028, 634199, 634584, 634899, 635144, 635346, 635625, 635842, 635997, 636168, 636553, 636868, 637113, 637315, 637594, 637811, 637966, 638137, 638522, 638837, 639082, 639284, 639563, 639780, 639935, 640106, 640491, 640806, 641051, 641253, 641532, 641749, 641904, 642075, 642460, 642775, 643020, 643222, 643501, 643718, 643873, 644044, 644429, 644744, 644989, 645191, 645470, 645687, 645842, 646013, 646398, 646713, 646958, 647160, 647439, 647656, 647811, 647982, 648367, 648682, 648927, 649129, 649408, 649625, 649780, 649951, 650336, 650651, 650896, 651098, 651377, 651594, 651749, 651920, 652305, 652620, 652865, 653067, 653346, 653563, 653718, 653889, 654274, 654589, 654834, 655036, 655315, 655532, 655687, 655858, 656243, 656558, 656803, 657005, 657284, 657501, 657656, 657827, 658212, 658527, 658772, 658974, 659253, 659470, 659625, 659796, 660181, 660496, 660741, 660943, 661222, 661439, 661594, 661765, 662150, 662465, 662710, 662912, 663191, 663408, 663563, 663734, 664119, 664434, 664679, 664881, 665160, 665377, 665532, 665703, 666088, 666403, 666648, 666850, 667129, 667346, 667501, 667672, 668057, 668372, 668617, 668819, 669098, 669315, 669470, 669641, 670026, 670341, 670586, 670788, 671067, 671284, 671439, 671610, 671995, 672310, 672555, 672757, 673036, 673253, 673408, 673579, 673964, 674279, 674524, 674726, 675005, 675222, 675377, 675548, 675933, 676248, 676493, 676695, 676974, 677191, 677346, 677517, 677902, 678217, 678462, 678664, 678943, 679160, 679315, 679486, 679871, 680186, 680431, 680633, 680912, 681129, 681284, 681455, 681840, 682155, 682400, 682602, 682881, 683098, 683253, 683424, 683809, 684124, 684369, 684571, 684850, 685067, 685222, 685393, 685778, 686093, 686338, 686540, 686819, 687036, 687191, 687362, 687747, 688062, 688307, 688509, 688788, 689005, 689160, 689331, 689716, 690031, 690276, 690478, 690757, 690974, 691129, 691300, 691685, 692000, 692245, 692447, 692726, 692943, 693098, 693269, 693654, 693969, 694214, 694416, 694695, 694912, 695067, 695238, 695623, 695938, 696183, 696385, 696664, 696881, 697036, 697207, 697592, 697907, 698152, 698370, 698649, 698866, 699021, 699192, 699577, 699892, 700137, 700339, 700618, 700835, 700990, 701161, 701546, 701861, 702106, 702308, 702587, 702804, 702959, 703130, 703515, 703830, 704075, 704277, 704556, 704773, 704928, 705099, 705484, 705799, 706044, 706246, 706525, 706742, 706897, 707068, 707453, 707768, 708013, 708215, 708494, 708711, 708866, 709037, 709422, 709737, 709982, 710184, 710463, 710680, 710835, 711450, 711835, 712150, 712395, 712597, 712876, 713093, 713248, 713419, 713804, 714119, 714364, 714566, 714845, 715062, 715217, 715388, 715773, 716088, 716333, 716535, 716814, 717031, 717186, 717357, 717742, 718057, 718302, 718504, 718783, 719000, 719155, 719326, 719711, 720026, 720271, 720473, 720752, 720969, 721124, 721295, 721680, 721995, 722240, 722442, 722721, 722938, 723093, 723264, 723649, 723964, 724209, 724411, 724690, 724907, 725062, 725233, 725618, 725933, 726178, 726380, 726659, 726876, 727031, 727202, 727587, 727902, 728147, 728349, 728628, 728845, 729000, 729171, 729556, 729871, 730116, 730318, 730597, 730814, 730969, 731140, 731525, 731840, 732085, 732287, 732566, 732783, 732938, 733109, 733494, 733809, 734054, 734256, 734535, 734752, 734907, 735078, 735463, 735778, 736023, 736225, 736504, 736721, 736876, 737047, 737432, 737747, 737992, 738194, 738473, 738690, 738845, 739016, 739401, 739716, 739961, 740163, 740442, 740659, 740814, 740985, 741370, 741685, 741930, 742132, 742411, 742628, 742783, 742954, 743339, 743654, 743899, 744101, 744380, 744597, 744752, 744923, 745308, 745623, 745868, 746070, 746349, 746566, 746721, 746892, 747277, 747592, 747837, 748039, 748318, 748535, 748690, 748861, 749246, 749561, 749806, 750008, 750287, 750504, 750659, 750830, 751215, 751530, 751775, 751977, 752256, 752473, 752628, 752799, 753184, 753499, 753744, 753946, 754225, 754442, 754597, 754768, 755153, 755468, 755713, 755915, 756194, 756411, 756566, 756737, 757122, 757437, 757682, 757884, 758163, 758380, 758535, 758706, 759091, 759406, 759651, 759931, 760316, 760631, 760876, 761156, 761541, 761856, 762101, 762381, 762766, 763081, 763326, 763606, 763991, 764306, 764551, 764831, 765216, 765531, 765776, 766056, 766441, 766756, 767001, 767281, 767666, 767981, 768226, 768506, 768891, 769206, 769451, 769731, 770116, 770431, 770676, 770956, 771341, 771656, 771901, 772181, 772566, 772881, 773126, 773406, 773791, 774106, 774351, 774631, 775016, 775331, 775576, 775856, 776241, 776556, 776801, 777081, 777466, 777781, 778026, 778306, 778691, 779006, 779251, 779531, 779916, 780231, 780476, 780756, 781141, 781456, 781701, 781981, 782366, 782681, 782926, 783206, 783591, 783906, 784151, 784431, 784816, 785131, 785376, 785656, 786041, 786356, 786601, 786881, 787266, 787581, 787826, 788106, 788491, 788806, 789051, 789331, 789716, 790031, 790276, 790556, 790941, 791256, 791501, 791781, 792166, 792481, 792726, 793006, 793391, 793706, 793951, 794231, 794616, 794931, 795176, 795456, 795841, 796156, 796401, 796681, 797066, 797381, 797626, 797906, 798291, 798606, 798851, 799131, 799516, 799831, 800076, 800356, 800741, 801056, 801301, 801581, 801966, 802281, 802526, 802806, 803191, 803506, 803751, 804031, 804416, 804731, 804976, 805256, 805641, 805956, 806201, 806481, 806866, 807181, 807426, 807706, 808091, 808406, 808651, 808947, 809332, 809647, 809892, 810172, 810557, 810872, 811117, 811397, 811782, 812097, 812342, 812622, 813007, 813322, 813567, 813847, 814232, 814547, 814792, 815072, 815457, 815772, 816017, 816297, 816682, 816997, 817242, 817522, 817907, 818222, 818467, 818747, 819132, 819447, 819692, 819972, 820357, 820672, 820917, 821197, 821582, 821897, 822142, 822422, 822807, 823122, 823367, 823647, 824032, 824347, 824592, 824872, 825257, 825572, 825817, 826097, 826482, 826797, 827042, 827322, 827707, 828022, 828267, 828547, 828932, 829247, 829492, 829772, 830157, 830472, 830717, 830997, 831382, 831697, 831942, 832222, 832607, 832922, 833167, 833447, 833832, 834147, 834392, 834672, 835057, 835372, 835617, 835897, 836282, 836597, 836842, 837122, 837507, 837822, 838067, 838347, 838732, 839047, 839292, 839572, 839957, 840272, 840517, 840797, 841182, 841497, 841742, 842022, 842407, 842722, 842967, 843247, 843632, 843947, 844192, 844472, 844857, 845172, 845417, 845697, 846082, 846397, 846642, 846922, 847307, 847622, 847867, 848147, 848532, 848847, 849092, 849372, 849757, 850072, 850317, 850597, 850982, 851297, 851542, 851822, 852207, 852522, 852767, 853047, 853432, 853747, 853992, 854272, 854657, 854972, 855217, 855497, 855882, 856197, 856442, 856722, 857107, 857422, 857667, 857947, 858332, 858647, 858892, 859172, 859557, 859872, 860117, 860857, 861242, 861557, 861802, 862082, 862467, 862782, 863027, 863307, 863692, 864007, 864252, 864532, 864917, 865232, 865477, 865757, 866142, 866457, 866702, 866982, 867367, 867682, 867927, 868207, 868592, 868907, 869152, 869432, 869817, 870132, 870377, 870657, 871042, 871357, 871602, 871882, 872267, 872582, 872827, 873107, 873492, 873807, 874052, 874332, 874717, 875032, 875277, 875557, 875942, 876257, 876502, 876782, 877167, 877482, 877727, 878007, 878392, 878707, 878952, 879232, 879617, 879932, 880177, 880457, 880842, 881157, 881402, 881682, 882067, 882382, 882627, 882907, 883292, 883607, 883852, 884132, 884517, 884832, 885077, 885357, 885742, 886057, 886302, 886582, 886967, 887282, 887527, 887807, 888192, 888507, 888752, 889032, 889417, 889732, 889977, 896510, 897017, 897568, 898591, 899222, 902941, 903331, 903723, 906573, 906947, 910099, 910473, 913625, 913999, 917151, 917525, 918733, 919140, 919473, 919732, 920028, 920435, 920768, 921027, 921323, 921730, 922063, 922322, 922618, 923025, 923358, 923617, 923913, 924320, 924653, 924912, 925208, 925615, 925948, 926207, 926503, 926910, 927243, 927502, 927798, 928205, 928538, 928797, 929093, 929500, 929833, 930092, 930388, 930795, 931128, 931387, 931683, 932090, 932423, 932682, 932978, 933385, 933718, 933977, 934273, 934680, 935013, 935272, 935568, 935975, 936308, 936567, 936863, 937270, 937603, 937862, 938158, 938565, 938898, 939157, 939453, 939860, 940193, 940452, 940748, 941155, 941488, 941747, 942043, 942450, 942783, 943042, 943338, 943745, 944078, 944337, 944633, 945040, 945373, 945632, 945928, 946335, 946668, 946927, 947223, 947630, 947963, 948222, 948518, 948925, 949258, 949517, 949813, 950220, 950553, 950812, 951108, 951515, 951848, 952107, 952403, 952810, 953143, 953402, 953698, 954105, 954438, 954697, 954993, 955400, 955733, 955992, 956288, 956695, 957028, 957287, 957583, 957990, 958323, 958582, 958878, 959285, 959618, 959877, 960173, 960580, 960913, 961172, 961468, 961875, 962208, 962467, 962763, 963170, 963503, 963762, 964058, 964465, 964798, 965057, 965353, 965760, 966093, 966352, 966648, 967055, 967388, 967647, 967943, 968350, 968683, 968942, 969238, 969645, 969978, 970237, 970533, 970940, 971273, 971532, 971828, 972235, 972568, 972827, 973123, 973530, 973863, 974122, 974418, 974825, 975158, 975417, 975713, 976120, 976453, 976712, 977008, 977415, 977748, 978007, 978303, 978710, 979043, 979302, 979598, 980005, 980338, 980597, 980893, 981300, 981633, 981892, 982188, 982595, 982928, 983187, 983483, 983890, 984223, 984482, 984778, 985185, 985518, 985777, 986073, 986480, 986813, 987072, 987368, 987775, 988108, 988367, 988663, 989070, 989403, 989662, 989958, 990365, 990698, 990957, 991253, 991660, 991993, 992252, 992548, 992955, 993288, 993547, 993843, 994250, 994583, 994842, 995138, 995545, 995878, 996137, 996429, 996825, 997149, 997401, 997689, 998085, 998409, 998661, 998949, 999345, 999669, 999921, 1000209, 1000605, 1000929, 1001181, 1001469, 1001865, 1002189, 1002441, 1002729, 1003125, 1003449, 1003701, 1003989, 1004385, 1004709, 1004961, 1005249, 1005645, 1005969, 1006221, 1006509, 1006905, 1007229, 1007481, 1007769, 1008165, 1008489, 1008741, 1009029, 1009425, 1009749, 1010001, 1010289, 1010685, 1011009, 1011261, 1011549, 1011945, 1012269, 1012521, 1012809, 1013205, 1013529, 1013781, 1014069, 1014465, 1014789, 1015041, 1015329, 1015725, 1016049, 1016301, 1016589, 1016985, 1017309, 1017561, 1017849, 1018245, 1018569, 1018821, 1019109, 1019505, 1019829, 1020081, 1020369, 1020765, 1021089, 1021341, 1021629, 1022025, 1022349, 1022601, 1022889, 1023285, 1023609, 1023861, 1024149, 1024545, 1024869, 1025121, 1025409, 1025805, 1026129, 1026381, 1033440, 1033836, 1034160, 1034412, 1034700, 1035096, 1035420, 1035672, 1035960, 1036356, 1036680, 1036932, 1037220, 1037616, 1037940, 1038192, 1038398, 1038677, 1038894, 1039049, 1039142, 1039421, 1039638, 1039793, 1039886, 1040165, 1040382, 1040537, 1040712, 1041108, 1041432, 1041684, 1041972, 1042368, 1042692, 1042944, 1043232, 1043628, 1043952, 1044204, 1044492, 1044888, 1045212, 1045464, 1045670, 1045949, 1046166, 1046321, 1046414, 1046693, 1046910, 1047065, 1047158, 1047437, 1047654, 1047809, 1047984, 1048380, 1048704, 1048956, 1049244, 1049640, 1049964, 1050216, 1050504, 1050900, 1051224, 1051476, 1051764, 1052160, 1052484, 1052736, 1052942, 1053221, 1053438, 1053593, 1053686, 1053965, 1054182, 1054337, 1054430, 1054709, 1054926, 1055081, 1055256, 1055652, 1055976, 1056228, 1056516, 1056912, 1057236, 1057488, 1057776, 1058172, 1058496, 1058748, 1059036, 1059432, 1059756, 1060008, 1060214, 1060493, 1060710, 1060865, 1060958, 1061237, 1061454, 1061609, 1061702, 1061981, 1062198, 1062353, 1062528, 1062924, 1063248, 1063500, 1063788, 1064184, 1064508, 1064760, 1065048, 1065444, 1065768, 1066020, 1066308, 1066704, 1067028, 1067280, 1067486, 1067765, 1067982, 1068137, 1068230, 1068509, 1068726, 1068881, 1068974, 1069253, 1069470, 1069625, 1069800, 1070196, 1070520, 1070772, 1071060, 1071456, 1071780, 1072032, 1072320, 1072716, 1073040, 1073292, 1073580, 1073976, 1074300, 1074552, 1074758, 1075037, 1075254, 1075409, 1075502, 1075781, 1075998, 1076153, 1076246, 1076525, 1076742, 1076897, 1077072, 1077468, 1077792, 1078044, 1078332, 1078728, 1079052, 1079304, 1079592, 1079988, 1080312, 1080564, 1080852, 1081248, 1081572, 1081824, 1082030, 1082309, 1082526, 1082681, 1082774, 1083053, 1083270, 1083425, 1083518, 1083797, 1084014, 1084169, 1084344, 1084740, 1085064, 1085316, 1085604, 1086000, 1086324, 1086576, 1086864, 1087260, 1087584, 1087836, 1088124, 1088520, 1088844, 1089096, 1089302, 1089581, 1089798, 1089953, 1090046, 1090325, 1090542, 1090697, 1090790, 1091069, 1091286, 1091441, 1091616, 1092012, 1092336, 1092588, 1092876, 1093272, 1093596, 1093848, 1094136, 1094532, 1094856, 1095108, 1095396, 1095792, 1096116, 1096368, 1096574, 1096853, 1097070, 1097225, 1097318, 1097597, 1097814, 1097969, 1098062, 1098341, 1098558, 1098713, 1098888, 1099284, 1099608, 1099860, 1100148, 1100544, 1100868, 1101120, 1101408, 1101804, 1102128, 1102380, 1102668, 1103064, 1103388, 1103640, 1103846, 1104125, 1104342, 1104497, 1104590, 1104869, 1105086, 1105241, 1105334, 1105613, 1105830, 1105985, 1106160, 1106556, 1106880, 1107132, 1107420, 1107816, 1108140, 1108392, 1108680, 1109076, 1109400, 1109652, 1109940, 1110336, 1110660, 1110912, 1111118, 1111397, 1111614, 1111769, 1111862, 1112141, 1112358, 1112513, 1112606, 1112885, 1113102, 1113257, 1113432, 1113828, 1114152, 1114404, 1114692, 1115088, 1115412, 1115664, 1115952, 1116348, 1116672, 1116924, 1117212, 1117608, 1117932, 1118184, 1118390, 1118669, 1118886, 1119041, 1119134, 1119413, 1119630, 1119785, 1119878, 1120157, 1120374, 1120529, 1120704, 1121100, 1121424, 1121676, 1121964, 1122360, 1122684, 1122936, 1123224, 1123620, 1123944, 1124196, 1124484, 1124880, 1125204, 1125456, 1125662, 1125941, 1126158, 1126313, 1126406, 1126685, 1126902, 1127057, 1127150, 1127429, 1127646, 1127801, 1127976, 1128372, 1128696, 1128948, 1129236, 1129632, 1129956, 1130208, 1130496, 1130892, 1131216, 1131468, 1131756, 1132152, 1132476, 1132728, 1132934, 1133213, 1133430, 1133585, 1133678, 1133957, 1134174, 1134329, 1134422, 1134701, 1134918, 1135073, 1135248, 1135644, 1135968, 1136220, 1136508, 1136904, 1137228, 1137480, 1137768, 1138164, 1138488, 1138740, 1139028, 1139424, 1139748, 1140000, 1140206, 1140485, 1140702, 1140857, 1140950, 1141229, 1141446, 1141601, 1141694, 1141973, 1142190, 1142345, 1142520, 1142916, 1143240, 1143492, 1143780, 1144176, 1144500, 1144752, 1145040, 1145436, 1145760, 1146012, 1146300, 1146696, 1147020, 1147272, 1147478, 1147757, 1147974, 1148129, 1148222, 1148501, 1148718, 1148873, 1148966, 1149245, 1149462, 1149617, 1149792, 1150188, 1150512, 1150764, 1151052, 1151448, 1151772, 1152024, 1152312, 1152708, 1153032, 1153284, 1153572, 1153968, 1154292, 1154544, 1154750, 1155029, 1155246, 1155401, 1155494, 1155773, 1155990, 1156145, 1156238, 1156517, 1156734, 1156889, 1157064, 1157460, 1157784, 1158036, 1158324, 1158720, 1159044, 1159296, 1159584, 1159980, 1160304, 1160556, 1160844, 1161240, 1161564, 1161816, 1162022, 1162301, 1162518, 1162673, 1162766, 1163045, 1163262, 1163417, 1163510, 1163789, 1164006, 1164161, 1164336, 1164732, 1165056, 1165308, 1165596, 1165992, 1166316, 1166568, 1166856, 1167252, 1167576, 1167828, 1168116, 1168512, 1168836, 1169088, 1169294, 1169573, 1169790, 1169945, 1170038, 1170317, 1170534, 1170689, 1170782, 1171061, 1171278, 1171433, 1171608, 1172004, 1172328, 1172580, 1172868, 1173264, 1173588, 1173840, 1174128, 1174524, 1174848, 1175100, 1175388, 1175784, 1176108, 1176360, 1176566, 1176845, 1177062, 1177217, 1177310, 1177589, 1177806, 1177961, 1178054, 1178333, 1178550, 1178705, 1185990, 1186484, 1187021, 1188018, 1188633, 1192324, 1192704, 1193086, 1195922, 1196296, 1198116, 1198523, 1198856, 1199115, 1201411, 1201795, 1205637, 1206021, 1207863, 1208270, 1208603, 1208862, 1209158, 1209565, 1209898, 1210157, 1210453, 1210860, 1211193, 1211452, 1211752, 1212170, 1212512, 1212778, 1213078, 1213485, 1213818, 1214077, 1214373, 1214780, 1215113, 1215372, 1215668, 1216075, 1216408, 1216667, 1216963, 1217370, 1217703, 1217962, 1218258, 1218665, 1218998, 1219257, 1219553, 1219960, 1220293, 1220552, 1220848, 1221255, 1221588, 1221847, 1222143, 1222550, 1222883, 1223142, 1223438, 1223845, 1224178, 1224437, 1224737, 1225155, 1225497, 1225763, 1226063, 1226470, 1226803, 1227062, 1227358, 1227765, 1228098, 1228357, 1228653, 1229060, 1229393, 1229652, 1229952, 1230370, 1230712, 1230978, 1231282, 1231700, 1232042, 1232308, 1232608, 1233015, 1233348, 1233607, 1239991, 1240485, 1241022, 1242019, 1242634, 1246325, 1246705, 1247087, 1249923, 1250297, 1252117, 1252524, 1252857, 1253116, 1253412, 1253819, 1254152, 1254411, 1254707, 1255114, 1255447, 1255706, 1256002, 1256409, 1256742, 1257001, 1257297, 1257704, 1258037, 1258296, 1264410, 1264904, 1265441, 1266438, 1267053, 1270694, 1271074, 1271456, 1274236, 1274600, 1276394, 1276790, 1277114, 1277366, 1279546, 1279910, 1281704, 1282100, 1282424, 1282676, 1282964, 1283360, 1283684, 1283936, 1284224, 1284620, 1284944, 1285196, 1285484, 1285880, 1286204, 1286456, 1286744, 1287140, 1287464, 1287716, 1293990, 1294484, 1295021, 1296018, 1296633, 1300324, 1300704, 1301086, 1303922, 1304296, 1311982, 1312476, 1313013, 1314010, 1314625, 1318266, 1318646, 1319028, 1321920, 1322304, 1324146, 1324553, 1324886, 1325145, 1325441, 1325848, 1326181, 1326440, 1326740, 1327158, 1327500, 1327766, 1333980, 1334474, 1335011, 1336008, 1336623, 1340264, 1340644, 1341026, 1343862, 1344236, 1345444, 1345851, 1346184, 1346443, 1346739, 1347146, 1347479, 1347738, 1353584, 1354078, 1354615, 1355612, 1356227, 1359868, 1360248, 1360630, 1363410, 1363774, 1365568, 1365964, 1366288, 1366540, 1366828, 1367224, 1367548, 1367800, 1368088, 1368484, 1368808, 1369060, 1371240, 1371604, 1373398, 1373794, 1374118, 1374370, 1374658, 1375054, 1375378, 1375630, 1375918, 1376314, 1376638, 1376890, 1377178, 1377574, 1377898, 1378150, 1378438, 1378834, 1379158, 1379410, 1379698, 1380094, 1380418, 1380670, 1380958, 1381354, 1381678, 1381930, 1382218, 1382614, 1382938, 1383190, 1383478, 1383874, 1384198, 1384450, 1384738, 1385134, 1385458, 1385710, 1385998, 1386394, 1386718, 1386970, 1387258, 1387654, 1387978, 1388230, 1388518, 1388914, 1389238, 1389490, 1389778, 1390174, 1390498, 1390750, 1391038, 1391434, 1391758, 1392010, 1392298, 1392694, 1393018, 1393270, 1399274, 1399768, 1400305, 1401302, 1401917, 1405558, 1405938, 1406320, 1409156, 1409530, 1410738, 1411145, 1411478, 1411737, 1412093, 1412500, 1412833, 1413092, 1419092, 1419586, 1420123, 1421120, 1421735, 1425376, 1425756, 1426138, 1428806, 1429150, 1430280, 1430654, 1430960, 1431198, 1431466, 1431829, 1432126, 1432357, 1432625, 1432999, 1433305, 1433543, 1433811, 1434174, 1434471, 1434702]"
"('Description.java', 'org.junit.runner.Description', 'methodAndClassNamePatternGroupOrDefault', '([\\s\\S]*)\\((.*)\\)', 'testMergeSort(com.salesforce.phoenix.iterate.MergeSortResultIteratorTest)')","[15374, 53616]"
"('HTableDescriptor.java', 'org.apache.hadoop.hbase.HTableDescriptor', 'addCoprocessor', '^coprocessor\\$([0-9]+)$', 'IS_META')","[80551, 81102, 81850, 82795, 84720, 86413, 87410, 87843, 88473, 89300, 90714, 91142, 91531, 92097, 92840, 94076, 107679, 108230, 108978, 109923, 111848, 113541, 114503, 114936, 115566, 116393, 117807, 118229, 118629, 119211, 119975, 121245, 122320, 122773, 123388, 124165, 894149, 894700, 895448, 896393, 898318, 900011, 900973, 901406, 902036, 902863, 904277, 904705, 905116, 905714, 906499, 907803, 908231, 908642, 909240, 910025, 911329, 911757, 912168, 912766, 913551, 914855, 915283, 915694, 916292, 917077, 918381, 1026776, 1027215, 1027811, 1028564, 1029033, 1029472, 1030068, 1030821, 1031290, 1031729, 1032325, 1033078, 1183689, 1184226, 1184955, 1185876, 1187752, 1189402, 1190406, 1190828, 1191442, 1192248, 1193626, 1194054, 1194465, 1195063, 1195848, 1197152, 1199493, 1199915, 1200529, 1201335, 1202673, 1203719, 1204141, 1204755, 1205561, 1206899, 1237690, 1238227, 1238956, 1239877, 1241753, 1243403, 1244407, 1244829, 1245443, 1246249, 1247627, 1248055, 1248466, 1249064, 1249849, 1251153, 1262109, 1262646, 1263375, 1264296, 1266172, 1267822, 1268776, 1269198, 1269812, 1270618, 1271996, 1272418, 1272818, 1273400, 1274164, 1275434, 1277728, 1278128, 1278710, 1279474, 1280744, 1291689, 1292226, 1292955, 1293876, 1295752, 1297402, 1298406, 1298828, 1299442, 1300248, 1301626, 1302054, 1302465, 1303063, 1303848, 1305152, 1309681, 1310218, 1310947, 1311868, 1313744, 1315394, 1316348, 1316770, 1317384, 1318190, 1319568, 1320002, 1320424, 1321038, 1321844, 1323182, 1331679, 1332216, 1332945, 1333866, 1335742, 1337392, 1338346, 1338768, 1339382, 1340188, 1341566, 1341994, 1342405, 1343003, 1343788, 1345092, 1351283, 1351820, 1352549, 1353470, 1355346, 1356996, 1357950, 1358372, 1358986, 1359792, 1361170, 1361592, 1361992, 1362574, 1363338, 1364608, 1369422, 1369822, 1370404, 1371168, 1372438, 1396973, 1397510, 1398239, 1399160, 1401036, 1402686, 1403640, 1404062, 1404676, 1405482, 1406860, 1407288, 1407699, 1408297, 1409082, 1410386, 1416791, 1417328, 1418057, 1418978, 1420854, 1422504, 1423458, 1423880, 1424494, 1425300, 1426678, 1427088, 1427466, 1428016, 1428738, 1429940]"
"('Description.java', 'org.junit.runner.Description', 'methodAndClassNamePatternGroupOrDefault', '([\\s\\S]*)\\((.*)\\)', 'com.salesforce.hbase.index.covered.TestCoveredColumns')",[39966]
"('Description.java', 'org.junit.runner.Description', 'methodAndClassNamePatternGroupOrDefault', '([\\s\\S]*)\\((.*)\\)', 'testDateAdditionExpressionMetaData1(com.salesforce.phoenix.compile.QueryMetaDataTest)')","[18328, 56432]"
"('Description.java', 'org.junit.runner.Description', 'methodAndClassNamePatternGroupOrDefault', '([\\s\\S]*)\\((.*)\\)', 'test[ScanRanges[[[a], [1], [[A - B]]]] [a1C - *)](com.salesforce.phoenix.compile.ScanRangesTest)')","[3657, 42399]"
"('Description.java', 'org.junit.runner.Description', 'methodAndClassNamePatternGroupOrDefault', '([\\s\\S]*)\\((.*)\\)', '[ScanRanges[[[(b - c]]]] [ba - bb]]')",[2314]
"('Description.java', 'org.junit.runner.Description', 'methodAndClassNamePatternGroupOrDefault', '([\\s\\S]*)\\((.*)\\)', 'testGroupedLimitedAggregation[CREATE INDEX ATABLE_IDX ON aTable (a_integer DESC) INCLUDE (    A_STRING,     B_STRING,     A_DATE)](com.salesforce.phoenix.end2end.QueryTest)')","[6431, 44883]"
"('Description.java', 'org.junit.runner.Description', 'methodAndClassNamePatternGroupOrDefault', '([\\s\\S]*)\\((.*)\\)', 'testTypeMismatch(com.salesforce.phoenix.compile.WhereClauseCompileTest)')","[23730, 61932]"
"('Description.java', 'org.junit.runner.Description', 'methodAndClassNamePatternGroupOrDefault', '([\\s\\S]*)\\((.*)\\)', 'testNoParameterMetaData(com.salesforce.phoenix.compile.QueryMetaDataTest)')","[18391, 56498]"
"('Description.java', 'org.junit.runner.Description', 'methodAndClassNamePatternGroupOrDefault', '([\\s\\S]*)\\((.*)\\)', 'testSelectNextValueFor(com.salesforce.phoenix.end2end.SequenceTest)')","[29866, 67564]"
"('Description.java', 'org.junit.runner.Description', 'methodAndClassNamePatternGroupOrDefault', '([\\s\\S]*)\\((.*)\\)', 'testToNumberFilterWithPatternParam(com.salesforce.phoenix.compile.WhereClauseCompileTest)')","[23331, 61514]"
"('Description.java', 'org.junit.runner.Description', 'methodAndClassNamePatternGroupOrDefault', '([\\s\\S]*)\\((.*)\\)', 'testTenantSpecificAndParentTablesMayBeInDifferentSchemas(com.salesforce.phoenix.end2end.TenantSpecificTablesDDLTest)')","[36118, 73636]"
"('Description.java', 'org.junit.runner.Description', 'methodAndClassNamePatternGroupOrDefault', '([\\s\\S]*)\\((.*)\\)', 'sumDescCompositePK(com.salesforce.phoenix.end2end.DescColumnSortOrderTest)')","[28799, 66486]"
"('Description.java', 'org.junit.runner.Description', 'methodAndClassNamePatternGroupOrDefault', '([\\s\\S]*)\\((.*)\\)', 'testNoWhereScan[](com.salesforce.phoenix.end2end.QueryTest)')","[12704, 51093]"
"('Description.java', 'org.junit.runner.Description', 'methodAndClassNamePatternGroupOrDefault', '([\\s\\S]*)\\((.*)\\)', 'test[[[[abc - def], [dzz - xyz)], [[AA - AB)], [[AA - AB)], [[AA - AB)], [[AA - AB)]] [I@335920fa [rowkey=defAAABABAB, expected seek next using hint: dzzAAAAAAAA, rowkey=xyyABABABAB, expected finished]](com.salesforce.phoenix.filter.SkipScanFilterTest)')","[979, 41019]"
"('Description.java', 'org.junit.runner.Description', 'methodAndClassNamePatternGroupOrDefault', '([\\s\\S]*)\\((.*)\\)', 'com.salesforce.phoenix.schema.ValueBitSetTest')",[36904]
"('Description.java', 'org.junit.runner.Description', 'methodAndClassNamePatternGroupOrDefault', '([\\s\\S]*)\\((.*)\\)', 'testDefaultConfigurationFactory(com.salesforce.phoenix.query.HBaseFactoryProviderTest)')","[24331, 62482]"
"('Description.java', 'org.junit.runner.Description', 'methodAndClassNamePatternGroupOrDefault', '([\\s\\S]*)\\((.*)\\)', 'testQuoteEscapeQuery(com.salesforce.phoenix.parse.QueryParserTest)')","[16536, 54694]"
"('Description.java', 'org.junit.runner.Description', 'methodAndClassNamePatternGroupOrDefault', '([\\s\\S]*)\\((.*)\\)', 'testMultiColumnGTScanKey(com.salesforce.phoenix.end2end.VariableLengthPKTest)')","[32219, 69830]"
"('Description.java', 'org.junit.runner.Description', 'methodAndClassNamePatternGroupOrDefault', '([\\s\\S]*)\\((.*)\\)', 'testMultiPKDef(com.salesforce.phoenix.compile.QueryCompileTest)')","[22409, 60568]"
"('Description.java', 'org.junit.runner.Description', 'methodAndClassNamePatternGroupOrDefault', '([\\s\\S]*)\\((.*)\\)', 'com.salesforce.phoenix.end2end.index.IndexMetadataTest')",[28349]
"('Description.java', 'org.junit.runner.Description', 'methodAndClassNamePatternGroupOrDefault', '([\\s\\S]*)\\((.*)\\)', 'testCorrectOrderingWithLazyLoadingColumns(com.salesforce.hbase.index.covered.TestLocalTableState)')","[39886, 77046]"
"('Description.java', 'org.junit.runner.Description', 'methodAndClassNamePatternGroupOrDefault', '([\\s\\S]*)\\((.*)\\)', 'testArithmeticOnLong(com.salesforce.phoenix.schema.PDataTypeTest)')","[37698, 75132]"
"('Description.java', 'org.junit.runner.Description', 'methodAndClassNamePatternGroupOrDefault', '([\\s\\S]*)\\((.*)\\)', 'testCompareLongLTEDecimal2(com.salesforce.phoenix.end2end.CompareDecimalToLongTest)')","[26258, 64242]"
"('Description.java', 'org.junit.runner.Description', 'methodAndClassNamePatternGroupOrDefault', '([\\s\\S]*)\\((.*)\\)', 'testMultipleSequenceValues(com.salesforce.phoenix.end2end.SequenceTest)')","[29761, 67454]"
"('Description.java', 'org.junit.runner.Description', 'methodAndClassNamePatternGroupOrDefault', '([\\s\\S]*)\\((.*)\\)', 'testMultiOrderByExpr(com.salesforce.phoenix.end2end.OrderByTest)')","[36534, 74032]"
"('Description.java', 'org.junit.runner.Description', 'methodAndClassNamePatternGroupOrDefault', '([\\s\\S]*)\\((.*)\\)', 'testUsingNonComparableDataTypesOfLiteralOnRHSAndRowValueConstructorFails(com.salesforce.phoenix.compile.QueryCompileTest)')","[22976, 61162]"
"('Description.java', 'org.junit.runner.Description', 'methodAndClassNamePatternGroupOrDefault', '([\\s\\S]*)\\((.*)\\)', 'com.salesforce.phoenix.iterate.AggregateResultScannerTest')","[15313, 1179991]"
"('Description.java', 'org.junit.runner.Description', 'methodAndClassNamePatternGroupOrDefault', '([\\s\\S]*)\\((.*)\\)', 'noOrderCompositePK(com.salesforce.phoenix.end2end.DescColumnSortOrderTest)')","[29156, 66860]"
"('Description.java', 'org.junit.runner.Description', 'methodAndClassNamePatternGroupOrDefault', '([\\s\\S]*)\\((.*)\\)', 'testNotEqualsByFloat[CREATE INDEX ATABLE_IDX ON aTable (a_integer) INCLUDE (    A_STRING,     B_STRING,     A_DATE)](com.salesforce.phoenix.end2end.QueryTest)')","[10153, 48563]"
"('Description.java', 'org.junit.runner.Description', 'methodAndClassNamePatternGroupOrDefault', '([\\s\\S]*)\\((.*)\\)', 'testIntAddExpression[](com.salesforce.phoenix.end2end.QueryTest)')","[12773, 51162]"
"('Description.java', 'org.junit.runner.Description', 'methodAndClassNamePatternGroupOrDefault', '([\\s\\S]*)\\((.*)\\)', 'testParseJoin1(com.salesforce.phoenix.parse.QueryParserTest)')","[16137, 54276]"
"('StoreFile.java', 'org.apache.hadoop.hbase.regionserver.StoreFile', 'isHFile', '^([0-9a-f]+(?:_SeqId_[0-9]+_)?)', '3bb129381ac0483c993a4d16c70d5cef')","[1178789, 1178842]"
"('Description.java', 'org.junit.runner.Description', 'methodAndClassNamePatternGroupOrDefault', '([\\s\\S]*)\\((.*)\\)', 'testTypeMismatchToDateFunctionBind(com.salesforce.phoenix.end2end.ExtendedQueryExecTest)')","[28656, 66376]"
"('StoreFile.java', 'org.apache.hadoop.hbase.regionserver.StoreFile', 'isReference', '^([0-9a-f]+(?:_SeqId_[0-9]+_)?|(?:[a-zA-Z_0-9][a-zA-Z_0-9.-]*)=(?:[a-f0-9]+)-[0-9a-f]+(?:_SeqId_[0-9]+_)?)\\.(.+)$', '7f5a4ae14c7042eeadb0b83b86f3de3a')","[890259, 890312]"
"('Description.java', 'org.junit.runner.Description', 'methodAndClassNamePatternGroupOrDefault', '([\\s\\S]*)\\((.*)\\)', 'testStatementReadIsolationLevel(com.salesforce.phoenix.end2end.ReadIsolationLevelTest)')","[30114, 67784]"
"('Description.java', 'org.junit.runner.Description', 'methodAndClassNamePatternGroupOrDefault', '([\\s\\S]*)\\((.*)\\)', 'testRoundingUpDecimal(com.salesforce.phoenix.end2end.RoundFloorCeilFunctionsEnd2EndTest)')","[35786, 73328]"
"('Description.java', 'org.junit.runner.Description', 'methodAndClassNamePatternGroupOrDefault', '([\\s\\S]*)\\((.*)\\)', 'testRowKeyMultiIn[CREATE INDEX ATABLE_IDX ON aTable (a_integer) INCLUDE (    A_STRING,     B_STRING,     A_DATE)](com.salesforce.phoenix.end2end.QueryTest)')","[10475, 48885]"
"('Description.java', 'org.junit.runner.Description', 'methodAndClassNamePatternGroupOrDefault', '([\\s\\S]*)\\((.*)\\)', 'testLowerBoundRangeScan[CREATE INDEX ATABLE_IDX ON aTable (a_integer DESC) INCLUDE (    A_STRING,     B_STRING,     A_DATE)](com.salesforce.phoenix.end2end.QueryTest)')","[5212, 43664]"
"('Description.java', 'org.junit.runner.Description', 'methodAndClassNamePatternGroupOrDefault', '([\\s\\S]*)\\((.*)\\)', 'testConstantDivideExpression[CREATE INDEX ATABLE_IDX ON aTable (a_integer DESC) INCLUDE (    A_STRING,     B_STRING,     A_DATE)](com.salesforce.phoenix.end2end.QueryTest)')","[6408, 44860]"
"('Description.java', 'org.junit.runner.Description', 'methodAndClassNamePatternGroupOrDefault', '([\\s\\S]*)\\((.*)\\)', 'testSimpleDeletes(com.salesforce.hbase.index.covered.example.TestEndtoEndIndexingWithCompression)')","[38919, 76232]"
"('HFileLink.java', 'org.apache.hadoop.hbase.io.HFileLink', 'isHFileLink', '^((?:[a-zA-Z_0-9][a-zA-Z_0-9.-]*))=((?:[a-f0-9]+))-([0-9a-f]+(?:_SeqId_[0-9]+_)?)$', '3819d3dcf998429197e711323a71b973')","[1306516, 1306569]"
"('Description.java', 'org.junit.runner.Description', 'methodAndClassNamePatternGroupOrDefault', '([\\s\\S]*)\\((.*)\\)', 'testTimestamp[](com.salesforce.phoenix.end2end.QueryTest)')","[13118, 51507]"
"('Description.java', 'org.junit.runner.Description', 'methodAndClassNamePatternGroupOrDefault', '([\\s\\S]*)\\((.*)\\)', '[ScanRanges[[[b]]] a]')",[2622]
"('Description.java', 'org.junit.runner.Description', 'methodAndClassNamePatternGroupOrDefault', '([\\s\\S]*)\\((.*)\\)', 'testNullReverse(com.salesforce.phoenix.end2end.ReverseFunctionTest)')","[27088, 65012]"
"('HFileLink.java', 'org.apache.hadoop.hbase.io.HFileLink', 'isHFileLink', '^((?:[a-zA-Z_0-9][a-zA-Z_0-9.-]*))=((?:[a-f0-9]+))-([0-9a-f]+(?:_SeqId_[0-9]+_)?)$', 'ec0090a84103444c81cb173af11a1c15')","[499557, 499597]"
"('StoreFile.java', 'org.apache.hadoop.hbase.regionserver.StoreFile', 'isHFile', '^([0-9a-f]+(?:_SeqId_[0-9]+_)?)', '33122f4c6b7245c7bb4bbec12529e09f')","[287548, 287586]"
"('Description.java', 'org.junit.runner.Description', 'methodAndClassNamePatternGroupOrDefault', '([\\s\\S]*)\\((.*)\\)', 'testResetFilter(com.salesforce.hbase.index.covered.filter.TestFamilyOnlyFilter)')","[39516, 76738]"
"('Description.java', 'org.junit.runner.Description', 'methodAndClassNamePatternGroupOrDefault', '([\\s\\S]*)\\((.*)\\)', 'testCountDistinctQuery(com.salesforce.phoenix.parse.QueryParserTest)')","[16935, 55112]"
"('Description.java', 'org.junit.runner.Description', 'methodAndClassNamePatternGroupOrDefault', '([\\s\\S]*)\\((.*)\\)', 'test[ScanRanges[[[b], [1], [B]]] [b1A - b1B)](com.salesforce.phoenix.compile.ScanRangesTest)')","[2777, 41939]"
"('Description.java', 'org.junit.runner.Description', 'methodAndClassNamePatternGroupOrDefault', '([\\s\\S]*)\\((.*)\\)', 'testCompareLongLTDecimal2(com.salesforce.phoenix.end2end.CompareDecimalToLongTest)')","[26363, 64352]"
"('StoreFile.java', 'org.apache.hadoop.hbase.regionserver.StoreFile', 'isReference', '^([0-9a-f]+(?:_SeqId_[0-9]+_)?|(?:[a-zA-Z_0-9][a-zA-Z_0-9.-]*)=(?:[a-f0-9]+)-[0-9a-f]+(?:_SeqId_[0-9]+_)?)\\.(.+)$', 'b0d74d3f04494ae59aa34d03f0e27590')","[1288214, 1288267]"
"('Description.java', 'org.junit.runner.Description', 'methodAndClassNamePatternGroupOrDefault', '([\\s\\S]*)\\((.*)\\)', 'test[[[b, [c - e]], [1, [2 - 4]], [B, [C - E]]] [[b], [[2 - 4]], [B, [C - E]]]](com.salesforce.phoenix.filter.SkipScanFilterIntersectTest)')","[1658, 41364]"
"('Description.java', 'org.junit.runner.Description', 'methodAndClassNamePatternGroupOrDefault', '([\\s\\S]*)\\((.*)\\)', 'testLongArithmeticMetaData(com.salesforce.phoenix.compile.QueryMetaDataTest)')","[18307, 56410]"
"('Description.java', 'org.junit.runner.Description', 'methodAndClassNamePatternGroupOrDefault', '([\\s\\S]*)\\((.*)\\)', 'testNonBooleanWhereExpression(com.salesforce.phoenix.compile.QueryCompileTest)')","[21947, 60084]"
"('Description.java', 'org.junit.runner.Description', 'methodAndClassNamePatternGroupOrDefault', '([\\s\\S]*)\\((.*)\\)', 'testDecimalMultiplication(com.salesforce.phoenix.arithmetic.ArithmeticOperationTest)')","[15456, 53682]"
"('Description.java', 'org.junit.runner.Description', 'methodAndClassNamePatternGroupOrDefault', '([\\s\\S]*)\\((.*)\\)', 'testJoinWithGlobalTable(com.salesforce.phoenix.end2end.TenantSpecificTablesDMLTest)')","[30839, 68444]"
"('Description.java', 'org.junit.runner.Description', 'methodAndClassNamePatternGroupOrDefault', '([\\s\\S]*)\\((.*)\\)', 'testPointInTimeDeleteUngroupedAggregation[CREATE INDEX ATABLE_IDX ON aTable (a_integer, a_string) INCLUDE (    B_STRING,     A_DATE)](com.salesforce.phoenix.end2end.QueryTest)')","[8936, 47367]"
"('Description.java', 'org.junit.runner.Description', 'methodAndClassNamePatternGroupOrDefault', '([\\s\\S]*)\\((.*)\\)', 'testCountIsNotNull[CREATE INDEX ATABLE_IDX ON aTable (a_integer, a_string) INCLUDE (    B_STRING,     A_DATE)](com.salesforce.phoenix.end2end.QueryTest)')","[9051, 47482]"
"('Description.java', 'org.junit.runner.Description', 'methodAndClassNamePatternGroupOrDefault', '([\\s\\S]*)\\((.*)\\)', 'testColumnOnBothSides[CREATE INDEX ATABLE_IDX ON aTable (a_integer) INCLUDE (    A_STRING,     B_STRING,     A_DATE)](com.salesforce.phoenix.end2end.QueryTest)')","[11096, 49506]"
"('Description.java', 'org.junit.runner.Description', 'methodAndClassNamePatternGroupOrDefault', '([\\s\\S]*)\\((.*)\\)', 'lTrimDescCompositePK(com.salesforce.phoenix.end2end.DescColumnSortOrderTest)')","[29240, 66948]"
"('Description.java', 'org.junit.runner.Description', 'methodAndClassNamePatternGroupOrDefault', '([\\s\\S]*)\\((.*)\\)', 'testDeleteFromAllPKColumnIndex(com.salesforce.phoenix.end2end.index.ImmutableIndexTest)')","[28225, 66024]"
"('Description.java', 'org.junit.runner.Description', 'methodAndClassNamePatternGroupOrDefault', '([\\s\\S]*)\\((.*)\\)', 'com.salesforce.phoenix.end2end.QueryDatabaseMetaDataTest')",[27313]
"('HFileLink.java', 'org.apache.hadoop.hbase.io.HFileLink', 'isHFileLink', '^((?:[a-zA-Z_0-9][a-zA-Z_0-9.-]*))=((?:[a-f0-9]+))-([0-9a-f]+(?:_SeqId_[0-9]+_)?)$', '8fa77dcc0d5343c8b38bb31215246410')","[1328360, 1328413]"
"('Description.java', 'org.junit.runner.Description', 'methodAndClassNamePatternGroupOrDefault', '([\\s\\S]*)\\((.*)\\)', 'testBigIntPK(com.salesforce.phoenix.end2end.UpsertBigValuesTest)')","[36473, 73988]"
"('Description.java', 'org.junit.runner.Description', 'methodAndClassNamePatternGroupOrDefault', '([\\s\\S]*)\\((.*)\\)', 'testGetSplitsWithSkipScanFilter[ScanRanges[[[a, b], [1, 2], [A, [C - D], G]]] [[a1A - a1B), [a1B - a1E), [a1G - a1I), [a2A - *)]](com.salesforce.phoenix.end2end.SkipRangeParallelIteratorRegionSplitterTest)')","[4160, 42652]"
"('Description.java', 'org.junit.runner.Description', 'methodAndClassNamePatternGroupOrDefault', '([\\s\\S]*)\\((.*)\\)', 'testExplainPlan(com.salesforce.phoenix.compile.JoinQueryCompileTest)')","[24022, 62218]"
"('StoreFile.java', 'org.apache.hadoop.hbase.regionserver.StoreFile', 'isReference', '^([0-9a-f]+(?:_SeqId_[0-9]+_)?|(?:[a-zA-Z_0-9][a-zA-Z_0-9.-]*)=(?:[a-f0-9]+)-[0-9a-f]+(?:_SeqId_[0-9]+_)?)\\.(.+)$', 'd54eef8bca1240a5b2018cfeee04422b')","[1393450, 1393503]"
"('Description.java', 'org.junit.runner.Description', 'methodAndClassNamePatternGroupOrDefault', '([\\s\\S]*)\\((.*)\\)', 'testCreateTenantTableWithDifferentTypeId(com.salesforce.phoenix.end2end.TenantSpecificTablesDDLTest)')","[36307, 73834]"
"('Description.java', 'org.junit.runner.Description', 'methodAndClassNamePatternGroupOrDefault', '([\\s\\S]*)\\((.*)\\)', 'testPointInTimeDeleteUngroupedAggregation[CREATE INDEX ATABLE_IDX ON aTable (a_integer DESC) INCLUDE (    A_STRING,     B_STRING,     A_DATE)](com.salesforce.phoenix.end2end.QueryTest)')","[6454, 44906]"
"('Description.java', 'org.junit.runner.Description', 'methodAndClassNamePatternGroupOrDefault', '([\\s\\S]*)\\((.*)\\)', 'testScanByShortValue[CREATE INDEX ATABLE_IDX ON aTable (a_integer, a_string) INCLUDE (    B_STRING,     A_DATE)](com.salesforce.phoenix.end2end.QueryTest)')","[8016, 46447]"
"('Description.java', 'org.junit.runner.Description', 'methodAndClassNamePatternGroupOrDefault', '([\\s\\S]*)\\((.*)\\)', 'testNullMultiCondCaseStatement[](com.salesforce.phoenix.end2end.QueryTest)')","[13785, 52174]"
"('Description.java', 'org.junit.runner.Description', 'methodAndClassNamePatternGroupOrDefault', '([\\s\\S]*)\\((.*)\\)', 'toDate(com.salesforce.phoenix.expression.DescColumnSortOrderExpressionTest)')","[17393, 55552]"
"('Description.java', 'org.junit.runner.Description', 'methodAndClassNamePatternGroupOrDefault', '([\\s\\S]*)\\((.*)\\)', 'testToDateWithFormatOnDate(com.salesforce.phoenix.end2end.VariableLengthPKTest)')","[31925, 69522]"
"('Description.java', 'org.junit.runner.Description', 'methodAndClassNamePatternGroupOrDefault', '([\\s\\S]*)\\((.*)\\)', 'com.salesforce.phoenix.end2end.DynamicUpsertTest')",[27147]
"('Description.java', 'org.junit.runner.Description', 'methodAndClassNamePatternGroupOrDefault', '([\\s\\S]*)\\((.*)\\)', 'testMultiRVCExpressionsCombinedWithAnd(com.salesforce.phoenix.compile.WhereClauseOptimizerTest)')","[19876, 57994]"
"('Description.java', 'org.junit.runner.Description', 'methodAndClassNamePatternGroupOrDefault', '([\\s\\S]*)\\((.*)\\)', 'testRowValueConstructorOnRHSLiteralExpressionOnLHS(com.salesforce.phoenix.end2end.RowValueConstructorTest)')","[24560, 62702]"
"('Description.java', 'org.junit.runner.Description', 'methodAndClassNamePatternGroupOrDefault', '([\\s\\S]*)\\((.*)\\)', 'testMultipleUpdatesAcrossRegions(com.salesforce.phoenix.end2end.index.MutableIndexTest)')","[27998, 65826]"
"('Description.java', 'org.junit.runner.Description', 'methodAndClassNamePatternGroupOrDefault', '([\\s\\S]*)\\((.*)\\)', 'testUngroupedAggregation[CREATE INDEX ATABLE_IDX ON aTable (a_integer DESC) INCLUDE (    A_STRING,     B_STRING,     A_DATE)](com.salesforce.phoenix.end2end.QueryTest)')","[6086, 44538]"
"('Description.java', 'org.junit.runner.Description', 'methodAndClassNamePatternGroupOrDefault', '([\\s\\S]*)\\((.*)\\)', 'testTooLongKVColumn(com.salesforce.phoenix.end2end.VariableLengthPKTest)')","[32135, 69742]"
"('Description.java', 'org.junit.runner.Description', 'methodAndClassNamePatternGroupOrDefault', '([\\s\\S]*)\\((.*)\\)', 'testAliasedFunkyNames(com.salesforce.phoenix.end2end.FunkyNamesTest)')","[32530, 70116]"
"('Description.java', 'org.junit.runner.Description', 'methodAndClassNamePatternGroupOrDefault', '([\\s\\S]*)\\((.*)\\)', 'testJoinWithPostFilters[[Ljava.lang.String;@26a6d290](com.salesforce.phoenix.end2end.HashJoinTest)')","[14262, 52611]"
"('Description.java', 'org.junit.runner.Description', 'methodAndClassNamePatternGroupOrDefault', '([\\s\\S]*)\\((.*)\\)', 'testFloorDecimal(com.salesforce.phoenix.end2end.RoundFloorCeilFunctionsEnd2EndTest)')","[35807, 73350]"
"('StoreFile.java', 'org.apache.hadoop.hbase.regionserver.StoreFile', 'isHFile', '^([0-9a-f]+(?:_SeqId_[0-9]+_)?)', 'c648cf02ff464c2d9536006065f42261')","[1259027, 1259080]"
"('Description.java', 'org.junit.runner.Description', 'methodAndClassNamePatternGroupOrDefault', '([\\s\\S]*)\\((.*)\\)', 'com.salesforce.phoenix.end2end.ViewTest')","[25930, 1435293]"
"('Description.java', 'org.junit.runner.Description', 'methodAndClassNamePatternGroupOrDefault', '([\\s\\S]*)\\((.*)\\)', 'testTruncAggregation(com.salesforce.phoenix.end2end.ProductMetricsTest)')","[34078, 71678]"
"('HFileLink.java', 'org.apache.hadoop.hbase.io.HFileLink', 'isHFileLink', '^((?:[a-zA-Z_0-9][a-zA-Z_0-9.-]*))=((?:[a-f0-9]+))-([0-9a-f]+(?:_SeqId_[0-9]+_)?)$', '0c6608a4555749019922c263266bae53')","[1434852, 1434905]"
"('Description.java', 'org.junit.runner.Description', 'methodAndClassNamePatternGroupOrDefault', '([\\s\\S]*)\\((.*)\\)', 'testNotInListOfDouble[CREATE INDEX ATABLE_IDX ON aTable (a_integer) INCLUDE (    A_STRING,     B_STRING,     A_DATE)](com.salesforce.phoenix.end2end.QueryTest)')","[11257, 49667]"
"('Description.java', 'org.junit.runner.Description', 'methodAndClassNamePatternGroupOrDefault', '([\\s\\S]*)\\((.*)\\)', 'testForTimeStampArray(com.salesforce.phoenix.schema.PDataTypeForArraysTest)')","[37616, 75066]"
"('Description.java', 'org.junit.runner.Description', 'methodAndClassNamePatternGroupOrDefault', '([\\s\\S]*)\\((.*)\\)', 'testDistinctLimitedGroupedAggregation[CREATE INDEX ATABLE_IDX ON aTable (a_integer) INCLUDE (    A_STRING,     B_STRING,     A_DATE)](com.salesforce.phoenix.end2end.QueryTest)')","[9601, 48011]"
"('Description.java', 'org.junit.runner.Description', 'methodAndClassNamePatternGroupOrDefault', '([\\s\\S]*)\\((.*)\\)', 'testGroupedAggregation[](com.salesforce.phoenix.end2end.QueryTest)')","[12727, 51116]"
"('Description.java', 'org.junit.runner.Description', 'methodAndClassNamePatternGroupOrDefault', '([\\s\\S]*)\\((.*)\\)', 'testLowerBoundRangeScan[CREATE INDEX ATABLE_IDX ON aTable (a_integer, a_string) INCLUDE (    B_STRING,     A_DATE)](com.salesforce.phoenix.end2end.QueryTest)')","[7694, 46125]"
"('Description.java', 'org.junit.runner.Description', 'methodAndClassNamePatternGroupOrDefault', '([\\s\\S]*)\\((.*)\\)', 'testSumDouble(com.salesforce.phoenix.end2end.ArithmeticQueryTest)')","[32967, 70534]"
"('HFileLink.java', 'org.apache.hadoop.hbase.io.HFileLink', 'isHFileLink', '^((?:[a-zA-Z_0-9][a-zA-Z_0-9.-]*))=((?:[a-f0-9]+))-([0-9a-f]+(?:_SeqId_[0-9]+_)?)$', '4b77b049265f45aba87956a585dadfd1')","[1288514, 1288567]"
"('Description.java', 'org.junit.runner.Description', 'methodAndClassNamePatternGroupOrDefault', '([\\s\\S]*)\\((.*)\\)', 'subtract(com.salesforce.phoenix.expression.DescColumnSortOrderExpressionTest)')","[17204, 55354]"
"('Description.java', 'org.junit.runner.Description', 'methodAndClassNamePatternGroupOrDefault', '([\\s\\S]*)\\((.*)\\)', 'testScanByUnsigned_DoubleValue[CREATE INDEX ATABLE_IDX ON aTable (a_integer DESC) INCLUDE (    A_STRING,     B_STRING,     A_DATE)](com.salesforce.phoenix.end2end.QueryTest)')","[4499, 42951]"
"('Description.java', 'org.junit.runner.Description', 'methodAndClassNamePatternGroupOrDefault', '([\\s\\S]*)\\((.*)\\)', 'testDynamicColums(com.salesforce.phoenix.end2end.DynamicColumnTest)')","[36679, 74164]"
"('Description.java', 'org.junit.runner.Description', 'methodAndClassNamePatternGroupOrDefault', '([\\s\\S]*)\\((.*)\\)', 'testForUnSignedSmallIntArray(com.salesforce.phoenix.schema.PDataTypeForArraysTest)')","[37532, 74978]"
"('StoreFile.java', 'org.apache.hadoop.hbase.regionserver.StoreFile', 'getReferredToFile', '^([0-9a-f]+(?:_SeqId_[0-9]+_)?|(?:[a-zA-Z_0-9][a-zA-Z_0-9.-]*)=(?:[a-f0-9]+)-[0-9a-f]+(?:_SeqId_[0-9]+_)?)\\.(.+)$', 'd1adb69d930c45479816b8c3adbed7b5.cf1c0335939d5e6a9a075c5f1f63aff1')",[499529]
"('Description.java', 'org.junit.runner.Description', 'methodAndClassNamePatternGroupOrDefault', '([\\s\\S]*)\\((.*)\\)', 'testSTDDEV_POP(com.salesforce.phoenix.end2end.StddevTest)')","[30053, 67740]"
"('Description.java', 'org.junit.runner.Description', 'methodAndClassNamePatternGroupOrDefault', '([\\s\\S]*)\\((.*)\\)', 'testChooseIndexEvenWithSelectionStar(com.salesforce.phoenix.compile.QueryOptimizerTest)')","[18870, 56960]"
"('Description.java', 'org.junit.runner.Description', 'methodAndClassNamePatternGroupOrDefault', '([\\s\\S]*)\\((.*)\\)', 'testDeleteAllFromTableNoAutoCommit(com.salesforce.phoenix.end2end.DeleteTest)')","[32801, 70380]"
"('Description.java', 'org.junit.runner.Description', 'methodAndClassNamePatternGroupOrDefault', '([\\s\\S]*)\\((.*)\\)', 'testBasicResultSetMetaData(com.salesforce.phoenix.compile.QueryMetaDataTest)')","[18454, 56564]"
"('Description.java', 'org.junit.runner.Description', 'methodAndClassNamePatternGroupOrDefault', '([\\s\\S]*)\\((.*)\\)', 'testUsingNonComparableDataTypesOfColumnRefOnLHSAndRowValueConstructorFails(com.salesforce.phoenix.compile.QueryCompileTest)')","[22640, 60810]"
"('Description.java', 'org.junit.runner.Description', 'methodAndClassNamePatternGroupOrDefault', '([\\s\\S]*)\\((.*)\\)', 'test[[[a], [1], [A]] [I@4ea3af1c [B@5c3d7f99 UPPER {4}](com.salesforce.phoenix.util.ScanUtilTest)')","[476, 40766]"
"('Description.java', 'org.junit.runner.Description', 'methodAndClassNamePatternGroupOrDefault', '([\\s\\S]*)\\((.*)\\)', 'testDistinctCountWithGroupByOrdered(com.salesforce.phoenix.end2end.DistinctCountTest)')","[35120, 72690]"
"('Description.java', 'org.junit.runner.Description', 'methodAndClassNamePatternGroupOrDefault', '([\\s\\S]*)\\((.*)\\)', 'testMultiKeyBindExpression(com.salesforce.phoenix.compile.WhereClauseOptimizerTest)')","[20800, 58962]"
"('Description.java', 'org.junit.runner.Description', 'methodAndClassNamePatternGroupOrDefault', '([\\s\\S]*)\\((.*)\\)', 'testDoubleAddExpression[CREATE INDEX ATABLE_IDX ON aTable (a_integer DESC) INCLUDE (    A_STRING,     B_STRING,     A_DATE)](com.salesforce.phoenix.end2end.QueryTest)')","[5718, 44170]"
"('Description.java', 'org.junit.runner.Description', 'methodAndClassNamePatternGroupOrDefault', '([\\s\\S]*)\\((.*)\\)', 'testIntegerKV(com.salesforce.phoenix.end2end.UpsertBigValuesTest)')","[36410, 73922]"
"('Description.java', 'org.junit.runner.Description', 'methodAndClassNamePatternGroupOrDefault', '([\\s\\S]*)\\((.*)\\)', 'testScanByUnsignedFloatValue[CREATE INDEX ATABLE_IDX ON aTable (a_integer DESC) INCLUDE (    A_STRING,     B_STRING,     A_DATE)](com.salesforce.phoenix.end2end.QueryTest)')","[5465, 43917]"
"('Description.java', 'org.junit.runner.Description', 'methodAndClassNamePatternGroupOrDefault', '([\\s\\S]*)\\((.*)\\)', 'testScanByFloatValue[CREATE INDEX ATABLE_IDX ON aTable (a_integer, a_string) INCLUDE (    B_STRING,     A_DATE)](com.salesforce.phoenix.end2end.QueryTest)')","[9097, 47528]"
"('Description.java', 'org.junit.runner.Description', 'methodAndClassNamePatternGroupOrDefault', '([\\s\\S]*)\\((.*)\\)', 'testKeyTypeMismatch(com.salesforce.phoenix.compile.WhereClauseOptimizerTest)')","[20926, 59094]"
"('Description.java', 'org.junit.runner.Description', 'methodAndClassNamePatternGroupOrDefault', '([\\s\\S]*)\\((.*)\\)', 'testUnsignedTinyInt(com.salesforce.phoenix.schema.PDataTypeTest)')","[38097, 75550]"
"('LikeExpression.java', 'com.salesforce.phoenix.expression.LikeExpression', 'evaluate', '\\Q\\E.*\\Q-w\\E', '149na7-app1-2-')",[1180284]
"('HFileLink.java', 'org.apache.hadoop.hbase.io.HFileLink', 'isHFileLink', '^((?:[a-zA-Z_0-9][a-zA-Z_0-9.-]*))=((?:[a-f0-9]+))-([0-9a-f]+(?:_SeqId_[0-9]+_)?)$', '0a351bf9e72044fcbe50dd3dd3e84ba3.7e2180d779449fb7a4a3e8ea8396681a')","[287381, 287397, 287411, 287439, 332225, 332259]"
"('Description.java', 'org.junit.runner.Description', 'methodAndClassNamePatternGroupOrDefault', '([\\s\\S]*)\\((.*)\\)', 'testCreateTenantViewFromNonMultiTenant(com.salesforce.phoenix.end2end.TenantSpecificTablesDDLTest)')","[36349, 73878]"
"('Description.java', 'org.junit.runner.Description', 'methodAndClassNamePatternGroupOrDefault', '([\\s\\S]*)\\((.*)\\)', 'testConstantSubtractionExpression[CREATE INDEX ATABLE_IDX ON aTable (a_integer DESC) INCLUDE (    A_STRING,     B_STRING,     A_DATE)](com.salesforce.phoenix.end2end.QueryTest)')","[4867, 43319]"
"('Description.java', 'org.junit.runner.Description', 'methodAndClassNamePatternGroupOrDefault', '([\\s\\S]*)\\((.*)\\)', 'testForUnSignedFloatArray(com.salesforce.phoenix.schema.PDataTypeForArraysTest)')","[37175, 74604]"
"('Description.java', 'org.junit.runner.Description', 'methodAndClassNamePatternGroupOrDefault', '([\\s\\S]*)\\((.*)\\)', 'testSelectWithDivideExpression[CREATE INDEX ATABLE_IDX ON aTable (a_integer) INCLUDE (    A_STRING,     B_STRING,     A_DATE)](com.salesforce.phoenix.end2end.QueryTest)')","[10889, 49299]"
"('Description.java', 'org.junit.runner.Description', 'methodAndClassNamePatternGroupOrDefault', '([\\s\\S]*)\\((.*)\\)', 'testDuplicateSequences(com.salesforce.phoenix.end2end.SequenceTest)')","[29656, 67344]"
"('Description.java', 'org.junit.runner.Description', 'methodAndClassNamePatternGroupOrDefault', '([\\s\\S]*)\\((.*)\\)', 'testUpsertSelectWithColumnRef(com.salesforce.phoenix.end2end.ArrayTest)')","[25493, 63560]"
"('Description.java', 'org.junit.runner.Description', 'methodAndClassNamePatternGroupOrDefault', '([\\s\\S]*)\\((.*)\\)', 'testDistinctLimitedGroupedAggregation[CREATE INDEX ATABLE_IDX ON aTable (a_integer DESC) INCLUDE (    A_STRING,     B_STRING,     A_DATE)](com.salesforce.phoenix.end2end.QueryTest)')","[4637, 43089]"
"('Description.java', 'org.junit.runner.Description', 'methodAndClassNamePatternGroupOrDefault', '([\\s\\S]*)\\((.*)\\)', 'com.salesforce.phoenix.end2end.BinaryRowKeyTest')","[25327, 1348345]"
"('StoreFile.java', 'org.apache.hadoop.hbase.regionserver.StoreFile', 'isHFile', '^([0-9a-f]+(?:_SeqId_[0-9]+_)?)', 'c318b6d5608f43138df5eaa6525afef0')","[1434993, 1435046]"
"('Description.java', 'org.junit.runner.Description', 'methodAndClassNamePatternGroupOrDefault', '([\\s\\S]*)\\((.*)\\)', 'testNotInListOfDouble[CREATE INDEX ATABLE_IDX ON aTable (a_integer, a_string) INCLUDE (    B_STRING,     A_DATE)](com.salesforce.phoenix.end2end.QueryTest)')","[8775, 47206]"
"('HFileLink.java', 'org.apache.hadoop.hbase.io.HFileLink', 'isHFileLink', '^((?:[a-zA-Z_0-9][a-zA-Z_0-9.-]*))=((?:[a-f0-9]+))-([0-9a-f]+(?:_SeqId_[0-9]+_)?)$', 'd3404f6b91f047a3b2d78fd348acb899')","[1413258, 1413311]"
"('Description.java', 'org.junit.runner.Description', 'methodAndClassNamePatternGroupOrDefault', '([\\s\\S]*)\\((.*)\\)', 'testPartialEvalCaseStatement[CREATE INDEX ATABLE_IDX ON aTable (a_integer, a_string) INCLUDE (    B_STRING,     A_DATE)](com.salesforce.phoenix.end2end.QueryTest)')","[8798, 47229]"
"('Description.java', 'org.junit.runner.Description', 'methodAndClassNamePatternGroupOrDefault', '([\\s\\S]*)\\((.*)\\)', 'testScan(com.salesforce.phoenix.end2end.CustomEntityDataTest)')","[25869, 63934]"
"('HTableDescriptor.java', 'org.apache.hadoop.hbase.HTableDescriptor', 'addCoprocessor', '^coprocessor\\$([0-9]+)$', 'UpgradeTo30')","[84642, 86335, 111770, 113463, 898240, 899933, 1187676, 1189326, 1241677, 1243327, 1266096, 1267746, 1295676, 1297326, 1313668, 1315318, 1335666, 1337316, 1355270, 1356920, 1400960, 1402610, 1420778, 1422428]"
"('Description.java', 'org.junit.runner.Description', 'methodAndClassNamePatternGroupOrDefault', '([\\s\\S]*)\\((.*)\\)', 'testChooseTableOverIndex(com.salesforce.phoenix.compile.QueryOptimizerTest)')","[18933, 57026]"
"('Description.java', 'org.junit.runner.Description', 'methodAndClassNamePatternGroupOrDefault', '([\\s\\S]*)\\((.*)\\)', 'testVarNullNull(com.salesforce.phoenix.schema.RowKeySchemaTest)')","[38198, 75616]"
"('Description.java', 'org.junit.runner.Description', 'methodAndClassNamePatternGroupOrDefault', '([\\s\\S]*)\\((.*)\\)', 'testKeyValueColumnInPKConstraint(com.salesforce.phoenix.compile.QueryCompileTest)')","[22661, 60832]"
"('Description.java', 'org.junit.runner.Description', 'methodAndClassNamePatternGroupOrDefault', '([\\s\\S]*)\\((.*)\\)', 'testInnerJoin[[Ljava.lang.String;@26a6d290](com.salesforce.phoenix.end2end.HashJoinTest)')","[14446, 52795]"
"('Description.java', 'org.junit.runner.Description', 'methodAndClassNamePatternGroupOrDefault', '([\\s\\S]*)\\((.*)\\)', '[[[aaa, [abc - def], [dzz - xyz)]] [I@2bad3398 [rowkey=abb, expected seek next using hint: abc, rowkey=abc, expected include, rowkey=abe, expected include, rowkey=xyz, expected finished]]')",[1440]
"('Description.java', 'org.junit.runner.Description', 'methodAndClassNamePatternGroupOrDefault', '([\\s\\S]*)\\((.*)\\)', 'testChooseIndexFromOrderBy(com.salesforce.phoenix.compile.QueryOptimizerTest)')","[18954, 57048]"
"('StoreFile.java', 'org.apache.hadoop.hbase.regionserver.StoreFile', 'isHFile', '^([0-9a-f]+(?:_SeqId_[0-9]+_)?)', '5e28da99cf9442febb3a6f4baf59c227')","[1414848, 1414910, 1415026]"
"('Description.java', 'org.junit.runner.Description', 'methodAndClassNamePatternGroupOrDefault', '([\\s\\S]*)\\((.*)\\)', 'testSingleByteReverseDecending(com.salesforce.phoenix.end2end.ReverseFunctionTest)')","[27067, 64990]"
"('Description.java', 'org.junit.runner.Description', 'methodAndClassNamePatternGroupOrDefault', '([\\s\\S]*)\\((.*)\\)', 'testIntFilter[](com.salesforce.phoenix.end2end.QueryTest)')","[12888, 51277]"
"('Description.java', 'org.junit.runner.Description', 'methodAndClassNamePatternGroupOrDefault', '([\\s\\S]*)\\((.*)\\)', 'testNotInList[CREATE INDEX ATABLE_IDX ON aTable (a_integer) INCLUDE (    A_STRING,     B_STRING,     A_DATE)](com.salesforce.phoenix.end2end.QueryTest)')","[11188, 49598]"
"('Description.java', 'org.junit.runner.Description', 'methodAndClassNamePatternGroupOrDefault', '([\\s\\S]*)\\((.*)\\)', 'testKeyOrderedGroupByOptimization(com.salesforce.phoenix.compile.QueryCompileTest)')","[22115, 60260]"
"('Description.java', 'org.junit.runner.Description', 'methodAndClassNamePatternGroupOrDefault', '([\\s\\S]*)\\((.*)\\)', '[[[b, [c - d]], [1, [2 - 3]], [B, [C - D]]] [[b], [1], [B, [C - D]]]]')","[1811, 1855, 1899, 1943]"
"('KerberosName.java', 'org.apache.hadoop.security.KerberosName', '<init>', '([^/@]*)(/([^/@]*))?@([^/@]*)', 'pwang7.hfs.6')","[1289724, 1289864]"
"('Description.java', 'org.junit.runner.Description', 'methodAndClassNamePatternGroupOrDefault', '([\\s\\S]*)\\((.*)\\)', 'testIsNotNull[CREATE INDEX ATABLE_IDX ON aTable (a_integer DESC) INCLUDE (    A_STRING,     B_STRING,     A_DATE)](com.salesforce.phoenix.end2end.QueryTest)')","[4246, 42698]"
"('Description.java', 'org.junit.runner.Description', 'methodAndClassNamePatternGroupOrDefault', '([\\s\\S]*)\\((.*)\\)', 'testRVCWithInListClauseUsingSubsetOfPKColsInOrder(com.salesforce.phoenix.end2end.RowValueConstructorTest)')","[24770, 62922]"
"('Description.java', 'org.junit.runner.Description', 'methodAndClassNamePatternGroupOrDefault', '([\\s\\S]*)\\((.*)\\)', 'testDateAdd[CREATE INDEX ATABLE_IDX ON aTable (a_integer, a_string) INCLUDE (    B_STRING,     A_DATE)](com.salesforce.phoenix.end2end.QueryTest)')","[8430, 46861]"
"('Description.java', 'org.junit.runner.Description', 'methodAndClassNamePatternGroupOrDefault', '([\\s\\S]*)\\((.*)\\)', 'testUncompressedWal(com.salesforce.hbase.index.util.TestIndexManagementUtil)')","[38610, 75968]"
"('Description.java', 'org.junit.runner.Description', 'methodAndClassNamePatternGroupOrDefault', '([\\s\\S]*)\\((.*)\\)', 'com.salesforce.phoenix.end2end.UpsertBigValuesTest')",[36389]
"('Description.java', 'org.junit.runner.Description', 'methodAndClassNamePatternGroupOrDefault', '([\\s\\S]*)\\((.*)\\)', 'testInListParameterMetaData2(com.salesforce.phoenix.compile.QueryMetaDataTest)')","[18097, 56190]"
"('Description.java', 'org.junit.runner.Description', 'methodAndClassNamePatternGroupOrDefault', '([\\s\\S]*)\\((.*)\\)', 'test[[[b, [c - d]], [1, [2 - 3]], [B, [C - D]]] [[b], [1], [B, [C - D]]]](com.salesforce.phoenix.filter.SkipScanFilterIntersectTest)')","[1834, 1878, 1922, 1966, 41456, 41479, 41502, 41525]"
"('StoreFile.java', 'org.apache.hadoop.hbase.regionserver.StoreFile', 'isHFile', '^([0-9a-f]+(?:_SeqId_[0-9]+_)?)', '2d21a6e6052b495d898ed10f6caee1f2')","[1258921, 1258974]"
"('Description.java', 'org.junit.runner.Description', 'methodAndClassNamePatternGroupOrDefault', '([\\s\\S]*)\\((.*)\\)', 'descOrderCompositePK2(com.salesforce.phoenix.end2end.DescColumnSortOrderTest)')","[29387, 67102]"
"('Description.java', 'org.junit.runner.Description', 'methodAndClassNamePatternGroupOrDefault', '([\\s\\S]*)\\((.*)\\)', 'com.salesforce.phoenix.iterate.ConcatResultIteratorTest')","[15252, 1179964]"
"('Description.java', 'org.junit.runner.Description', 'methodAndClassNamePatternGroupOrDefault', '([\\s\\S]*)\\((.*)\\)', 'testOr2InFilter(com.salesforce.phoenix.compile.WhereClauseCompileTest)')","[23520, 61712]"
"('Description.java', 'org.junit.runner.Description', 'methodAndClassNamePatternGroupOrDefault', '([\\s\\S]*)\\((.*)\\)', 'com.salesforce.hbase.index.parallel.TestThreadPoolBuilder')",[38486]
"('Description.java', 'org.junit.runner.Description', 'methodAndClassNamePatternGroupOrDefault', '([\\s\\S]*)\\((.*)\\)', 'testCompareLongLTDecimal(com.salesforce.phoenix.end2end.CompareDecimalToLongTest)')","[26321, 64308]"
"('Description.java', 'org.junit.runner.Description', 'methodAndClassNamePatternGroupOrDefault', '([\\s\\S]*)\\((.*)\\)', 'test[[[[a - b)], [1]] [I@8fe6a6a [B@76fc59c2 UPPER {4}](com.salesforce.phoenix.util.ScanUtilTest)')","[652, 40858]"
"('Description.java', 'org.junit.runner.Description', 'methodAndClassNamePatternGroupOrDefault', '([\\s\\S]*)\\((.*)\\)', 'testCompareLongGTEDecimal(com.salesforce.phoenix.end2end.CompareDecimalToLongTest)')","[26279, 64264]"
"('Description.java', 'org.junit.runner.Description', 'methodAndClassNamePatternGroupOrDefault', '([\\s\\S]*)\\((.*)\\)', 'testUngroupedAggregationNoWhere[](com.salesforce.phoenix.end2end.QueryTest)')","[13072, 51461]"
"('RegionCoprocessorHost.java', 'org.apache.hadoop.hbase.regionserver.RegionCoprocessorHost', 'loadTableCoprocessors', '^coprocessor\\$([0-9]+)$', 'UpgradeTo21')","[86480, 86886, 113607, 113995, 900077, 900465, 1189517, 1189904, 1243518, 1243905, 1267887, 1268274, 1297517, 1297904, 1315459, 1315846, 1337457, 1337844, 1357061, 1357448, 1402751, 1403138, 1422569, 1422956]"
"('Description.java', 'org.junit.runner.Description', 'methodAndClassNamePatternGroupOrDefault', '([\\s\\S]*)\\((.*)\\)', 'testSubstrSetScanKey(com.salesforce.phoenix.compile.QueryCompileTest)')","[22430, 60590]"
"('Description.java', 'org.junit.runner.Description', 'methodAndClassNamePatternGroupOrDefault', '([\\s\\S]*)\\((.*)\\)', 'testPointInTimeScan[CREATE INDEX ATABLE_IDX ON aTable (a_integer, a_string) INCLUDE (    B_STRING,     A_DATE)](com.salesforce.phoenix.end2end.QueryTest)')","[7188, 45619]"
"('Description.java', 'org.junit.runner.Description', 'methodAndClassNamePatternGroupOrDefault', '([\\s\\S]*)\\((.*)\\)', 'testIntMultiplyExpression[CREATE INDEX ATABLE_IDX ON aTable (a_integer DESC) INCLUDE (    A_STRING,     B_STRING,     A_DATE)](com.salesforce.phoenix.end2end.QueryTest)')","[6385, 44837]"
"('Description.java', 'org.junit.runner.Description', 'methodAndClassNamePatternGroupOrDefault', '([\\s\\S]*)\\((.*)\\)', 'testInListWithAnd1GTEFilter(com.salesforce.phoenix.compile.WhereClauseCompileTest)')","[23268, 61448]"
"('Description.java', 'org.junit.runner.Description', 'methodAndClassNamePatternGroupOrDefault', '([\\s\\S]*)\\((.*)\\)', 'testUpsertSelectOnlyUpsertsTenantData(com.salesforce.phoenix.end2end.TenantSpecificTablesDMLTest)')","[30986, 68598]"
"('StoreFile.java', 'org.apache.hadoop.hbase.regionserver.StoreFile', 'isReference', '^([0-9a-f]+(?:_SeqId_[0-9]+_)?|(?:[a-zA-Z_0-9][a-zA-Z_0-9.-]*)=(?:[a-f0-9]+)-[0-9a-f]+(?:_SeqId_[0-9]+_)?)\\.(.+)$', 'c8aaabff5ce849d5a8c36eb988aaa4ab')","[890153, 890206]"
"('Description.java', 'org.junit.runner.Description', 'methodAndClassNamePatternGroupOrDefault', '([\\s\\S]*)\\((.*)\\)', 'testPointInTimeScan[](com.salesforce.phoenix.end2end.QueryTest)')","[12152, 50541]"
"('Description.java', 'org.junit.runner.Description', 'methodAndClassNamePatternGroupOrDefault', '([\\s\\S]*)\\((.*)\\)', 'testFloatToLongComparison(com.salesforce.phoenix.schema.PDataTypeTest)')","[37908, 75352]"
"('Description.java', 'org.junit.runner.Description', 'methodAndClassNamePatternGroupOrDefault', '([\\s\\S]*)\\((.*)\\)', 'testEmptyStringValue[CREATE INDEX ATABLE_IDX ON aTable (a_integer, a_string) INCLUDE (    B_STRING,     A_DATE)](com.salesforce.phoenix.end2end.QueryTest)')","[6820, 45251]"
"('Description.java', 'org.junit.runner.Description', 'methodAndClassNamePatternGroupOrDefault', '([\\s\\S]*)\\((.*)\\)', 'test[[[a], [[1 - 2]]] [I@edeaa44 [B@3c7c5dfc UPPER {4}](com.salesforce.phoenix.util.ScanUtilTest)')","[608, 40835]"
"('Description.java', 'org.junit.runner.Description', 'methodAndClassNamePatternGroupOrDefault', '([\\s\\S]*)\\((.*)\\)', 'com.salesforce.phoenix.arithmetic.ArithmeticOperationTest')","[15393, 1180045]"
"('Description.java', 'org.junit.runner.Description', 'methodAndClassNamePatternGroupOrDefault', '([\\s\\S]*)\\((.*)\\)', 'testNonKeyProjectionWithIntegerValue(com.salesforce.phoenix.end2end.ToNumberFunctionTest)')","[34557, 72140]"
"('Description.java', 'org.junit.runner.Description', 'methodAndClassNamePatternGroupOrDefault', '([\\s\\S]*)\\((.*)\\)', 'com.salesforce.phoenix.end2end.StddevTest')",[29969]
"('Description.java', 'org.junit.runner.Description', 'methodAndClassNamePatternGroupOrDefault', '([\\s\\S]*)\\((.*)\\)', 'testGetExpectedExecutorForName(com.salesforce.hbase.index.parallel.TestThreadPoolManager)')","[38425, 75814]"
"('Description.java', 'org.junit.runner.Description', 'methodAndClassNamePatternGroupOrDefault', '([\\s\\S]*)\\((.*)\\)', 'testCSVUpsertWithCustomDelimiters(com.salesforce.phoenix.end2end.CSVLoaderTest)')","[34891, 72470]"
"('Description.java', 'org.junit.runner.Description', 'methodAndClassNamePatternGroupOrDefault', '([\\s\\S]*)\\((.*)\\)', 'testForCharArray(com.salesforce.phoenix.schema.PDataTypeForArraysTest)')","[37637, 75088]"
"('HFileLink.java', 'org.apache.hadoop.hbase.io.HFileLink', 'isHFileLink', '^((?:[a-zA-Z_0-9][a-zA-Z_0-9.-]*))=((?:[a-f0-9]+))-([0-9a-f]+(?:_SeqId_[0-9]+_)?)$', 'f7fa5ec7ba2841f29b50125c6e09b23c')","[1413576, 1413629]"
"('Description.java', 'org.junit.runner.Description', 'methodAndClassNamePatternGroupOrDefault', '([\\s\\S]*)\\((.*)\\)', 'testDateFilter(com.salesforce.phoenix.end2end.ToNumberFunctionTest)')","[34494, 72074]"
"('Description.java', 'org.junit.runner.Description', 'methodAndClassNamePatternGroupOrDefault', '([\\s\\S]*)\\((.*)\\)', 'testOrderByNullColumns__nullsLast(com.salesforce.phoenix.end2end.ProductMetricsTest)')","[33238, 70798]"
"('Description.java', 'org.junit.runner.Description', 'methodAndClassNamePatternGroupOrDefault', '([\\s\\S]*)\\((.*)\\)', 'testCorrectOverwritting(com.salesforce.hbase.index.covered.data.TestIndexMemStore)')","[39926, 77068]"
"('StoreFile.java', 'org.apache.hadoop.hbase.regionserver.StoreFile', 'isReference', '^([0-9a-f]+(?:_SeqId_[0-9]+_)?|(?:[a-zA-Z_0-9][a-zA-Z_0-9.-]*)=(?:[a-f0-9]+)-[0-9a-f]+(?:_SeqId_[0-9]+_)?)\\.(.+)$', '72f3d4d7d9de49d7a6ddcb63ee52e3ce')","[1289766, 1289828, 1289959]"
"('Description.java', 'org.junit.runner.Description', 'methodAndClassNamePatternGroupOrDefault', '([\\s\\S]*)\\((.*)\\)', 'com.salesforce.phoenix.expression.ColumnExpressionTest')","[17080, 1180234]"
"('Description.java', 'org.junit.runner.Description', 'methodAndClassNamePatternGroupOrDefault', '([\\s\\S]*)\\((.*)\\)', 'testAllScan[CREATE INDEX ATABLE_IDX ON aTable (a_integer, a_string) INCLUDE (    B_STRING,     A_DATE)](com.salesforce.phoenix.end2end.QueryTest)')","[7142, 45573]"
"('Description.java', 'org.junit.runner.Description', 'methodAndClassNamePatternGroupOrDefault', '([\\s\\S]*)\\((.*)\\)', 'testShutdownWithReferencesDoesNotStopExecutor(com.salesforce.hbase.index.parallel.TestThreadPoolManager)')","[38446, 75836]"
"('Description.java', 'org.junit.runner.Description', 'methodAndClassNamePatternGroupOrDefault', '([\\s\\S]*)\\((.*)\\)', 'testNotInListOfFloat[](com.salesforce.phoenix.end2end.QueryTest)')","[13693, 52082]"
"('Description.java', 'org.junit.runner.Description', 'methodAndClassNamePatternGroupOrDefault', '([\\s\\S]*)\\((.*)\\)', 'testNextValueForSelect(com.salesforce.phoenix.parse.QueryParserTest)')","[16683, 54848]"
"('Description.java', 'org.junit.runner.Description', 'methodAndClassNamePatternGroupOrDefault', '([\\s\\S]*)\\((.*)\\)', 'testStatsManagerImpl(com.salesforce.phoenix.end2end.DefaultParallelIteratorsRegionSplitterTest)')","[28534, 66288]"
"('Description.java', 'org.junit.runner.Description', 'methodAndClassNamePatternGroupOrDefault', '([\\s\\S]*)\\((.*)\\)', 'testAlterColumnFamilyProperty(com.salesforce.phoenix.end2end.AlterTableTest)')","[26529, 64506]"
"('Description.java', 'org.junit.runner.Description', 'methodAndClassNamePatternGroupOrDefault', '([\\s\\S]*)\\((.*)\\)', 'testTimeStampFilter(com.salesforce.phoenix.end2end.ToNumberFunctionTest)')","[34536, 72118]"
"('Description.java', 'org.junit.runner.Description', 'methodAndClassNamePatternGroupOrDefault', '([\\s\\S]*)\\((.*)\\)', 'testMultipleTimestampsInSingleDelete(com.salesforce.hbase.index.covered.example.TestEndtoEndIndexingWithCompression)')","[38814, 76122]"
"('Description.java', 'org.junit.runner.Description', 'methodAndClassNamePatternGroupOrDefault', '([\\s\\S]*)\\((.*)\\)', 'testMultiKeyValueCoveredIndex(com.salesforce.phoenix.index.IndexMaintainerTest)')","[15824, 53968]"
"('Description.java', 'org.junit.runner.Description', 'methodAndClassNamePatternGroupOrDefault', '([\\s\\S]*)\\((.*)\\)', 'testSelectDistinctAndAll(com.salesforce.phoenix.compile.QueryCompileTest)')","[22052, 60194]"
"('Description.java', 'org.junit.runner.Description', 'methodAndClassNamePatternGroupOrDefault', '([\\s\\S]*)\\((.*)\\)', 'testScanByByteValue[](com.salesforce.phoenix.end2end.QueryTest)')","[13210, 51599]"
"('Description.java', 'org.junit.runner.Description', 'methodAndClassNamePatternGroupOrDefault', '([\\s\\S]*)\\((.*)\\)', 'testOnlyKeepsOlderTimestamps(com.salesforce.hbase.index.covered.example.TestColumnTracker)')","[39146, 76430]"
"('Description.java', 'org.junit.runner.Description', 'methodAndClassNamePatternGroupOrDefault', '([\\s\\S]*)\\((.*)\\)', 'testSumUnsignedFloat(com.salesforce.phoenix.end2end.ArithmeticQueryTest)')","[32904, 70468]"
"('Description.java', 'org.junit.runner.Description', 'methodAndClassNamePatternGroupOrDefault', '([\\s\\S]*)\\((.*)\\)', 'test[ScanRanges[[[a], [1], [[B - E]]]] [a0[ - a1A)](com.salesforce.phoenix.compile.ScanRangesTest)')","[2821, 41962]"
"('Description.java', 'org.junit.runner.Description', 'methodAndClassNamePatternGroupOrDefault', '([\\s\\S]*)\\((.*)\\)', 'com.salesforce.phoenix.end2end.TopNTest')","[25224, 1328589]"
"('Description.java', 'org.junit.runner.Description', 'methodAndClassNamePatternGroupOrDefault', '([\\s\\S]*)\\((.*)\\)', 'test[[[[a - b]], [1]] [I@31690c95 [B@67b9238a UPPER {4}](com.salesforce.phoenix.util.ScanUtilTest)')","[696, 40881]"
"('Description.java', 'org.junit.runner.Description', 'methodAndClassNamePatternGroupOrDefault', '([\\s\\S]*)\\((.*)\\)', 'testRowKeySingleIn[CREATE INDEX ATABLE_IDX ON aTable (a_integer) INCLUDE (    A_STRING,     B_STRING,     A_DATE)](com.salesforce.phoenix.end2end.QueryTest)')","[11602, 50012]"
"('Description.java', 'org.junit.runner.Description', 'methodAndClassNamePatternGroupOrDefault', '([\\s\\S]*)\\((.*)\\)', 'testRowKeySingleIn[](com.salesforce.phoenix.end2end.QueryTest)')","[14084, 52473]"
"('Description.java', 'org.junit.runner.Description', 'methodAndClassNamePatternGroupOrDefault', '([\\s\\S]*)\\((.*)\\)', 'com.salesforce.phoenix.util.LikeExpressionTest')","[15536, 1180099]"
"('Description.java', 'org.junit.runner.Description', 'methodAndClassNamePatternGroupOrDefault', '([\\s\\S]*)\\((.*)\\)', 'testNotEqualsByDouble[CREATE INDEX ATABLE_IDX ON aTable (a_integer, a_string) INCLUDE (    B_STRING,     A_DATE)](com.salesforce.phoenix.end2end.QueryTest)')","[7050, 45481]"
"('StoreFile.java', 'org.apache.hadoop.hbase.regionserver.StoreFile', 'isReference', '^([0-9a-f]+(?:_SeqId_[0-9]+_)?|(?:[a-zA-Z_0-9][a-zA-Z_0-9.-]*)=(?:[a-f0-9]+)-[0-9a-f]+(?:_SeqId_[0-9]+_)?)\\.(.+)$', 'e65c206732784bd0a11addd037f732b8')","[1179726, 1179779]"
"('Description.java', 'org.junit.runner.Description', 'methodAndClassNamePatternGroupOrDefault', '([\\s\\S]*)\\((.*)\\)', 'testConstantDivideExpression[CREATE INDEX ATABLE_IDX ON aTable (a_integer, a_string) INCLUDE (    B_STRING,     A_DATE)](com.salesforce.phoenix.end2end.QueryTest)')","[8890, 47321]"
"('Description.java', 'org.junit.runner.Description', 'methodAndClassNamePatternGroupOrDefault', '([\\s\\S]*)\\((.*)\\)', 'testToDateFunctionBind(com.salesforce.phoenix.end2end.ExtendedQueryExecTest)')","[28677, 66398]"
"('HFileLink.java', 'org.apache.hadoop.hbase.io.HFileLink', 'isHFileLink', '^((?:[a-zA-Z_0-9][a-zA-Z_0-9.-]*))=((?:[a-f0-9]+))-([0-9a-f]+(?:_SeqId_[0-9]+_)?)$', '94370c5129204119b553b6d1b6651f74')","[1328466, 1328519]"
"('Description.java', 'org.junit.runner.Description', 'methodAndClassNamePatternGroupOrDefault', '([\\s\\S]*)\\((.*)\\)', 'testCastOperatorInSelect[CREATE INDEX ATABLE_IDX ON aTable (a_integer DESC) INCLUDE (    A_STRING,     B_STRING,     A_DATE)](com.salesforce.phoenix.end2end.QueryTest)')","[4223, 42675]"
"('Description.java', 'org.junit.runner.Description', 'methodAndClassNamePatternGroupOrDefault', '([\\s\\S]*)\\((.*)\\)', 'testTableMetadataScan(com.salesforce.phoenix.end2end.TenantSpecificTablesDDLTest)')","[36139, 73658]"
"('Description.java', 'org.junit.runner.Description', 'methodAndClassNamePatternGroupOrDefault', '([\\s\\S]*)\\((.*)\\)', 'com.salesforce.phoenix.end2end.ServerExceptionTest')",[26943]
"('StoreFile.java', 'org.apache.hadoop.hbase.regionserver.StoreFile', 'isReference', '^([0-9a-f]+(?:_SeqId_[0-9]+_)?|(?:[a-zA-Z_0-9][a-zA-Z_0-9.-]*)=(?:[a-f0-9]+)-[0-9a-f]+(?:_SeqId_[0-9]+_)?)\\.(.+)$', '37cf7a3e55314605bd94dca99986e36f')","[1307662, 1307724, 1307855]"
"('Description.java', 'org.junit.runner.Description', 'methodAndClassNamePatternGroupOrDefault', '([\\s\\S]*)\\((.*)\\)', 'testDateRangeSumLongAggregation(com.salesforce.phoenix.end2end.ProductMetricsTest)')","[33133, 70688]"
"('StoreFile.java', 'org.apache.hadoop.hbase.regionserver.StoreFile', 'isHFile', '^([0-9a-f]+(?:_SeqId_[0-9]+_)?)', '8538475a950b41e6915a2750ff01360e')","[890382, 890435]"
"('Description.java', 'org.junit.runner.Description', 'methodAndClassNamePatternGroupOrDefault', '([\\s\\S]*)\\((.*)\\)', 'testParsePreQuery2(com.salesforce.phoenix.parse.QueryParserTest)')","[16242, 54386]"
"('StoreFile.java', 'org.apache.hadoop.hbase.regionserver.StoreFile', 'isHFile', '^([0-9a-f]+(?:_SeqId_[0-9]+_)?)', 'dd52835cba9f4113971346343961d737')","[1179425, 1179478]"
"('Description.java', 'org.junit.runner.Description', 'methodAndClassNamePatternGroupOrDefault', '([\\s\\S]*)\\((.*)\\)', 'testToCharWithFormatOnDate(com.salesforce.phoenix.end2end.VariableLengthPKTest)')","[32177, 69786]"
"('TagLibConfiguration.java', 'org.mortbay.jetty.webapp.TagLibConfiguration', 'configureWebApp', 'start.jar|ant-.*\\.jar|dojo-.*\\.jar|jetty-.*\\.jar|jsp-api-.*\\.jar|junit-.*\\.jar|servlet-api-.*\\.jar|dnsns\\.jar|rt\\.jar|jsse\\.jar|tools\\.jar|sunpkcs11\\.jar|sunjce_provider\\.jar|xerces.*\\.jar', 'javassist-instrument.jar')","[77796, 78312, 104729, 105245, 891191, 891707, 1180853, 1181360, 1234854, 1235361, 1259225, 1259732, 1288853, 1289360, 1306749, 1307256, 1328699, 1329206, 1348455, 1348962, 1394089, 1394596, 1413915, 1414422, 1435403, 1435910]"
"('Description.java', 'org.junit.runner.Description', 'methodAndClassNamePatternGroupOrDefault', '([\\s\\S]*)\\((.*)\\)', 'testNotEquals[CREATE INDEX ATABLE_IDX ON aTable (a_integer) INCLUDE (    A_STRING,     B_STRING,     A_DATE)](com.salesforce.phoenix.end2end.QueryTest)')","[11142, 49552]"
"('Description.java', 'org.junit.runner.Description', 'methodAndClassNamePatternGroupOrDefault', '([\\s\\S]*)\\((.*)\\)', 'testAddVarCharColToPK(com.salesforce.phoenix.end2end.AlterTableTest)')","[26571, 64550]"
"('StoreFile.java', 'org.apache.hadoop.hbase.regionserver.StoreFile', 'isReference', '^([0-9a-f]+(?:_SeqId_[0-9]+_)?|(?:[a-zA-Z_0-9][a-zA-Z_0-9.-]*)=(?:[a-f0-9]+)-[0-9a-f]+(?:_SeqId_[0-9]+_)?)\\.(.+)$', 'c648cf02ff464c2d9536006065f42261')","[1259010, 1259063]"
"('RegionCoprocessorHost.java', 'org.apache.hadoop.hbase.regionserver.RegionCoprocessorHost', 'loadTableCoprocessors', '(^[^\\|]*)\\|([^\\|]+)\\|[\\s]*([\\d]*)[\\s]*(\\|.*)?$', '|com.salesforce.phoenix.coprocessor.GroupedAggregateRegionObserver|1|')","[86660, 87066, 90840, 94297, 94399, 94433, 94807, 95096, 95130, 95419, 113777, 114165, 117926, 121364, 121568, 121636, 121976, 124282, 287076, 287280, 337162, 499112, 499316, 549067, 711021, 711225, 860428, 860632, 900247, 900635, 904396, 907922, 911448, 914974, 918500, 1028680, 1030937, 1033194, 1189687, 1190074, 1193745, 1197271, 1197475, 1197679, 1197883, 1202792, 1202996, 1203200, 1203404, 1207103, 1207222, 1207426, 1207630, 1243688, 1244075, 1247746, 1251272, 1251459, 1251680, 1251884, 1268057, 1268444, 1272115, 1275553, 1275757, 1275961, 1276165, 1280863, 1281067, 1281271, 1281475, 1297687, 1298074, 1301745, 1305271, 1305475, 1305679, 1305883, 1315629, 1316016, 1319687, 1323301, 1323505, 1323709, 1323913, 1337627, 1338014, 1341685, 1345211, 1357231, 1357618, 1361289, 1364778, 1364880, 1365016, 1365339, 1372557, 1372761, 1372965, 1373169, 1402921, 1403308, 1406979, 1410505, 1422739, 1423126, 1426797, 1430059]"
"('Description.java', 'org.junit.runner.Description', 'methodAndClassNamePatternGroupOrDefault', '([\\s\\S]*)\\((.*)\\)', 'testFullyQualifiedRVCInList[CREATE INDEX ATABLE_IDX ON aTable (a_integer DESC) INCLUDE (    A_STRING,     B_STRING,     A_DATE)](com.salesforce.phoenix.end2end.QueryTest)')","[6500, 44952]"
"('Description.java', 'org.junit.runner.Description', 'methodAndClassNamePatternGroupOrDefault', '([\\s\\S]*)\\((.*)\\)', 'testFeatureLTAggregation(com.salesforce.phoenix.end2end.ProductMetricsTest)')","[34015, 71612]"
"('Description.java', 'org.junit.runner.Description', 'methodAndClassNamePatternGroupOrDefault', '([\\s\\S]*)\\((.*)\\)', 'testAddDropColumn(com.salesforce.phoenix.end2end.TenantSpecificTablesDDLTest)')","[36055, 73570]"
"('Description.java', 'org.junit.runner.Description', 'methodAndClassNamePatternGroupOrDefault', '([\\s\\S]*)\\((.*)\\)', 'testDistinctGroupedAggregation[CREATE INDEX ATABLE_IDX ON aTable (a_integer, a_string) INCLUDE (    B_STRING,     A_DATE)](com.salesforce.phoenix.end2end.QueryTest)')","[8959, 47390]"
"('Description.java', 'org.junit.runner.Description', 'methodAndClassNamePatternGroupOrDefault', '([\\s\\S]*)\\((.*)\\)', '[[[b, [c - e]], [1, [2 - 4]], [B, [C - E]]] [[[c - e]], [1, [2 - 4]], [B, [C - E]]]]')",[2207]
"('Description.java', 'org.junit.runner.Description', 'methodAndClassNamePatternGroupOrDefault', '([\\s\\S]*)\\((.*)\\)', 'testForSmallIntArray(com.salesforce.phoenix.schema.PDataTypeForArraysTest)')","[37238, 74670]"
"('Description.java', 'org.junit.runner.Description', 'methodAndClassNamePatternGroupOrDefault', '([\\s\\S]*)\\((.*)\\)', '[ScanRanges[[[b], [1], [B]]] [b1C - b2A]]')",[3194]
"('Description.java', 'org.junit.runner.Description', 'methodAndClassNamePatternGroupOrDefault', '([\\s\\S]*)\\((.*)\\)', 'testCountIsNull[CREATE INDEX ATABLE_IDX ON aTable (a_integer DESC) INCLUDE (    A_STRING,     B_STRING,     A_DATE)](com.salesforce.phoenix.end2end.QueryTest)')","[5902, 44354]"
"('Description.java', 'org.junit.runner.Description', 'methodAndClassNamePatternGroupOrDefault', '([\\s\\S]*)\\((.*)\\)', 'test[[[aaa, [abc - def], [dzz - xyz)]] [I@2bad3398 [rowkey=abb, expected seek next using hint: abc, rowkey=abc, expected include, rowkey=abe, expected include, rowkey=xyz, expected finished]](com.salesforce.phoenix.filter.SkipScanFilterTest)')","[1463, 41272]"
"('Description.java', 'org.junit.runner.Description', 'methodAndClassNamePatternGroupOrDefault', '([\\s\\S]*)\\((.*)\\)', 'testInvalidUpsertSelectHint(com.salesforce.phoenix.parse.QueryParserTest)')","[16977, 55156]"
"('Description.java', 'org.junit.runner.Description', 'methodAndClassNamePatternGroupOrDefault', '([\\s\\S]*)\\((.*)\\)', 'testPartialRangeFilter(com.salesforce.phoenix.compile.WhereClauseCompileTest)')","[23394, 61580]"
"('Description.java', 'org.junit.runner.Description', 'methodAndClassNamePatternGroupOrDefault', '([\\s\\S]*)\\((.*)\\)', 'testPercentileWrongQueryWithMixOfAggrAndNonAggrExps(com.salesforce.phoenix.compile.QueryCompileTest)')","[22346, 60502]"
"('Description.java', 'org.junit.runner.Description', 'methodAndClassNamePatternGroupOrDefault', '([\\s\\S]*)\\((.*)\\)', 'testLongSubtractionExpression[](com.salesforce.phoenix.end2end.QueryTest)')","[13463, 51852]"
"('Description.java', 'org.junit.runner.Description', 'methodAndClassNamePatternGroupOrDefault', '([\\s\\S]*)\\((.*)\\)', 'testSynchronouslyCompletesAllWrites(com.salesforce.hbase.index.write.TestParalleIndexWriter)')","[40273, 77332]"
"('Description.java', 'org.junit.runner.Description', 'methodAndClassNamePatternGroupOrDefault', '([\\s\\S]*)\\((.*)\\)', 'testQueryMoreWithInListRowValueConstructor(com.salesforce.phoenix.end2end.RowValueConstructorTest)')","[24539, 62680]"
"('StoreFile.java', 'org.apache.hadoop.hbase.regionserver.StoreFile', 'isHFile', '^([0-9a-f]+(?:_SeqId_[0-9]+_)?)', '0a351bf9e72044fcbe50dd3dd3e84ba3')","[286901, 286957]"
"('Description.java', 'org.junit.runner.Description', 'methodAndClassNamePatternGroupOrDefault', '([\\s\\S]*)\\((.*)\\)', 'com.salesforce.phoenix.end2end.TenantSpecificTablesDDLTest')",[36034]
"('Description.java', 'org.junit.runner.Description', 'methodAndClassNamePatternGroupOrDefault', '([\\s\\S]*)\\((.*)\\)', 'testDefaultCFToDisambiguate(com.salesforce.phoenix.end2end.MultiCfQueryExecTest)')","[30570, 68202]"
"('Description.java', 'org.junit.runner.Description', 'methodAndClassNamePatternGroupOrDefault', '([\\s\\S]*)\\((.*)\\)', 'testScanByByteValue[CREATE INDEX ATABLE_IDX ON aTable (a_integer DESC) INCLUDE (    A_STRING,     B_STRING,     A_DATE)](com.salesforce.phoenix.end2end.QueryTest)')","[5764, 44216]"
"('Description.java', 'org.junit.runner.Description', 'methodAndClassNamePatternGroupOrDefault', '([\\s\\S]*)\\((.*)\\)', 'com.salesforce.phoenix.compile.QueryOptimizerTest')","[18828, 1180473]"
"('Description.java', 'org.junit.runner.Description', 'methodAndClassNamePatternGroupOrDefault', '([\\s\\S]*)\\((.*)\\)', 'sqlTypeName(com.salesforce.phoenix.expression.DescColumnSortOrderExpressionTest)')","[17603, 55772]"
"('HFileLink.java', 'org.apache.hadoop.hbase.io.HFileLink', 'isHFileLink', '^((?:[a-zA-Z_0-9][a-zA-Z_0-9.-]*))=((?:[a-f0-9]+))-([0-9a-f]+(?:_SeqId_[0-9]+_)?)$', 'c318b6d5608f43138df5eaa6525afef0')","[1434958, 1435011]"
"('Description.java', 'org.junit.runner.Description', 'methodAndClassNamePatternGroupOrDefault', '([\\s\\S]*)\\((.*)\\)', 'testIndexWithNullableDateCol(com.salesforce.phoenix.end2end.index.MutableIndexTest)')","[27914, 65738]"
"('Description.java', 'org.junit.runner.Description', 'methodAndClassNamePatternGroupOrDefault', '([\\s\\S]*)\\((.*)\\)', 'testCoerceTinyIntToSmallInt[](com.salesforce.phoenix.end2end.QueryTest)')","[12037, 50426]"
"('Description.java', 'org.junit.runner.Description', 'methodAndClassNamePatternGroupOrDefault', '([\\s\\S]*)\\((.*)\\)', 'testBigDecimal(com.salesforce.phoenix.schema.PDataTypeTest)')","[37761, 75198]"
"('Description.java', 'org.junit.runner.Description', 'methodAndClassNamePatternGroupOrDefault', '([\\s\\S]*)\\((.*)\\)', 'testMultiColumnEqualFilter(com.salesforce.phoenix.compile.WhereClauseCompileTest)')","[23940, 62152]"
"('Description.java', 'org.junit.runner.Description', 'methodAndClassNamePatternGroupOrDefault', '([\\s\\S]*)\\((.*)\\)', 'testOrderByAggAndNonAgg(com.salesforce.phoenix.compile.QueryCompileTest)')","[22955, 61140]"
"('Description.java', 'org.junit.runner.Description', 'methodAndClassNamePatternGroupOrDefault', '([\\s\\S]*)\\((.*)\\)', 'test[[[[abc - def], [dzz - xyz)]] [I@1d0ac035 [rowkey=def, expected include, rowkey=deg, expected seek next using hint: dzz, rowkey=eee, expected include, rowkey=xyz, expected finished]](com.salesforce.phoenix.filter.SkipScanFilterTest)')","[1199, 41134]"
"('Description.java', 'org.junit.runner.Description', 'methodAndClassNamePatternGroupOrDefault', '([\\s\\S]*)\\((.*)\\)', 'testDecimalSubtraction2Expression[CREATE INDEX ATABLE_IDX ON aTable (a_integer DESC) INCLUDE (    A_STRING,     B_STRING,     A_DATE)](com.salesforce.phoenix.end2end.QueryTest)')","[5833, 44285]"
"('Description.java', 'org.junit.runner.Description', 'methodAndClassNamePatternGroupOrDefault', '([\\s\\S]*)\\((.*)\\)', 'maxDescCompositePK(com.salesforce.phoenix.end2end.DescColumnSortOrderTest)')","[29261, 66970]"
"('Description.java', 'org.junit.runner.Description', 'methodAndClassNamePatternGroupOrDefault', '([\\s\\S]*)\\((.*)\\)', 'testMultipleAddsForSingleRegion(com.salesforce.hbase.index.write.recovery.TestPerRegionIndexWriteCache)')","[40355, 77398]"
"('Description.java', 'org.junit.runner.Description', 'methodAndClassNamePatternGroupOrDefault', '([\\s\\S]*)\\((.*)\\)', 'testEmptyString(com.salesforce.phoenix.schema.PDataTypeTest)')","[38013, 75462]"
"('Description.java', 'org.junit.runner.Description', 'methodAndClassNamePatternGroupOrDefault', '([\\s\\S]*)\\((.*)\\)', 'test[ScanRanges[[[a], [1], [[D - E]]]] (* - a1C]](com.salesforce.phoenix.compile.ScanRangesTest)')","[3437, 42284]"
"('Description.java', 'org.junit.runner.Description', 'methodAndClassNamePatternGroupOrDefault', '([\\s\\S]*)\\((.*)\\)', 'test[[[a], [(* - *)]] [I@31185689 [B@34d9558d UPPER {4}](com.salesforce.phoenix.util.ScanUtilTest)')","[828, 40950]"
"('Description.java', 'org.junit.runner.Description', 'methodAndClassNamePatternGroupOrDefault', '([\\s\\S]*)\\((.*)\\)', 'testUngroupedAggregationNoWhere[CREATE INDEX ATABLE_IDX ON aTable (a_integer, a_string) INCLUDE (    B_STRING,     A_DATE)](com.salesforce.phoenix.end2end.QueryTest)')","[8108, 46539]"
"('Description.java', 'org.junit.runner.Description', 'methodAndClassNamePatternGroupOrDefault', '([\\s\\S]*)\\((.*)\\)', 'testRTrimFunction(com.salesforce.phoenix.end2end.VariableLengthPKTest)')","[32114, 69720]"
"('Description.java', 'org.junit.runner.Description', 'methodAndClassNamePatternGroupOrDefault', '([\\s\\S]*)\\((.*)\\)', 'testCSVUpsert(com.salesforce.phoenix.end2end.CSVLoaderTest)')","[34828, 72404]"
"('Description.java', 'org.junit.runner.Description', 'methodAndClassNamePatternGroupOrDefault', '([\\s\\S]*)\\((.*)\\)', 'testLikeNoOptKeyExpression(com.salesforce.phoenix.compile.WhereClauseOptimizerTest)')","[20905, 59072]"
"('HFileLink.java', 'org.apache.hadoop.hbase.io.HFileLink', 'isHFileLink', '^((?:[a-zA-Z_0-9][a-zA-Z_0-9.-]*))=((?:[a-f0-9]+))-([0-9a-f]+(?:_SeqId_[0-9]+_)?)$', '9abd37d36afa4b30800522c7d1f3bc77')","[1234409, 1234462]"
"('Description.java', 'org.junit.runner.Description', 'methodAndClassNamePatternGroupOrDefault', '([\\s\\S]*)\\((.*)\\)', 'testWithCompression(org.apache.hadoop.hbase.regionserver.wal.TestReadWriteKeyValuesWithCodec)')","[40536, 77508]"
"('RegionCoprocessorHost.java', 'org.apache.hadoop.hbase.regionserver.RegionCoprocessorHost', 'loadTableCoprocessors', '^coprocessor\\$([0-9]+)$', 'coprocessor$1')","[86732, 87138, 90894, 94518, 94552, 94637, 94858, 95215, 95232, 95470, 113845, 114233, 117977, 121687, 121738, 121823, 122027, 124333, 287127, 287331, 337213, 499163, 499367, 549118, 711072, 711276, 860479, 860683, 900315, 900703, 904447, 907973, 911499, 915025, 918551, 1028731, 1030988, 1033245, 1189755, 1190142, 1193796, 1197322, 1197526, 1197730, 1197934, 1202843, 1203047, 1203251, 1203455, 1207154, 1207324, 1207477, 1207681, 1243756, 1244143, 1247797, 1251323, 1251510, 1251731, 1251935, 1268125, 1268512, 1272166, 1275604, 1275808, 1276012, 1276216, 1280914, 1281118, 1281322, 1281526, 1297755, 1298142, 1301796, 1305322, 1305526, 1305730, 1305934, 1315697, 1316084, 1319738, 1323352, 1323556, 1323760, 1323964, 1337695, 1338082, 1341736, 1345262, 1357299, 1357686, 1361340, 1365067, 1365135, 1365186, 1365390, 1372608, 1372812, 1373016, 1373220, 1402989, 1403376, 1407030, 1410556, 1422807, 1423194, 1426848, 1430110]"
"('Description.java', 'org.junit.runner.Description', 'methodAndClassNamePatternGroupOrDefault', '([\\s\\S]*)\\((.*)\\)', 'trim(com.salesforce.phoenix.expression.DescColumnSortOrderExpressionTest)')","[17456, 55618]"
"('Description.java', 'org.junit.runner.Description', 'methodAndClassNamePatternGroupOrDefault', '([\\s\\S]*)\\((.*)\\)', 'testValueCoersion(com.salesforce.phoenix.schema.PDataTypeTest)')","[37992, 75440]"
"('Description.java', 'org.junit.runner.Description', 'methodAndClassNamePatternGroupOrDefault', '([\\s\\S]*)\\((.*)\\)', 'testDeleteColumnCorrectlyCoversColumns(com.salesforce.hbase.index.covered.filter.TestApplyAndFilterDeletesFilter)')","[39682, 76892]"
"('Description.java', 'org.junit.runner.Description', 'methodAndClassNamePatternGroupOrDefault', '([\\s\\S]*)\\((.*)\\)', 'testReadWrite(com.salesforce.phoenix.client.TestClientKeyValueLocal)')","[36822, 74274]"
"('StoreFile.java', 'org.apache.hadoop.hbase.regionserver.StoreFile', 'isHFile', '^([0-9a-f]+(?:_SeqId_[0-9]+_)?)', 'f7fa5ec7ba2841f29b50125c6e09b23c')","[1413611, 1413664]"
"('Description.java', 'org.junit.runner.Description', 'methodAndClassNamePatternGroupOrDefault', '([\\s\\S]*)\\((.*)\\)', 'testScan[](com.salesforce.phoenix.end2end.QueryTest)')","[12175, 50564]"
"('HTableDescriptor.java', 'org.apache.hadoop.hbase.HTableDescriptor', 'addCoprocessor', '[^,]+', 'com.salesforce.phoenix.index.PhoenixIndexBuilder')","[93823, 93860, 120985, 121023, 907536, 907575, 911062, 911101, 914588, 914627, 918114, 918153, 1196885, 1196924, 1202399, 1202439, 1206625, 1206665, 1250886, 1250925, 1275174, 1275212, 1280484, 1280522, 1304885, 1304924, 1322908, 1322948, 1344825, 1344864, 1364348, 1364386, 1372178, 1372216, 1410119, 1410158, 1429694, 1429730]"
"('Description.java', 'org.junit.runner.Description', 'methodAndClassNamePatternGroupOrDefault', '([\\s\\S]*)\\((.*)\\)', 'testGroupByPlusOne[CREATE INDEX ATABLE_IDX ON aTable (a_integer DESC) INCLUDE (    A_STRING,     B_STRING,     A_DATE)](com.salesforce.phoenix.end2end.QueryTest)')","[4545, 42997]"
"('Description.java', 'org.junit.runner.Description', 'methodAndClassNamePatternGroupOrDefault', '([\\s\\S]*)\\((.*)\\)', 'testMutationOfPKInTenantTablesNotAllowed(com.salesforce.phoenix.end2end.TenantSpecificTablesDDLTest)')","[36223, 73746]"
"('Description.java', 'org.junit.runner.Description', 'methodAndClassNamePatternGroupOrDefault', '([\\s\\S]*)\\((.*)\\)', 'testDateSubstractExpressionMetaData2(com.salesforce.phoenix.compile.QueryMetaDataTest)')","[18601, 56718]"
"('Description.java', 'org.junit.runner.Description', 'methodAndClassNamePatternGroupOrDefault', '([\\s\\S]*)\\((.*)\\)', 'testSkipMaxWithLimit(com.salesforce.phoenix.end2end.VariableLengthPKTest)')","[31463, 69038]"
"('Description.java', 'org.junit.runner.Description', 'methodAndClassNamePatternGroupOrDefault', '([\\s\\S]*)\\((.*)\\)', 'testDateRangeAggregation(com.salesforce.phoenix.end2end.ProductMetricsTest)')","[33658, 71238]"
"('Description.java', 'org.junit.runner.Description', 'methodAndClassNamePatternGroupOrDefault', '([\\s\\S]*)\\((.*)\\)', 'testCeilTime(com.salesforce.phoenix.end2end.RoundFloorCeilFunctionsEnd2EndTest)')","[35534, 73064]"
"('Description.java', 'org.junit.runner.Description', 'methodAndClassNamePatternGroupOrDefault', '([\\s\\S]*)\\((.*)\\)', 'testIntDivideExpression[](com.salesforce.phoenix.end2end.QueryTest)')","[13969, 52358]"
"('Description.java', 'org.junit.runner.Description', 'methodAndClassNamePatternGroupOrDefault', '([\\s\\S]*)\\((.*)\\)', 'testPKDefAndPKConstraint(com.salesforce.phoenix.compile.QueryCompileTest)')","[21821, 59952]"
"('Description.java', 'org.junit.runner.Description', 'methodAndClassNamePatternGroupOrDefault', '([\\s\\S]*)\\((.*)\\)', 'testForVarCharArrayForWithTwoelementsElementArrayWithIndex(com.salesforce.phoenix.schema.PDataTypeForArraysTest)')","[37301, 74736]"
"('Description.java', 'org.junit.runner.Description', 'methodAndClassNamePatternGroupOrDefault', '([\\s\\S]*)\\((.*)\\)', 'com.salesforce.phoenix.end2end.salted.SaltedTableVarLengthRowKeyTest')","[25184, 1306639]"
"('Description.java', 'org.junit.runner.Description', 'methodAndClassNamePatternGroupOrDefault', '([\\s\\S]*)\\((.*)\\)', '[[[b, [c - e]], [1, [2 - 4]], [B, [C - E]]] [[b], [1, [2 - 4]], [B, [C - E]]]]')","[1987, 2031]"
"('Description.java', 'org.junit.runner.Description', 'methodAndClassNamePatternGroupOrDefault', '([\\s\\S]*)\\((.*)\\)', 'testIndexCreation(com.salesforce.phoenix.end2end.index.IndexMetadataTest)')","[28391, 66178]"
"('StoreFile.java', 'org.apache.hadoop.hbase.regionserver.StoreFile', 'isReference', '^([0-9a-f]+(?:_SeqId_[0-9]+_)?|(?:[a-zA-Z_0-9][a-zA-Z_0-9.-]*)=(?:[a-f0-9]+)-[0-9a-f]+(?:_SeqId_[0-9]+_)?)\\.(.+)$', '6fe7b64288eb4da69b3842265b4ac45b')","[1178984, 1179037]"
"('Description.java', 'org.junit.runner.Description', 'methodAndClassNamePatternGroupOrDefault', '([\\s\\S]*)\\((.*)\\)', 'testLongSubtractionExpression[CREATE INDEX ATABLE_IDX ON aTable (a_integer, a_string) INCLUDE (    B_STRING,     A_DATE)](com.salesforce.phoenix.end2end.QueryTest)')","[8499, 46930]"
"('Description.java', 'org.junit.runner.Description', 'methodAndClassNamePatternGroupOrDefault', '([\\s\\S]*)\\((.*)\\)', 'testSelectRowAndSequence(com.salesforce.phoenix.end2end.SequenceTest)')","[29719, 67410]"
"('Description.java', 'org.junit.runner.Description', 'methodAndClassNamePatternGroupOrDefault', '([\\s\\S]*)\\((.*)\\)', 'com.salesforce.phoenix.schema.PDataTypeTest')",[37656]
"('Description.java', 'org.junit.runner.Description', 'methodAndClassNamePatternGroupOrDefault', '([\\s\\S]*)\\((.*)\\)', 'testPercentRankDescOnVARCHARColumn(com.salesforce.phoenix.end2end.PercentileTest)')","[30404, 68048]"
"('RegionCoprocessorHost.java', 'org.apache.hadoop.hbase.regionserver.RegionCoprocessorHost', 'loadTableCoprocessors', '^coprocessor\\$([0-9]+)$', 'MAX_FILESIZE')","[124384, 337264, 549169, 1028782, 1031039, 1033296]"
"('Description.java', 'org.junit.runner.Description', 'methodAndClassNamePatternGroupOrDefault', '([\\s\\S]*)\\((.*)\\)', 'testValidArithmetic[CREATE INDEX ATABLE_IDX ON aTable (a_integer) INCLUDE (    A_STRING,     B_STRING,     A_DATE)](com.salesforce.phoenix.end2end.QueryTest)')","[10935, 49345]"
"('Description.java', 'org.junit.runner.Description', 'methodAndClassNamePatternGroupOrDefault', '([\\s\\S]*)\\((.*)\\)', 'testAndAggColsInHaving(com.salesforce.phoenix.compile.HavingClauseTest)')","[21466, 59600]"
"('Description.java', 'org.junit.runner.Description', 'methodAndClassNamePatternGroupOrDefault', '([\\s\\S]*)\\((.*)\\)', 'test[[[a], [(* - *)]] [I@31e41769 [B@75bd0815 LOWER {4}](com.salesforce.phoenix.util.ScanUtilTest)')","[388, 40720]"
"('Description.java', 'org.junit.runner.Description', 'methodAndClassNamePatternGroupOrDefault', '([\\s\\S]*)\\((.*)\\)', 'com.salesforce.phoenix.end2end.ReadIsolationLevelTest')",[30072]
"('Description.java', 'org.junit.runner.Description', 'methodAndClassNamePatternGroupOrDefault', '([\\s\\S]*)\\((.*)\\)', 'testSelectWithOrderByRowKey(com.salesforce.phoenix.end2end.salted.SaltedTableTest)')","[24978, 63120]"
"('Description.java', 'org.junit.runner.Description', 'methodAndClassNamePatternGroupOrDefault', '([\\s\\S]*)\\((.*)\\)', 'com.salesforce.phoenix.expression.LikeExpressionTest')","[17685, 1180311]"
"('Description.java', 'org.junit.runner.Description', 'methodAndClassNamePatternGroupOrDefault', '([\\s\\S]*)\\((.*)\\)', 'testCreateDropTable(com.salesforce.phoenix.end2end.QueryDatabaseMetaDataTest)')","[27628, 65518]"
"('HFileLink.java', 'org.apache.hadoop.hbase.io.HFileLink', 'isHFileLink', '^((?:[a-zA-Z_0-9][a-zA-Z_0-9.-]*))=((?:[a-f0-9]+))-([0-9a-f]+(?:_SeqId_[0-9]+_)?)$', '2d21a6e6052b495d898ed10f6caee1f2')","[1258886, 1258939]"
"('RegionCoprocessorHost.java', 'org.apache.hadoop.hbase.regionserver.RegionCoprocessorHost', 'loadTableCoprocessors', '^coprocessor\\$([0-9]+)$', 'UpgradeTo20')","[86498, 86904, 113624, 114012, 900094, 900482, 1189534, 1189921, 1243535, 1243922, 1267904, 1268291, 1297534, 1297921, 1315476, 1315863, 1337474, 1337861, 1357078, 1357465, 1402768, 1403155, 1422586, 1422973]"
"('Description.java', 'org.junit.runner.Description', 'methodAndClassNamePatternGroupOrDefault', '([\\s\\S]*)\\((.*)\\)', 'testCFToDisambiguateInSelectOnly1(com.salesforce.phoenix.end2end.MultiCfQueryExecTest)')","[30612, 68246]"
"('RegionCoprocessorHost.java', 'org.apache.hadoop.hbase.regionserver.RegionCoprocessorHost', 'loadTableCoprocessors', '^coprocessor\\$([0-9]+)$', 'coprocessor$2')","[86678, 87084, 90858, 94450, 94484, 94586, 94824, 95147, 95181, 95436, 113794, 114182, 117943, 121381, 121653, 121789, 121993, 124299, 287093, 287297, 337179, 499129, 499333, 549084, 711038, 711242, 860445, 860649, 900264, 900652, 904413, 907939, 911465, 914991, 918517, 1028697, 1030954, 1033211, 1189704, 1190091, 1193762, 1197288, 1197492, 1197696, 1197900, 1202809, 1203013, 1203217, 1203421, 1207120, 1207256, 1207443, 1207647, 1243705, 1244092, 1247763, 1251289, 1251476, 1251697, 1251901, 1268074, 1268461, 1272132, 1275570, 1275774, 1275978, 1276182, 1280880, 1281084, 1281288, 1281492, 1297704, 1298091, 1301762, 1305288, 1305492, 1305696, 1305900, 1315646, 1316033, 1319704, 1323318, 1323522, 1323726, 1323930, 1337644, 1338031, 1341702, 1345228, 1357248, 1357635, 1361306, 1364829, 1364897, 1365033, 1365356, 1372574, 1372778, 1372982, 1373186, 1402938, 1403325, 1406996, 1410522, 1422756, 1423143, 1426814, 1430076]"
"('HTableDescriptor.java', 'org.apache.hadoop.hbase.HTableDescriptor', 'addCoprocessor', '^coprocessor\\$([0-9]+)$', 'coprocessor$5')","[86179, 113307, 899777, 1189174, 1243175, 1267594, 1297174, 1315166, 1337164, 1356768, 1402458, 1422276]"
"('Description.java', 'org.junit.runner.Description', 'methodAndClassNamePatternGroupOrDefault', '([\\s\\S]*)\\((.*)\\)', 'testSubstringNotEqual(com.salesforce.phoenix.end2end.ProductMetricsTest)')","[33994, 71590]"
"('HFileLink.java', 'org.apache.hadoop.hbase.io.HFileLink', 'isHFileLink', '^((?:[a-zA-Z_0-9][a-zA-Z_0-9.-]*))=((?:[a-f0-9]+))-([0-9a-f]+(?:_SeqId_[0-9]+_)?)$', '805dc94bf2064ad28bf36aaa0a8b15b5')","[1413682, 1413735]"
"('Description.java', 'org.junit.runner.Description', 'methodAndClassNamePatternGroupOrDefault', '([\\s\\S]*)\\((.*)\\)', 'testInsertNextValueFor(com.salesforce.phoenix.end2end.SequenceTest)')","[29698, 67388]"
"('Description.java', 'org.junit.runner.Description', 'methodAndClassNamePatternGroupOrDefault', '([\\s\\S]*)\\((.*)\\)', 'compareCharacters(com.salesforce.phoenix.expression.DescColumnSortOrderExpressionTest)')","[17666, 55838]"
"('HFileLink.java', 'org.apache.hadoop.hbase.io.HFileLink', 'isHFileLink', '^((?:[a-zA-Z_0-9][a-zA-Z_0-9.-]*))=((?:[a-f0-9]+))-([0-9a-f]+(?:_SeqId_[0-9]+_)?)$', '9c283e2c8f3f4d7b839e416509613a80')","[1234621, 1234674]"
"('StoreFile.java', 'org.apache.hadoop.hbase.regionserver.StoreFile', 'isHFile', '^([0-9a-f]+(?:_SeqId_[0-9]+_)?)', '336dfe27b10d4d6eac1f0ac0c1083745')","[1179319, 1179372]"
"('Description.java', 'org.junit.runner.Description', 'methodAndClassNamePatternGroupOrDefault', '([\\s\\S]*)\\((.*)\\)', 'testSplitWithCachedMeta[CREATE INDEX ATABLE_IDX ON aTable (a_integer, a_string) INCLUDE (    B_STRING,     A_DATE)](com.salesforce.phoenix.end2end.QueryTest)')","[8591, 47022]"
"('StoreFile.java', 'org.apache.hadoop.hbase.regionserver.StoreFile', 'isReference', '^([0-9a-f]+(?:_SeqId_[0-9]+_)?|(?:[a-zA-Z_0-9][a-zA-Z_0-9.-]*)=(?:[a-f0-9]+)-[0-9a-f]+(?:_SeqId_[0-9]+_)?)\\.(.+)$', '4d1521a62dd349a4b3068e4b2008bd89')","[1258692, 1258745]"
"('Description.java', 'org.junit.runner.Description', 'methodAndClassNamePatternGroupOrDefault', '([\\s\\S]*)\\((.*)\\)', 'testInList(com.salesforce.phoenix.parse.QueryParserTest)')","[16851, 55024]"
"('Description.java', 'org.junit.runner.Description', 'methodAndClassNamePatternGroupOrDefault', '([\\s\\S]*)\\((.*)\\)', 'testDistinctGroupedAggregation[CREATE INDEX ATABLE_IDX ON aTable (a_integer) INCLUDE (    A_STRING,     B_STRING,     A_DATE)](com.salesforce.phoenix.end2end.QueryTest)')","[11441, 49851]"
"('Description.java', 'org.junit.runner.Description', 'methodAndClassNamePatternGroupOrDefault', '([\\s\\S]*)\\((.*)\\)', 'testDegenerateSub1(com.salesforce.phoenix.compile.WhereClauseOptimizerTest)')","[21136, 59314]"
"('Description.java', 'org.junit.runner.Description', 'methodAndClassNamePatternGroupOrDefault', '([\\s\\S]*)\\((.*)\\)', 'testFloorTimestampInWhere(com.salesforce.phoenix.end2end.RoundFloorCeilFunctionsEnd2EndTest)')","[35639, 73174]"
"('Description.java', 'org.junit.runner.Description', 'methodAndClassNamePatternGroupOrDefault', '([\\s\\S]*)\\((.*)\\)', 'testInsertPaddedBinaryValue(com.salesforce.phoenix.end2end.BinaryRowKeyTest)')","[25390, 63472]"
"('Description.java', 'org.junit.runner.Description', 'methodAndClassNamePatternGroupOrDefault', '([\\s\\S]*)\\((.*)\\)', 'testMutationComparator(com.salesforce.hbase.index.covered.update.TestIndexUpdateManager)')","[39783, 76958]"
"('Description.java', 'org.junit.runner.Description', 'methodAndClassNamePatternGroupOrDefault', '([\\s\\S]*)\\((.*)\\)', 'testUsingRVCNonFullyQualifiedInClause(com.salesforce.phoenix.compile.WhereClauseOptimizerTest)')","[21010, 59182]"
"('Description.java', 'org.junit.runner.Description', 'methodAndClassNamePatternGroupOrDefault', '([\\s\\S]*)\\((.*)\\)', 'com.salesforce.phoenix.util.DateUtilTest')","[15496, 1180072]"
"('HFileLink.java', 'org.apache.hadoop.hbase.io.HFileLink', 'isHFileLink', '^((?:[a-zA-Z_0-9][a-zA-Z_0-9.-]*))=((?:[a-f0-9]+))-([0-9a-f]+(?:_SeqId_[0-9]+_)?)$', 'bd9ce1b6068b4e96bd0517711c1f7a3d')","[1179496, 1179549]"
"('Description.java', 'org.junit.runner.Description', 'methodAndClassNamePatternGroupOrDefault', '([\\s\\S]*)\\((.*)\\)', 'testHavingWithNot(com.salesforce.phoenix.parse.QueryParserTest)')","[16830, 55002]"
"('Description.java', 'org.junit.runner.Description', 'methodAndClassNamePatternGroupOrDefault', '([\\s\\S]*)\\((.*)\\)', 'testNegative3(com.salesforce.phoenix.parse.QueryParserTest)')","[16473, 54628]"
"('Description.java', 'org.junit.runner.Description', 'methodAndClassNamePatternGroupOrDefault', '([\\s\\S]*)\\((.*)\\)', 'com.salesforce.hbase.index.TestFailForUnsupportedHBaseVersions')",[38629]
"('StoreFile.java', 'org.apache.hadoop.hbase.regionserver.StoreFile', 'isReference', '^([0-9a-f]+(?:_SeqId_[0-9]+_)?|(?:[a-zA-Z_0-9][a-zA-Z_0-9.-]*)=(?:[a-f0-9]+)-[0-9a-f]+(?:_SeqId_[0-9]+_)?)\\.(.+)$', '2b76f5af639a4589aaaac8335de135e6')","[890683, 890736]"
"('Description.java', 'org.junit.runner.Description', 'methodAndClassNamePatternGroupOrDefault', '([\\s\\S]*)\\((.*)\\)', 'greaterThanDescCompositePK3(com.salesforce.phoenix.end2end.DescColumnSortOrderTest)')","[28841, 66530]"
"('Description.java', 'org.junit.runner.Description', 'methodAndClassNamePatternGroupOrDefault', '([\\s\\S]*)\\((.*)\\)', 'testTooShortKVColumn(com.salesforce.phoenix.end2end.VariableLengthPKTest)')","[31442, 69016]"
"('Description.java', 'org.junit.runner.Description', 'methodAndClassNamePatternGroupOrDefault', '([\\s\\S]*)\\((.*)\\)', 'com.salesforce.hbase.index.covered.TestLocalTableState')",[39823]
"('Description.java', 'org.junit.runner.Description', 'methodAndClassNamePatternGroupOrDefault', '([\\s\\S]*)\\((.*)\\)', 'testDoubleDivideExpression[CREATE INDEX ATABLE_IDX ON aTable (a_integer) INCLUDE (    A_STRING,     B_STRING,     A_DATE)](com.salesforce.phoenix.end2end.QueryTest)')","[9923, 48333]"
"('StoreFile.java', 'org.apache.hadoop.hbase.regionserver.StoreFile', 'isReference', '^([0-9a-f]+(?:_SeqId_[0-9]+_)?|(?:[a-zA-Z_0-9][a-zA-Z_0-9.-]*)=(?:[a-f0-9]+)-[0-9a-f]+(?:_SeqId_[0-9]+_)?)\\.(.+)$', '039c759b08714b8f84cafe03ad7dbdf0')","[1329612, 1329674, 1329805]"
"('Description.java', 'org.junit.runner.Description', 'methodAndClassNamePatternGroupOrDefault', '([\\s\\S]*)\\((.*)\\)', 'testOneInListStatement[CREATE INDEX ATABLE_IDX ON aTable (a_integer DESC) INCLUDE (    A_STRING,     B_STRING,     A_DATE)](com.salesforce.phoenix.end2end.QueryTest)')","[4614, 43066]"
"('StoreFile.java', 'org.apache.hadoop.hbase.regionserver.StoreFile', 'isHFile', '^([0-9a-f]+(?:_SeqId_[0-9]+_)?)', '3122452c93014690995cbfccc57266f6')","[104238, 104291]"
"('StoreFile.java', 'org.apache.hadoop.hbase.regionserver.StoreFile', 'isHFile', '^([0-9a-f]+(?:_SeqId_[0-9]+_)?)', '9957f567b057408382eb92c0048b1f84')","[892140, 892202, 892326]"
"('Description.java', 'org.junit.runner.Description', 'methodAndClassNamePatternGroupOrDefault', '([\\s\\S]*)\\((.*)\\)', 'test[[[(j - k]]] [I@2084176c [rowkey=a, expected seek next using hint: j\\x01, rowkey=ja, expected include, rowkey=jz, expected include, rowkey=k, expected include, rowkey=ka, expected finished]](com.salesforce.phoenix.filter.SkipScanFilterTest)')","[1023, 41042]"
"('Description.java', 'org.junit.runner.Description', 'methodAndClassNamePatternGroupOrDefault', '([\\s\\S]*)\\((.*)\\)', 'test[[[a], [[1 - 2]], [B]] [I@3763fa09 [B@4b48148 LOWER {4}](com.salesforce.phoenix.util.ScanUtilTest)')","[300, 40674]"
"('Description.java', 'org.junit.runner.Description', 'methodAndClassNamePatternGroupOrDefault', '([\\s\\S]*)\\((.*)\\)', 'testSimpleCaseStatement[CREATE INDEX ATABLE_IDX ON aTable (a_integer DESC) INCLUDE (    A_STRING,     B_STRING,     A_DATE)](com.salesforce.phoenix.end2end.QueryTest)')","[5994, 44446]"
"('Description.java', 'org.junit.runner.Description', 'methodAndClassNamePatternGroupOrDefault', '([\\s\\S]*)\\((.*)\\)', 'test[ScanRanges[[[b], [1], [[B - D]]]] [a9Z - c0A]](com.salesforce.phoenix.compile.ScanRangesTest)')","[2381, 41732]"
"('Description.java', 'org.junit.runner.Description', 'methodAndClassNamePatternGroupOrDefault', '([\\s\\S]*)\\((.*)\\)', 'testJoinMultiJoinKeys[[Ljava.lang.String;@1249ffc3](com.salesforce.phoenix.end2end.HashJoinTest)')","[14835, 53163]"
"('Description.java', 'org.junit.runner.Description', 'methodAndClassNamePatternGroupOrDefault', '([\\s\\S]*)\\((.*)\\)', 'testInvalidArrayTypeAsPK(com.salesforce.phoenix.compile.QueryCompileTest)')","[22598, 60766]"
"('Description.java', 'org.junit.runner.Description', 'methodAndClassNamePatternGroupOrDefault', '([\\s\\S]*)\\((.*)\\)', 'testPartiallyEvaluableOr(com.salesforce.phoenix.end2end.ProductMetricsTest)')","[33322, 70886]"
"('StoreFile.java', 'org.apache.hadoop.hbase.regionserver.StoreFile', 'isHFile', '^([0-9a-f]+(?:_SeqId_[0-9]+_)?)', '37cf7a3e55314605bd94dca99986e36f')","[1307682, 1307744, 1307868]"
"('Description.java', 'org.junit.runner.Description', 'methodAndClassNamePatternGroupOrDefault', '([\\s\\S]*)\\((.*)\\)', 'testNoLimit(com.salesforce.phoenix.compile.LimitClauseTest)')","[24146, 62328]"
"('Description.java', 'org.junit.runner.Description', 'methodAndClassNamePatternGroupOrDefault', '([\\s\\S]*)\\((.*)\\)', 'testTableWithSplit(com.salesforce.phoenix.end2end.salted.SaltedTableTest)')","[25020, 63164]"
"('Description.java', 'org.junit.runner.Description', 'methodAndClassNamePatternGroupOrDefault', '([\\s\\S]*)\\((.*)\\)', 'testConstantSubtractionExpression[CREATE INDEX ATABLE_IDX ON aTable (a_integer) INCLUDE (    A_STRING,     B_STRING,     A_DATE)](com.salesforce.phoenix.end2end.QueryTest)')","[9831, 48241]"
"('Description.java', 'org.junit.runner.Description', 'methodAndClassNamePatternGroupOrDefault', '([\\s\\S]*)\\((.*)\\)', 'testPointInTimeGroupedAggregation[](com.salesforce.phoenix.end2end.QueryTest)')","[11853, 50242]"
"('Description.java', 'org.junit.runner.Description', 'methodAndClassNamePatternGroupOrDefault', '([\\s\\S]*)\\((.*)\\)', 'testGreaterThanEqualTo_NonRVCOnLHSAndRVCOnRHS_WithNonNullBindParams(com.salesforce.phoenix.compile.WhereClauseOptimizerTest)')","[19897, 58016]"
"('Description.java', 'org.junit.runner.Description', 'methodAndClassNamePatternGroupOrDefault', '([\\s\\S]*)\\((.*)\\)', 'testSynchronouslyCompletesAllWrites(com.salesforce.hbase.index.write.TestIndexWriter)')","[40212, 77288]"
"('Description.java', 'org.junit.runner.Description', 'methodAndClassNamePatternGroupOrDefault', '([\\s\\S]*)\\((.*)\\)', 'testChooseTableForSelection(com.salesforce.phoenix.compile.QueryOptimizerTest)')","[19311, 57422]"
"('Description.java', 'org.junit.runner.Description', 'methodAndClassNamePatternGroupOrDefault', '([\\s\\S]*)\\((.*)\\)', 'testPercentileQuery2(com.salesforce.phoenix.parse.QueryParserTest)')","[17019, 55200]"
"('Description.java', 'org.junit.runner.Description', 'methodAndClassNamePatternGroupOrDefault', '([\\s\\S]*)\\((.*)\\)', 'testSelectEntireColumnFamily(com.salesforce.phoenix.end2end.DynamicFamilyTest)')","[31360, 68950]"
"('Description.java', 'org.junit.runner.Description', 'methodAndClassNamePatternGroupOrDefault', '([\\s\\S]*)\\((.*)\\)', 'testSingleColumnKeyFilter(com.salesforce.phoenix.end2end.VariableLengthPKTest)')","[32030, 69632]"
"('Description.java', 'org.junit.runner.Description', 'methodAndClassNamePatternGroupOrDefault', '([\\s\\S]*)\\((.*)\\)', 'testBindParamMetaDataForNestedRVC(com.salesforce.phoenix.compile.QueryMetaDataTest)')","[18202, 56300]"
"('Description.java', 'org.junit.runner.Description', 'methodAndClassNamePatternGroupOrDefault', '([\\s\\S]*)\\((.*)\\)', 'testGetLowerUnboundSplits(com.salesforce.phoenix.end2end.DefaultParallelIteratorsRegionSplitterTest)')","[28513, 66266]"
"('Description.java', 'org.junit.runner.Description', 'methodAndClassNamePatternGroupOrDefault', '([\\s\\S]*)\\((.*)\\)', 'test[[[b, [c - e]], [1, [2 - 4]], [B, [C - E]]] [[[c - e]], [[2 - 4]], [B, [C - E]]]](com.salesforce.phoenix.filter.SkipScanFilterIntersectTest)')","[2186, 41640]"
"('Description.java', 'org.junit.runner.Description', 'methodAndClassNamePatternGroupOrDefault', '([\\s\\S]*)\\((.*)\\)', 'testIntegerPK(com.salesforce.phoenix.end2end.UpsertBigValuesTest)')","[36431, 73944]"
"('Description.java', 'org.junit.runner.Description', 'methodAndClassNamePatternGroupOrDefault', '([\\s\\S]*)\\((.*)\\)', 'testCaseWithArray(com.salesforce.phoenix.end2end.ArrayTest)')","[25430, 63494]"
"('Description.java', 'org.junit.runner.Description', 'methodAndClassNamePatternGroupOrDefault', '([\\s\\S]*)\\((.*)\\)', 'test[ScanRanges[[[a], [1], [[A - B]]]] (* - a0Z]](com.salesforce.phoenix.compile.ScanRangesTest)')","[3393, 42261]"
"('Description.java', 'org.junit.runner.Description', 'methodAndClassNamePatternGroupOrDefault', '([\\s\\S]*)\\((.*)\\)', 'testMultipleConcurrentGroupsUpdated(com.salesforce.hbase.index.covered.example.TestEndtoEndIndexingWithCompression)')","[38940, 76254]"
"('Description.java', 'org.junit.runner.Description', 'methodAndClassNamePatternGroupOrDefault', '([\\s\\S]*)\\((.*)\\)', 'testGroupedLimitedAggregation[CREATE INDEX ATABLE_IDX ON aTable (a_integer) INCLUDE (    A_STRING,     B_STRING,     A_DATE)](com.salesforce.phoenix.end2end.QueryTest)')","[11395, 49805]"
"('Description.java', 'org.junit.runner.Description', 'methodAndClassNamePatternGroupOrDefault', '([\\s\\S]*)\\((.*)\\)', 'testUpsertSelectLongToInt(com.salesforce.phoenix.end2end.UpsertSelectTest)')","[31173, 68774]"
"('Description.java', 'org.junit.runner.Description', 'methodAndClassNamePatternGroupOrDefault', '([\\s\\S]*)\\((.*)\\)', 'testStartKeyStopKey(com.salesforce.phoenix.compile.WhereClauseOptimizerTest)')","[20527, 58676]"
"('ServerName.java', 'org.apache.hadoop.hbase.ServerName', 'parseServerName', '[^,]+,[\\d]+,[\\d]+$', 'bn19-236.dcs.mcnc.org,44412,1516005430963')","[892211, 892235, 892337, 892357, 892377, 892401, 892425, 892449, 892473, 892497, 892521, 892545, 892569, 892593, 892617, 892641, 892665, 892689, 892713, 892737, 892761, 892785, 892809, 892833, 892857, 892881, 892905, 892929, 892953, 892977, 893001, 893025, 893049, 893073, 893097, 893121, 893145, 893169, 893193, 893217, 893241, 893265, 893289, 893313, 893337, 893358, 893379, 893403, 893427, 893479, 893497, 893521, 893545, 893569, 893593, 893617, 893641, 893665, 893689, 893708, 893730, 893752, 893795, 900060, 900369, 900418, 1179910]"
"('StoreFile.java', 'org.apache.hadoop.hbase.regionserver.StoreFile', 'isReference', '^([0-9a-f]+(?:_SeqId_[0-9]+_)?|(?:[a-zA-Z_0-9][a-zA-Z_0-9.-]*)=(?:[a-f0-9]+)-[0-9a-f]+(?:_SeqId_[0-9]+_)?)\\.(.+)$', '9957f567b057408382eb92c0048b1f84')","[892120, 892182, 892313]"
"('Description.java', 'org.junit.runner.Description', 'methodAndClassNamePatternGroupOrDefault', '([\\s\\S]*)\\((.*)\\)', 'testUngroupedAggregation[CREATE INDEX ATABLE_IDX ON aTable (a_integer) INCLUDE (    A_STRING,     B_STRING,     A_DATE)](com.salesforce.phoenix.end2end.QueryTest)')","[11050, 49460]"
"('Description.java', 'org.junit.runner.Description', 'methodAndClassNamePatternGroupOrDefault', '([\\s\\S]*)\\((.*)\\)', 'testAddPKColumn(com.salesforce.phoenix.end2end.QueryDatabaseMetaDataTest)')","[27523, 65408]"
"('Description.java', 'org.junit.runner.Description', 'methodAndClassNamePatternGroupOrDefault', '([\\s\\S]*)\\((.*)\\)', 'testStarJoin[[Ljava.lang.String;@26a6d290](com.salesforce.phoenix.end2end.HashJoinTest)')","[14630, 52979]"
"('Description.java', 'org.junit.runner.Description', 'methodAndClassNamePatternGroupOrDefault', '([\\s\\S]*)\\((.*)\\)', 'testGetConnectionInfo(com.salesforce.phoenix.jdbc.PhoenixEmbeddedDriverTest)')","[17994, 56102]"
"('StoreFile.java', 'org.apache.hadoop.hbase.regionserver.StoreFile', 'isHFile', '^([0-9a-f]+(?:_SeqId_[0-9]+_)?)', 'fad6b449795c4e2cb4c514bf1cc13d39')","[548916, 548969, 549283]"
"('Description.java', 'org.junit.runner.Description', 'methodAndClassNamePatternGroupOrDefault', '([\\s\\S]*)\\((.*)\\)', 'test[[[a], [1], [A]] [I@15f3cd62 [B@3930e830 LOWER {4}](com.salesforce.phoenix.util.ScanUtilTest)')","[80, 40559]"
"('Description.java', 'org.junit.runner.Description', 'methodAndClassNamePatternGroupOrDefault', '([\\s\\S]*)\\((.*)\\)', 'com.salesforce.phoenix.compile.SelectStatementRewriterTest')","[21218, 1180527]"
"('Description.java', 'org.junit.runner.Description', 'methodAndClassNamePatternGroupOrDefault', '([\\s\\S]*)\\((.*)\\)', 'testDateRangeSumNumberUngroupedAggregation(com.salesforce.phoenix.end2end.ProductMetricsTest)')","[33742, 71326]"
"('StoreFile.java', 'org.apache.hadoop.hbase.regionserver.StoreFile', 'isHFile', '^([0-9a-f]+(?:_SeqId_[0-9]+_)?)', '1da692dcd4af44449e4826883e6f04f1')","[1435205, 1435258]"
"('Description.java', 'org.junit.runner.Description', 'methodAndClassNamePatternGroupOrDefault', '([\\s\\S]*)\\((.*)\\)', 'testMultiRightJoin[[Ljava.lang.String;@26a6d290](com.salesforce.phoenix.end2end.HashJoinTest)')","[14354, 52703]"
"('HTableDescriptor.java', 'org.apache.hadoop.hbase.HTableDescriptor', 'hasCoprocessor', '^coprocessor\\$([0-9]+)$', 'UpgradeTo30')","[83653, 84210, 85227, 85864, 110781, 111338, 112355, 112992, 897251, 897808, 898825, 899462, 1186712, 1187255, 1188246, 1188867, 1240713, 1241256, 1242247, 1242868, 1265132, 1265675, 1266666, 1267287, 1294712, 1295255, 1296246, 1296867, 1312704, 1313247, 1314238, 1314859, 1334702, 1335245, 1336236, 1336857, 1354306, 1354849, 1355840, 1356461, 1399996, 1400539, 1401530, 1402151, 1419814, 1420357, 1421348, 1421969]"
"('Description.java', 'org.junit.runner.Description', 'methodAndClassNamePatternGroupOrDefault', '([\\s\\S]*)\\((.*)\\)', 'testDateSubtract[CREATE INDEX ATABLE_IDX ON aTable (a_integer, a_string) INCLUDE (    B_STRING,     A_DATE)](com.salesforce.phoenix.end2end.QueryTest)')","[8683, 47114]"
"('Description.java', 'org.junit.runner.Description', 'methodAndClassNamePatternGroupOrDefault', '([\\s\\S]*)\\((.*)\\)', 'testDescMultiOrderByExpr(com.salesforce.phoenix.end2end.SpooledOrderByTest)')","[27668, 65540]"
"('Description.java', 'org.junit.runner.Description', 'methodAndClassNamePatternGroupOrDefault', '([\\s\\S]*)\\((.*)\\)', 'testOrFalseFilter(com.salesforce.phoenix.compile.WhereClauseCompileTest)')","[23667, 61866]"
"('StoreFile.java', 'org.apache.hadoop.hbase.regionserver.StoreFile', 'isHFile', '^([0-9a-f]+(?:_SeqId_[0-9]+_)?)', 'c8d666ee9127473ea264c1758dbda1f4')","[1234126, 1234179]"
"('Description.java', 'org.junit.runner.Description', 'methodAndClassNamePatternGroupOrDefault', '([\\s\\S]*)\\((.*)\\)', 'testNullStringValue[CREATE INDEX ATABLE_IDX ON aTable (a_integer, a_string) INCLUDE (    B_STRING,     A_DATE)](com.salesforce.phoenix.end2end.QueryTest)')","[7165, 45596]"
"('HFileLink.java', 'org.apache.hadoop.hbase.io.HFileLink', 'isHFileLink', '^((?:[a-zA-Z_0-9][a-zA-Z_0-9.-]*))=((?:[a-f0-9]+))-([0-9a-f]+(?:_SeqId_[0-9]+_)?)$', '2978d4da3c554ba9bb8559423cb000db')","[1179178, 1179231]"
"('Description.java', 'org.junit.runner.Description', 'methodAndClassNamePatternGroupOrDefault', '([\\s\\S]*)\\((.*)\\)', 'testLimitSumUngroupedAggregation(com.salesforce.phoenix.end2end.ProductMetricsTest)')","[33385, 70952]"
"('Description.java', 'org.junit.runner.Description', 'methodAndClassNamePatternGroupOrDefault', '([\\s\\S]*)\\((.*)\\)', 'testIndexHintParsing(com.salesforce.phoenix.compile.QueryOptimizerTest)')","[18975, 57070]"
"('Description.java', 'org.junit.runner.Description', 'methodAndClassNamePatternGroupOrDefault', '([\\s\\S]*)\\((.*)\\)', 'testNotEqualsByDouble[CREATE INDEX ATABLE_IDX ON aTable (a_integer DESC) INCLUDE (    A_STRING,     B_STRING,     A_DATE)](com.salesforce.phoenix.end2end.QueryTest)')","[4568, 43020]"
"('Description.java', 'org.junit.runner.Description', 'methodAndClassNamePatternGroupOrDefault', '([\\s\\S]*)\\((.*)\\)', 'testAggInWhereClause(com.salesforce.phoenix.compile.QueryCompileTest)')","[21695, 59820]"
"('StoreFile.java', 'org.apache.hadoop.hbase.regionserver.StoreFile', 'isReference', '^([0-9a-f]+(?:_SeqId_[0-9]+_)?|(?:[a-zA-Z_0-9][a-zA-Z_0-9.-]*)=(?:[a-f0-9]+)-[0-9a-f]+(?:_SeqId_[0-9]+_)?)\\.(.+)$', '33122f4c6b7245c7bb4bbec12529e09f')","[287535, 287574]"
"('Description.java', 'org.junit.runner.Description', 'methodAndClassNamePatternGroupOrDefault', '([\\s\\S]*)\\((.*)\\)', 'testCaseInsensitive(com.salesforce.phoenix.compile.QueryMetaDataTest)')","[18475, 56586]"
"('Description.java', 'org.junit.runner.Description', 'methodAndClassNamePatternGroupOrDefault', '([\\s\\S]*)\\((.*)\\)', 'testMultiRightJoin[[Ljava.lang.String;@1249ffc3](com.salesforce.phoenix.end2end.HashJoinTest)')","[14858, 53186]"
"('Description.java', 'org.junit.runner.Description', 'methodAndClassNamePatternGroupOrDefault', '([\\s\\S]*)\\((.*)\\)', 'testFixedVarVar(com.salesforce.phoenix.schema.RowKeySchemaTest)')","[38282, 75704]"
"('Description.java', 'org.junit.runner.Description', 'methodAndClassNamePatternGroupOrDefault', '([\\s\\S]*)\\((.*)\\)', 'testAddVarCols(com.salesforce.phoenix.end2end.AlterTableTest)')","[26613, 64594]"
"('Description.java', 'org.junit.runner.Description', 'methodAndClassNamePatternGroupOrDefault', '([\\s\\S]*)\\((.*)\\)', 'testMultipleTimestampsInSingleDelete(com.salesforce.hbase.index.covered.example.TestEndToEndCoveredIndexing)')","[39308, 76540]"
"('Description.java', 'org.junit.runner.Description', 'methodAndClassNamePatternGroupOrDefault', '([\\s\\S]*)\\((.*)\\)', 'testOrderByUngroupedAggregation(com.salesforce.phoenix.end2end.ProductMetricsTest)')","[34141, 71744]"
"('Description.java', 'org.junit.runner.Description', 'methodAndClassNamePatternGroupOrDefault', '([\\s\\S]*)\\((.*)\\)', '[[[a], [[1 - 2]], [B]] [I@3763fa09 [B@4b48148 LOWER {4}]')",[277]
"('ServerName.java', 'org.apache.hadoop.hbase.ServerName', 'parseServerName', '[^,]+,[\\d]+,[\\d]+$', 'bn19-236.dcs.mcnc.org,33794,1516005579883')","[1289873, 1289881, 1289983, 1290003, 1290023, 1290047, 1290071, 1290095, 1290119, 1290143, 1290167, 1290191, 1290215, 1290239, 1290263, 1290287, 1290311, 1290335, 1290359, 1290383, 1290407, 1290431, 1290455, 1290479, 1290503, 1290527, 1290551, 1290575, 1290599, 1290623, 1290647, 1290671, 1290695, 1290719, 1290743, 1290767, 1290791, 1290815, 1290839, 1290863, 1290887, 1290911, 1290935, 1290959, 1290983, 1291004, 1291025, 1291083, 1291107, 1291125, 1291143, 1291167, 1291191, 1291215, 1291239, 1291258, 1291280, 1291302, 1291344, 1297427, 1297452, 1297500, 1297809, 1297857, 1306612]"
"('HTableDescriptor.java', 'org.apache.hadoop.hbase.HTableDescriptor', 'hasCoprocessor', '^coprocessor\\$([0-9]+)$', 'MAX_FILESIZE')","[122157, 122256, 122512, 122677, 123029, 123260, 123708, 124005, 1026618, 1026714, 1026962, 1027122, 1027463, 1027687, 1028121, 1028409, 1028875, 1028971, 1029219, 1029379, 1029720, 1029944, 1030378, 1030666, 1031132, 1031228, 1031476, 1031636, 1031977, 1032201, 1032635, 1032923]"
"('Description.java', 'org.junit.runner.Description', 'methodAndClassNamePatternGroupOrDefault', '([\\s\\S]*)\\((.*)\\)', 'test[ScanRanges[[[b]]] a](com.salesforce.phoenix.compile.ScanRangesTest)')","[2645, 41870]"
"('HTableDescriptor.java', 'org.apache.hadoop.hbase.HTableDescriptor', 'addCoprocessor', '^coprocessor\\$([0-9]+)$', 'IS_ROOT')","[80512, 81024, 81733, 82639, 84486, 86140, 87371, 87765, 88356, 89144, 90519, 91107, 91461, 91992, 92700, 93896, 107640, 108152, 108861, 109767, 111614, 113268, 114464, 114858, 115449, 116237, 117612, 118193, 118557, 119103, 119831, 121060, 122288, 122709, 123292, 124037, 894110, 894622, 895331, 896237, 898084, 899738, 900934, 901328, 901919, 902707, 904082, 904668, 905042, 905603, 906351, 907613, 908194, 908568, 909129, 909877, 911139, 911720, 912094, 912655, 913403, 914665, 915246, 915620, 916181, 916929, 918191, 1026745, 1027153, 1027718, 1028440, 1029002, 1029410, 1029975, 1030697, 1031259, 1031667, 1032232, 1032954, 1183651, 1184150, 1184841, 1185724, 1187524, 1189136, 1190368, 1190752, 1191328, 1192096, 1193436, 1194017, 1194391, 1194952, 1195700, 1196962, 1199455, 1199839, 1200415, 1201183, 1202478, 1203681, 1204065, 1204641, 1205409, 1206704, 1237652, 1238151, 1238842, 1239725, 1241525, 1243137, 1244369, 1244753, 1245329, 1246097, 1247437, 1248018, 1248392, 1248953, 1249701, 1250963, 1262071, 1262570, 1263261, 1264144, 1265944, 1267556, 1268738, 1269122, 1269698, 1270466, 1271806, 1272382, 1272746, 1273292, 1274020, 1275249, 1277692, 1278056, 1278602, 1279330, 1280559, 1291651, 1292150, 1292841, 1293724, 1295524, 1297136, 1298368, 1298752, 1299328, 1300096, 1301436, 1302017, 1302391, 1302952, 1303700, 1304962, 1309643, 1310142, 1310833, 1311716, 1313516, 1315128, 1316310, 1316694, 1317270, 1318038, 1319378, 1319964, 1320348, 1320924, 1321692, 1322987, 1331641, 1332140, 1332831, 1333714, 1335514, 1337126, 1338308, 1338692, 1339268, 1340036, 1341376, 1341957, 1342331, 1342892, 1343640, 1344902, 1351245, 1351744, 1352435, 1353318, 1355118, 1356730, 1357912, 1358296, 1358872, 1359640, 1360980, 1361556, 1361920, 1362466, 1363194, 1364423, 1369386, 1369750, 1370296, 1371024, 1372253, 1396935, 1397434, 1398125, 1399008, 1400808, 1402420, 1403602, 1403986, 1404562, 1405330, 1406670, 1407251, 1407625, 1408186, 1408934, 1410196, 1416753, 1417252, 1417943, 1418826, 1420626, 1422238, 1423420, 1423804, 1424380, 1425148, 1426488, 1427054, 1427398, 1427914, 1428602, 1429765]"
"('Description.java', 'org.junit.runner.Description', 'methodAndClassNamePatternGroupOrDefault', '([\\s\\S]*)\\((.*)\\)', 'testTernarySubtractionExpression[CREATE INDEX ATABLE_IDX ON aTable (a_integer, a_string) INCLUDE (    B_STRING,     A_DATE)](com.salesforce.phoenix.end2end.QueryTest)')","[7303, 45734]"
"('Description.java', 'org.junit.runner.Description', 'methodAndClassNamePatternGroupOrDefault', '([\\s\\S]*)\\((.*)\\)', 'testUpsertSelectForAgg(com.salesforce.phoenix.end2end.UpsertSelectTest)')","[31089, 68686]"
"('HFileLink.java', 'org.apache.hadoop.hbase.io.HFileLink', 'isHFileLink', '^((?:[a-zA-Z_0-9][a-zA-Z_0-9.-]*))=((?:[a-f0-9]+))-([0-9a-f]+(?:_SeqId_[0-9]+_)?)$', '5fff3c0eb0fd4c5aa8037d1c7e23d78c')","[1306410, 1306463]"
"('Description.java', 'org.junit.runner.Description', 'methodAndClassNamePatternGroupOrDefault', '([\\s\\S]*)\\((.*)\\)', 'testCompareLongLTEDecimal(com.salesforce.phoenix.end2end.CompareDecimalToLongTest)')","[26237, 64220]"
"('Description.java', 'org.junit.runner.Description', 'methodAndClassNamePatternGroupOrDefault', '([\\s\\S]*)\\((.*)\\)', 'testSiblingOrKeyExpression(com.salesforce.phoenix.compile.WhereClauseOptimizerTest)')","[19750, 57862]"
"('Description.java', 'org.junit.runner.Description', 'methodAndClassNamePatternGroupOrDefault', '([\\s\\S]*)\\((.*)\\)', 'testMultiKeyValueCoveredSaltedIndex(com.salesforce.phoenix.index.IndexMaintainerTest)')","[15971, 54122]"
"('Description.java', 'org.junit.runner.Description', 'methodAndClassNamePatternGroupOrDefault', '([\\s\\S]*)\\((.*)\\)', 'com.salesforce.phoenix.end2end.ToNumberFunctionTest')",[34389]
"('StoreFile.java', 'org.apache.hadoop.hbase.regionserver.StoreFile', 'isHFile', '^([0-9a-f]+(?:_SeqId_[0-9]+_)?)', '07510553f5b94308b2ffad3a2d98dc07')","[1258815, 1258868]"
"('Description.java', 'org.junit.runner.Description', 'methodAndClassNamePatternGroupOrDefault', '([\\s\\S]*)\\((.*)\\)', 'testDateSubtract[CREATE INDEX ATABLE_IDX ON aTable (a_integer) INCLUDE (    A_STRING,     B_STRING,     A_DATE)](com.salesforce.phoenix.end2end.QueryTest)')","[11165, 49575]"
"('Description.java', 'org.junit.runner.Description', 'methodAndClassNamePatternGroupOrDefault', '([\\s\\S]*)\\((.*)\\)', 'testTrailingSubstrExpression(com.salesforce.phoenix.compile.WhereClauseOptimizerTest)')","[20254, 58390]"
"('Description.java', 'org.junit.runner.Description', 'methodAndClassNamePatternGroupOrDefault', '([\\s\\S]*)\\((.*)\\)', 'testCoerceLongToDecimal2[CREATE INDEX ATABLE_IDX ON aTable (a_integer) INCLUDE (    A_STRING,     B_STRING,     A_DATE)](com.salesforce.phoenix.end2end.QueryTest)')","[9900, 48310]"
"('Description.java', 'org.junit.runner.Description', 'methodAndClassNamePatternGroupOrDefault', '([\\s\\S]*)\\((.*)\\)', 'testNotEqualsByDouble[CREATE INDEX ATABLE_IDX ON aTable (a_integer) INCLUDE (    A_STRING,     B_STRING,     A_DATE)](com.salesforce.phoenix.end2end.QueryTest)')","[9532, 47942]"
"('Description.java', 'org.junit.runner.Description', 'methodAndClassNamePatternGroupOrDefault', '([\\s\\S]*)\\((.*)\\)', 'testRightJoinWithAggregation[[Ljava.lang.String;@26a6d290](com.salesforce.phoenix.end2end.HashJoinTest)')","[14607, 52956]"
"('Description.java', 'org.junit.runner.Description', 'methodAndClassNamePatternGroupOrDefault', '([\\s\\S]*)\\((.*)\\)', 'testDeleteAllFromTableWithIndexNoAutoCommitSalted(com.salesforce.phoenix.end2end.DeleteTest)')","[32843, 70424]"
"('HFileLink.java', 'org.apache.hadoop.hbase.io.HFileLink', 'isHFileLink', '^((?:[a-zA-Z_0-9][a-zA-Z_0-9.-]*))=((?:[a-f0-9]+))-([0-9a-f]+(?:_SeqId_[0-9]+_)?)$', '2b76f5af639a4589aaaac8335de135e6')","[890665, 890718]"
"('Description.java', 'org.junit.runner.Description', 'methodAndClassNamePatternGroupOrDefault', '([\\s\\S]*)\\((.*)\\)', 'testQueryMoreWithLeadingPKColSkippedInRowValueConstructor(com.salesforce.phoenix.end2end.RowValueConstructorTest)')","[24833, 62988]"
"('StoreFile.java', 'org.apache.hadoop.hbase.regionserver.StoreFile', 'isHFile', '^([0-9a-f]+(?:_SeqId_[0-9]+_)?)', 'c865fa1cfa5d4e9a85253dc1d92490db')","[1288019, 1288072]"
"('Description.java', 'org.junit.runner.Description', 'methodAndClassNamePatternGroupOrDefault', '([\\s\\S]*)\\((.*)\\)', 'testParameterUnbound(com.salesforce.phoenix.compile.QueryCompileTest)')","[22619, 60788]"
"('Description.java', 'org.junit.runner.Description', 'methodAndClassNamePatternGroupOrDefault', '([\\s\\S]*)\\((.*)\\)', 'testKeyFilterWithPatternParam(com.salesforce.phoenix.end2end.ToNumberFunctionTest)')","[34452, 72030]"
"('StoreFile.java', 'org.apache.hadoop.hbase.regionserver.StoreFile', 'isReference', '^([0-9a-f]+(?:_SeqId_[0-9]+_)?|(?:[a-zA-Z_0-9][a-zA-Z_0-9.-]*)=(?:[a-f0-9]+)-[0-9a-f]+(?:_SeqId_[0-9]+_)?)\\.(.+)$', '3bb129381ac0483c993a4d16c70d5cef')","[1178772, 1178825]"
"('Description.java', 'org.junit.runner.Description', 'methodAndClassNamePatternGroupOrDefault', '([\\s\\S]*)\\((.*)\\)', 'test[[[a], [(* - *)], [[A - B]]] [I@4d5dd716 [B@4bd40d08 LOWER {4}](com.salesforce.phoenix.util.ScanUtilTest)')","[432, 40743]"
"('Description.java', 'org.junit.runner.Description', 'methodAndClassNamePatternGroupOrDefault', '([\\s\\S]*)\\((.*)\\)', 'equalityDescCompositePK1(com.salesforce.phoenix.end2end.DescColumnSortOrderTest)')","[28925, 66618]"
"('StoreFile.java', 'org.apache.hadoop.hbase.regionserver.StoreFile', 'isReference', '^([0-9a-f]+(?:_SeqId_[0-9]+_)?|(?:[a-zA-Z_0-9][a-zA-Z_0-9.-]*)=(?:[a-f0-9]+)-[0-9a-f]+(?:_SeqId_[0-9]+_)?)\\.(.+)$', '3819d3dcf998429197e711323a71b973')","[1306534, 1306587]"
"('Description.java', 'org.junit.runner.Description', 'methodAndClassNamePatternGroupOrDefault', '([\\s\\S]*)\\((.*)\\)', 'testLowerFunction(com.salesforce.phoenix.end2end.VariableLengthPKTest)')","[32282, 69896]"
"('Description.java', 'org.junit.runner.Description', 'methodAndClassNamePatternGroupOrDefault', '([\\s\\S]*)\\((.*)\\)', 'testRVCAllColsForTableWithSecondaryIndexBasic(com.salesforce.phoenix.compile.QueryOptimizerTest)')","[19080, 57180]"
"('Description.java', 'org.junit.runner.Description', 'methodAndClassNamePatternGroupOrDefault', '([\\s\\S]*)\\((.*)\\)', 'testRoundParameterMetaData(com.salesforce.phoenix.compile.QueryMetaDataTest)')","[18496, 56608]"
"('Description.java', 'org.junit.runner.Description', 'methodAndClassNamePatternGroupOrDefault', '([\\s\\S]*)\\((.*)\\)', 'testValidArithmetic[CREATE INDEX ATABLE_IDX ON aTable (a_integer, a_string) INCLUDE (    B_STRING,     A_DATE)](com.salesforce.phoenix.end2end.QueryTest)')","[8453, 46884]"
"('StoreFile.java', 'org.apache.hadoop.hbase.regionserver.StoreFile', 'isReference', '^([0-9a-f]+(?:_SeqId_[0-9]+_)?|(?:[a-zA-Z_0-9][a-zA-Z_0-9.-]*)=(?:[a-f0-9]+)-[0-9a-f]+(?:_SeqId_[0-9]+_)?)\\.(.+)$', 'b198bcbf48a64e1bbcb56a795143a269')","[104433, 104486]"
"('Description.java', 'org.junit.runner.Description', 'methodAndClassNamePatternGroupOrDefault', '([\\s\\S]*)\\((.*)\\)', 'testDoesNotSupportCompressedWAL(com.salesforce.hbase.index.TestFailForUnsupportedHBaseVersions)')","[38650, 75990]"
"('Description.java', 'org.junit.runner.Description', 'methodAndClassNamePatternGroupOrDefault', '([\\s\\S]*)\\((.*)\\)', 'testOrTrueFilter(com.salesforce.phoenix.compile.WhereClauseCompileTest)')","[23478, 61668]"
"('StoreFile.java', 'org.apache.hadoop.hbase.regionserver.StoreFile', 'isReference', '^([0-9a-f]+(?:_SeqId_[0-9]+_)?|(?:[a-zA-Z_0-9][a-zA-Z_0-9.-]*)=(?:[a-f0-9]+)-[0-9a-f]+(?:_SeqId_[0-9]+_)?)\\.(.+)$', '0c6608a4555749019922c263266bae53')","[1434870, 1434923]"
"('Description.java', 'org.junit.runner.Description', 'methodAndClassNamePatternGroupOrDefault', '([\\s\\S]*)\\((.*)\\)', 'testBindVarsInRowValueConstructor(com.salesforce.phoenix.end2end.RowValueConstructorTest)')","[24854, 63010]"
"('Description.java', 'org.junit.runner.Description', 'methodAndClassNamePatternGroupOrDefault', '([\\s\\S]*)\\((.*)\\)', 'testSmallIntSubtractionExpression[](com.salesforce.phoenix.end2end.QueryTest)')","[12244, 50633]"
"('HFileLink.java', 'org.apache.hadoop.hbase.io.HFileLink', 'isHFileLink', '^((?:[a-zA-Z_0-9][a-zA-Z_0-9.-]*))=((?:[a-f0-9]+))-([0-9a-f]+(?:_SeqId_[0-9]+_)?)$', '6bfd03853d014e2fa146951b70c79dc1')","[1435064, 1435117]"
"('Description.java', 'org.junit.runner.Description', 'methodAndClassNamePatternGroupOrDefault', '([\\s\\S]*)\\((.*)\\)', 'testDateSubtract[](com.salesforce.phoenix.end2end.QueryTest)')","[13647, 52036]"
"('Description.java', 'org.junit.runner.Description', 'methodAndClassNamePatternGroupOrDefault', '([\\s\\S]*)\\((.*)\\)', 'testShutdownGetsNewThreadPool(com.salesforce.hbase.index.parallel.TestThreadPoolManager)')","[38467, 75858]"
"('Description.java', 'org.junit.runner.Description', 'methodAndClassNamePatternGroupOrDefault', '([\\s\\S]*)\\((.*)\\)', 'testLowerBoundRangeScan[CREATE INDEX ATABLE_IDX ON aTable (a_integer) INCLUDE (    A_STRING,     B_STRING,     A_DATE)](com.salesforce.phoenix.end2end.QueryTest)')","[10176, 48586]"
"('Description.java', 'org.junit.runner.Description', 'methodAndClassNamePatternGroupOrDefault', '([\\s\\S]*)\\((.*)\\)', 'lessThanTrailingDescCompositePK(com.salesforce.phoenix.end2end.DescColumnSortOrderTest)')","[29072, 66772]"
"('Description.java', 'org.junit.runner.Description', 'methodAndClassNamePatternGroupOrDefault', '([\\s\\S]*)\\((.*)\\)', 'testInvalidTrailingCommaOnCreateTable(com.salesforce.phoenix.parse.QueryParserTest)')","[16326, 54474]"
"('Description.java', 'org.junit.runner.Description', 'methodAndClassNamePatternGroupOrDefault', '([\\s\\S]*)\\((.*)\\)', 'testInListWithAnd2FilterScanKey(com.salesforce.phoenix.compile.WhereClauseCompileTest)')","[23457, 61646]"
"('Description.java', 'org.junit.runner.Description', 'methodAndClassNamePatternGroupOrDefault', '([\\s\\S]*)\\((.*)\\)', 'testDeleteColumnsInThePast(com.salesforce.hbase.index.covered.example.TestEndtoEndIndexingWithCompression)')","[38793, 76100]"
"('HFileLink.java', 'org.apache.hadoop.hbase.io.HFileLink', 'isHFileLink', '^((?:[a-zA-Z_0-9][a-zA-Z_0-9.-]*))=((?:[a-f0-9]+))-([0-9a-f]+(?:_SeqId_[0-9]+_)?)$', '799c74fb144c47c995f39f3aeb40fcac')","[890877, 890930]"
"('Description.java', 'org.junit.runner.Description', 'methodAndClassNamePatternGroupOrDefault', '([\\s\\S]*)\\((.*)\\)', 'testUseOfFunctionOnLHSInMiddleOfRVCForLTE(com.salesforce.phoenix.compile.WhereClauseOptimizerTest)')","[20695, 58852]"
"('Description.java', 'org.junit.runner.Description', 'methodAndClassNamePatternGroupOrDefault', '([\\s\\S]*)\\((.*)\\)', 'testBoundaryGreaterThanRound(com.salesforce.phoenix.compile.WhereClauseOptimizerTest)')","[20821, 58984]"
"('Description.java', 'org.junit.runner.Description', 'methodAndClassNamePatternGroupOrDefault', '([\\s\\S]*)\\((.*)\\)', 'testColumnAliasMapping[CREATE INDEX ATABLE_IDX ON aTable (a_integer) INCLUDE (    A_STRING,     B_STRING,     A_DATE)](com.salesforce.phoenix.end2end.QueryTest)')","[9969, 48379]"
"('Description.java', 'org.junit.runner.Description', 'methodAndClassNamePatternGroupOrDefault', '([\\s\\S]*)\\((.*)\\)', 'com.salesforce.phoenix.end2end.GroupByCaseTest')",[30715]
"('Description.java', 'org.junit.runner.Description', 'methodAndClassNamePatternGroupOrDefault', '([\\s\\S]*)\\((.*)\\)', 'testRegexReplaceFunction(com.salesforce.phoenix.end2end.VariableLengthPKTest)')","[31736, 69324]"
"('Description.java', 'org.junit.runner.Description', 'methodAndClassNamePatternGroupOrDefault', '([\\s\\S]*)\\((.*)\\)', 'testPercentRankDescOnDECIMALColumn(com.salesforce.phoenix.end2end.PercentileTest)')","[30446, 68092]"
"('Description.java', 'org.junit.runner.Description', 'methodAndClassNamePatternGroupOrDefault', '([\\s\\S]*)\\((.*)\\)', 'testFloorDate(com.salesforce.phoenix.end2end.RoundFloorCeilFunctionsEnd2EndTest)')","[35450, 72976]"
"('Description.java', 'org.junit.runner.Description', 'methodAndClassNamePatternGroupOrDefault', '([\\s\\S]*)\\((.*)\\)', 'testCountIsNull[](com.salesforce.phoenix.end2end.QueryTest)')","[13348, 51737]"
"('StoreFile.java', 'org.apache.hadoop.hbase.regionserver.StoreFile', 'isHFile', '^([0-9a-f]+(?:_SeqId_[0-9]+_)?)', '7f5a4ae14c7042eeadb0b83b86f3de3a')","[890276, 890329]"
"('Description.java', 'org.junit.runner.Description', 'methodAndClassNamePatternGroupOrDefault', '([\\s\\S]*)\\((.*)\\)', 'test[ScanRanges[[[b], [1], [[A - B]]]] (* - a0Z]](com.salesforce.phoenix.compile.ScanRangesTest)')","[3349, 42238]"
"('HFileLink.java', 'org.apache.hadoop.hbase.io.HFileLink', 'isHFileLink', '^((?:[a-zA-Z_0-9][a-zA-Z_0-9.-]*))=((?:[a-f0-9]+))-([0-9a-f]+(?:_SeqId_[0-9]+_)?)$', '1da692dcd4af44449e4826883e6f04f1')","[1435170, 1435223]"
"('Description.java', 'org.junit.runner.Description', 'methodAndClassNamePatternGroupOrDefault', '([\\s\\S]*)\\((.*)\\)', '[[[a], [[1 - 2]]] [I@edeaa44 [B@3c7c5dfc UPPER {4}]')",[585]
"('Description.java', 'org.junit.runner.Description', 'methodAndClassNamePatternGroupOrDefault', '([\\s\\S]*)\\((.*)\\)', 'testImmutableTableIndexMaintanenceSalted(com.salesforce.phoenix.end2end.index.ImmutableIndexTest)')","[28204, 66002]"
"('Description.java', 'org.junit.runner.Description', 'methodAndClassNamePatternGroupOrDefault', '([\\s\\S]*)\\((.*)\\)', 'testRightJoinWithAggregation[[Ljava.lang.String;@1249ffc3](com.salesforce.phoenix.end2end.HashJoinTest)')","[15111, 53439]"
"('HTableDescriptor.java', 'org.apache.hadoop.hbase.HTableDescriptor', 'addCoprocessor', '^coprocessor\\$([0-9]+)$', 'UpgradeTo20')","[84447, 86101, 111575, 113229, 898045, 899699, 1187486, 1189098, 1241487, 1243099, 1265906, 1267518, 1295486, 1297098, 1313478, 1315090, 1335476, 1337088, 1355080, 1356692, 1400770, 1402382, 1420588, 1422200]"
"('Description.java', 'org.junit.runner.Description', 'methodAndClassNamePatternGroupOrDefault', '([\\s\\S]*)\\((.*)\\)', '[[[a], [(* - *)]] [I@31e41769 [B@75bd0815 LOWER {4}]')",[365]
"('Description.java', 'org.junit.runner.Description', 'methodAndClassNamePatternGroupOrDefault', '([\\s\\S]*)\\((.*)\\)', 'test[ScanRanges[[[a], [1], [[A - B]]]] [a0A - *)](com.salesforce.phoenix.compile.ScanRangesTest)')","[3569, 42353]"
"('Description.java', 'org.junit.runner.Description', 'methodAndClassNamePatternGroupOrDefault', '([\\s\\S]*)\\((.*)\\)', 'testIntDivideExpression[CREATE INDEX ATABLE_IDX ON aTable (a_integer, a_string) INCLUDE (    B_STRING,     A_DATE)](com.salesforce.phoenix.end2end.QueryTest)')","[9005, 47436]"
"('StoreFile.java', 'org.apache.hadoop.hbase.regionserver.StoreFile', 'isHFile', '^([0-9a-f]+(?:_SeqId_[0-9]+_)?)', 'a15c1ff147654ebc980d46346ae021e6')","[1413399, 1413505]"
"('Description.java', 'org.junit.runner.Description', 'methodAndClassNamePatternGroupOrDefault', '([\\s\\S]*)\\((.*)\\)', 'testCreateSequence(com.salesforce.phoenix.end2end.SequenceTest)')","[29887, 67586]"
"('Description.java', 'org.junit.runner.Description', 'methodAndClassNamePatternGroupOrDefault', '([\\s\\S]*)\\((.*)\\)', 'testDecimalAddExpression[](com.salesforce.phoenix.end2end.QueryTest)')","[11715, 50104]"
"('Description.java', 'org.junit.runner.Description', 'methodAndClassNamePatternGroupOrDefault', '([\\s\\S]*)\\((.*)\\)', 'testDateConversions(com.salesforce.phoenix.schema.PDataTypeTest)')","[37887, 75330]"
"('RegionCoprocessorHost.java', 'org.apache.hadoop.hbase.regionserver.RegionCoprocessorHost', 'loadTableCoprocessors', '(^[^\\|]*)\\|([^\\|]+)\\|[\\s]*([\\d]*)[\\s]*(\\|.*)?$', '|com.salesforce.phoenix.coprocessor.MetaDataRegionObserver|2|')","[86552, 86958, 113675, 114063, 900145, 900533, 1189585, 1189972, 1243586, 1243973, 1267955, 1268342, 1297585, 1297972, 1315527, 1315914, 1337525, 1337912, 1357129, 1357516, 1402819, 1403206, 1422637, 1423024]"
"('StoreFile.java', 'org.apache.hadoop.hbase.regionserver.StoreFile', 'isReference', '^([0-9a-f]+(?:_SeqId_[0-9]+_)?|(?:[a-zA-Z_0-9][a-zA-Z_0-9.-]*)=(?:[a-f0-9]+)-[0-9a-f]+(?:_SeqId_[0-9]+_)?)\\.(.+)$', 'c865fa1cfa5d4e9a85253dc1d92490db')","[1288002, 1288055]"
"('Description.java', 'org.junit.runner.Description', 'methodAndClassNamePatternGroupOrDefault', '([\\s\\S]*)\\((.*)\\)', 'testMixedTypeInListStatement[CREATE INDEX ATABLE_IDX ON aTable (a_integer DESC) INCLUDE (    A_STRING,     B_STRING,     A_DATE)](com.salesforce.phoenix.end2end.QueryTest)')","[5488, 43940]"
"('RegionCoprocessorHost.java', 'org.apache.hadoop.hbase.regionserver.RegionCoprocessorHost', 'loadTableCoprocessors', '(^[^\\|]*)\\|([^\\|]+)\\|[\\s]*([\\d]*)[\\s]*(\\|.*)?$', '|com.salesforce.hbase.index.Indexer|1073741823|com.salesforce.hbase.index.codec.class=com.salesforce.phoenix.index.PhoenixIndexCodec,index.builder=com.salesforce.phoenix.index.PhoenixIndexBuilder')","[94127, 94178, 94229, 94739, 94943, 95028, 95351, 121296, 121449, 121534, 121908, 287008, 287212, 499044, 499248, 710953, 711157, 860360, 860564, 907854, 911380, 914906, 918432, 1197203, 1197407, 1197611, 1197815, 1202724, 1202928, 1203132, 1203336, 1206950, 1207035, 1207307, 1207562, 1251204, 1251391, 1251612, 1251816, 1275485, 1275689, 1275893, 1276097, 1280795, 1280999, 1281203, 1281407, 1305203, 1305407, 1305611, 1305815, 1323233, 1323437, 1323641, 1323845, 1345143, 1364659, 1364761, 1364948, 1365271, 1372489, 1372693, 1372897, 1373101, 1410437, 1429991]"
"('Description.java', 'org.junit.runner.Description', 'methodAndClassNamePatternGroupOrDefault', '([\\s\\S]*)\\((.*)\\)', 'testCastingStringToDecimalInWhere(com.salesforce.phoenix.compile.QueryCompileTest)')","[22451, 60612]"
"('Description.java', 'org.junit.runner.Description', 'methodAndClassNamePatternGroupOrDefault', '([\\s\\S]*)\\((.*)\\)', 'testJoinWithIncomparableJoinKeyTypes[[Ljava.lang.String;@1249ffc3](com.salesforce.phoenix.end2end.HashJoinTest)')","[15042, 53370]"
"('Description.java', 'org.junit.runner.Description', 'methodAndClassNamePatternGroupOrDefault', '([\\s\\S]*)\\((.*)\\)', 'testUnknownFamilyNameInTableOption(com.salesforce.phoenix.compile.QueryCompileTest)')","[22682, 60854]"
"('Description.java', 'org.junit.runner.Description', 'methodAndClassNamePatternGroupOrDefault', '([\\s\\S]*)\\((.*)\\)', 'test[[[a], [[1 - 2]], [A]] [I@2008705a [B@a083524 LOWER {4}](com.salesforce.phoenix.util.ScanUtilTest)')","[168, 40605]"
"('Description.java', 'org.junit.runner.Description', 'methodAndClassNamePatternGroupOrDefault', '([\\s\\S]*)\\((.*)\\)', 'testOrderByDropped(com.salesforce.phoenix.compile.QueryOptimizerTest)')","[18849, 56938]"
"('Description.java', 'org.junit.runner.Description', 'methodAndClassNamePatternGroupOrDefault', '([\\s\\S]*)\\((.*)\\)', 'testAvgUngroupedAggregationOnValueField(com.salesforce.phoenix.end2end.ProductMetricsTest)')","[33070, 70622]"
"('StoreFile.java', 'org.apache.hadoop.hbase.regionserver.StoreFile', 'isHFile', '^([0-9a-f]+(?:_SeqId_[0-9]+_)?)', '682f9fb986874729b0fba341a66baf11')","[1349388, 1349450, 1349566]"
"('StoreFile.java', 'org.apache.hadoop.hbase.regionserver.StoreFile', 'isReference', '^([0-9a-f]+(?:_SeqId_[0-9]+_)?|(?:[a-zA-Z_0-9][a-zA-Z_0-9.-]*)=(?:[a-f0-9]+)-[0-9a-f]+(?:_SeqId_[0-9]+_)?)\\.(.+)$', '04eb9ac4da1a4a188e218f0eda5d1b29')","[1306216, 1306269]"
"('Description.java', 'org.junit.runner.Description', 'methodAndClassNamePatternGroupOrDefault', '([\\s\\S]*)\\((.*)\\)', 'testCompositeRowKeyVarFixedAtEndIndex(com.salesforce.phoenix.index.IndexMaintainerTest)')","[15908, 54056]"
"('Description.java', 'org.junit.runner.Description', 'methodAndClassNamePatternGroupOrDefault', '([\\s\\S]*)\\((.*)\\)', 'regexpReplace(com.salesforce.phoenix.expression.DescColumnSortOrderExpressionTest)')","[17582, 55750]"
"('Description.java', 'org.junit.runner.Description', 'methodAndClassNamePatternGroupOrDefault', '([\\s\\S]*)\\((.*)\\)', 'com.salesforce.phoenix.end2end.DynamicFamilyTest')",[31297]
"('RegionCoprocessorHost.java', 'org.apache.hadoop.hbase.regionserver.RegionCoprocessorHost', 'loadTableCoprocessors', '^coprocessor\\$([0-9]+)$', 'SPLIT_POLICY')","[86868, 113978, 900448, 1189887, 1243888, 1268257, 1297887, 1315829, 1337827, 1357431, 1403121, 1422939]"
"('Description.java', 'org.junit.runner.Description', 'methodAndClassNamePatternGroupOrDefault', '([\\s\\S]*)\\((.*)\\)', 'com.salesforce.phoenix.compile.LimitClauseTest')","[24041, 1180689]"
"('StoreFile.java', 'org.apache.hadoop.hbase.regionserver.StoreFile', 'isHFile', '^([0-9a-f]+(?:_SeqId_[0-9]+_)?)', 'ea2502200ece4ec29045721a861c9d37')","[1306339, 1306392]"
"('Description.java', 'org.junit.runner.Description', 'methodAndClassNamePatternGroupOrDefault', '([\\s\\S]*)\\((.*)\\)', 'testIsNullInPK(com.salesforce.phoenix.end2end.VariableLengthPKTest)')","[32156, 69764]"
"('Description.java', 'org.junit.runner.Description', 'methodAndClassNamePatternGroupOrDefault', '([\\s\\S]*)\\((.*)\\)', '[[[a], [(* - *)]] [I@31185689 [B@34d9558d UPPER {4}]')",[805]
"('Description.java', 'org.junit.runner.Description', 'methodAndClassNamePatternGroupOrDefault', '([\\s\\S]*)\\((.*)\\)', 'testCollapseWhere(com.salesforce.phoenix.compile.SelectStatementRewriterTest)')","[21323, 59490]"
"('Description.java', 'org.junit.runner.Description', 'methodAndClassNamePatternGroupOrDefault', '([\\s\\S]*)\\((.*)\\)', 'testFloorDecimalInWhere(com.salesforce.phoenix.end2end.RoundFloorCeilFunctionsEnd2EndTest)')","[35702, 73240]"
"('Description.java', 'org.junit.runner.Description', 'methodAndClassNamePatternGroupOrDefault', '([\\s\\S]*)\\((.*)\\)', 'testTenantSpecificTableCannotOverrideParentCol(com.salesforce.phoenix.end2end.TenantSpecificTablesDDLTest)')","[36076, 73592]"
"('Description.java', 'org.junit.runner.Description', 'methodAndClassNamePatternGroupOrDefault', '([\\s\\S]*)\\((.*)\\)', 'testCompareLongGTDecimal2(com.salesforce.phoenix.end2end.CompareDecimalToLongTest)')","[26216, 64198]"
"('Description.java', 'org.junit.runner.Description', 'methodAndClassNamePatternGroupOrDefault', '([\\s\\S]*)\\((.*)\\)', 'testIntToDecimalMultiplyExpression[CREATE INDEX ATABLE_IDX ON aTable (a_integer) INCLUDE (    A_STRING,     B_STRING,     A_DATE)](com.salesforce.phoenix.end2end.QueryTest)')","[11625, 50035]"
"('HFileLink.java', 'org.apache.hadoop.hbase.io.HFileLink', 'isHFileLink', '^((?:[a-zA-Z_0-9][a-zA-Z_0-9.-]*))=((?:[a-f0-9]+))-([0-9a-f]+(?:_SeqId_[0-9]+_)?)$', '0564478fe28245f4b1d745199ec9f6db')","[1347904, 1347957]"
"('Description.java', 'org.junit.runner.Description', 'methodAndClassNamePatternGroupOrDefault', '([\\s\\S]*)\\((.*)\\)', 'testVariableLengthArrayWithNullValue(com.salesforce.phoenix.end2end.ArrayTest)')","[25598, 63670]"
"('HFileLink.java', 'org.apache.hadoop.hbase.io.HFileLink', 'isHFileLink', '^((?:[a-zA-Z_0-9][a-zA-Z_0-9.-]*))=((?:[a-f0-9]+))-([0-9a-f]+(?:_SeqId_[0-9]+_)?)$', '80a65c44fcdf41e781bf38f2ff1b5c1f')","[1179602, 1179655]"
"('HFileLink.java', 'org.apache.hadoop.hbase.io.HFileLink', 'isHFileLink', '^((?:[a-zA-Z_0-9][a-zA-Z_0-9.-]*))=((?:[a-f0-9]+))-([0-9a-f]+(?:_SeqId_[0-9]+_)?)$', '2a790e22c4564ba2b3d89284ff22295c')","[1260117, 1260179, 1260303, 1260317]"
"('Description.java', 'org.junit.runner.Description', 'methodAndClassNamePatternGroupOrDefault', '([\\s\\S]*)\\((.*)\\)', 'testSelectNextValueForMultipleConnWithConnClose(com.salesforce.phoenix.end2end.SequenceTest)')","[29908, 67608]"
"('HFileLink.java', 'org.apache.hadoop.hbase.io.HFileLink', 'isHFileLink', '^((?:[a-zA-Z_0-9][a-zA-Z_0-9.-]*))=((?:[a-f0-9]+))-([0-9a-f]+(?:_SeqId_[0-9]+_)?)$', '6fe7b64288eb4da69b3842265b4ac45b')","[1178966, 1179019]"
"('Description.java', 'org.junit.runner.Description', 'methodAndClassNamePatternGroupOrDefault', '([\\s\\S]*)\\((.*)\\)', 'com.salesforce.phoenix.end2end.DistinctCountTest')",[34973]
"('Description.java', 'org.junit.runner.Description', 'methodAndClassNamePatternGroupOrDefault', '([\\s\\S]*)\\((.*)\\)', 'testDateAdditionExpressionMetaData2(com.salesforce.phoenix.compile.QueryMetaDataTest)')","[18349, 56454]"
"('Description.java', 'org.junit.runner.Description', 'methodAndClassNamePatternGroupOrDefault', '([\\s\\S]*)\\((.*)\\)', 'testMultiColumnEqScanKey(com.salesforce.phoenix.end2end.VariableLengthPKTest)')","[31820, 69412]"
"('HFileLink.java', 'org.apache.hadoop.hbase.io.HFileLink', 'isHFileLink', '^((?:[a-zA-Z_0-9][a-zA-Z_0-9.-]*))=((?:[a-f0-9]+))-([0-9a-f]+(?:_SeqId_[0-9]+_)?)$', '95c95caf67e040d5b131ffab4a0388f1')","[287600, 287640]"
"('KerberosName.java', 'org.apache.hadoop.security.KerberosName', '<init>', '([^/@]*)(/([^/@]*))?@([^/@]*)', 'pwang7.hfs.5')","[1260096, 1260245]"
"('Description.java', 'org.junit.runner.Description', 'methodAndClassNamePatternGroupOrDefault', '([\\s\\S]*)\\((.*)\\)', 'testStartWildcard(com.salesforce.phoenix.expression.LikeExpressionTest)')","[17706, 55860]"
"('Description.java', 'org.junit.runner.Description', 'methodAndClassNamePatternGroupOrDefault', '([\\s\\S]*)\\((.*)\\)', 'testEmptyStringValue[CREATE INDEX ATABLE_IDX ON aTable (a_integer DESC) INCLUDE (    A_STRING,     B_STRING,     A_DATE)](com.salesforce.phoenix.end2end.QueryTest)')","[4338, 42790]"
"('Description.java', 'org.junit.runner.Description', 'methodAndClassNamePatternGroupOrDefault', '([\\s\\S]*)\\((.*)\\)', 'testPointInTimeDeleteUngroupedAggregation[CREATE INDEX ATABLE_IDX ON aTable (a_integer) INCLUDE (    A_STRING,     B_STRING,     A_DATE)](com.salesforce.phoenix.end2end.QueryTest)')","[11418, 49828]"
"('Description.java', 'org.junit.runner.Description', 'methodAndClassNamePatternGroupOrDefault', '([\\s\\S]*)\\((.*)\\)', 'testDateSubtractionCompareDate(com.salesforce.phoenix.end2end.ProductMetricsTest)')","[33343, 70908]"
"('StoreFile.java', 'org.apache.hadoop.hbase.regionserver.StoreFile', 'isHFile', '^([0-9a-f]+(?:_SeqId_[0-9]+_)?)', 'd54eef8bca1240a5b2018cfeee04422b')","[1393467, 1393520]"
"('Description.java', 'org.junit.runner.Description', 'methodAndClassNamePatternGroupOrDefault', '([\\s\\S]*)\\((.*)\\)', 'testDecimalSubtraction1Expression[CREATE INDEX ATABLE_IDX ON aTable (a_integer, a_string) INCLUDE (    B_STRING,     A_DATE)](com.salesforce.phoenix.end2end.QueryTest)')","[6912, 45343]"
"('Description.java', 'org.junit.runner.Description', 'methodAndClassNamePatternGroupOrDefault', '([\\s\\S]*)\\((.*)\\)', 'testTopLevelNot(com.salesforce.phoenix.parse.QueryParserTest)')","[16305, 54452]"
"('Description.java', 'org.junit.runner.Description', 'methodAndClassNamePatternGroupOrDefault', '([\\s\\S]*)\\((.*)\\)', 'testUpperFunction(com.salesforce.phoenix.end2end.VariableLengthPKTest)')","[31673, 69258]"
"('Description.java', 'org.junit.runner.Description', 'methodAndClassNamePatternGroupOrDefault', '([\\s\\S]*)\\((.*)\\)', 'testWriteFailureDisablesIndex(com.salesforce.phoenix.end2end.index.MutableIndexFailureTest)')","[28473, 66244]"
"('Description.java', 'org.junit.runner.Description', 'methodAndClassNamePatternGroupOrDefault', '([\\s\\S]*)\\((.*)\\)', 'testToDateOnString[CREATE INDEX ATABLE_IDX ON aTable (a_integer DESC) INCLUDE (    A_STRING,     B_STRING,     A_DATE)](com.salesforce.phoenix.end2end.QueryTest)')","[6546, 44998]"
"('Description.java', 'org.junit.runner.Description', 'methodAndClassNamePatternGroupOrDefault', '([\\s\\S]*)\\((.*)\\)', 'testUpsertVarCharWithMaxLength(com.salesforce.phoenix.end2end.UpsertValuesTest)')","[26882, 64836]"
"('Description.java', 'org.junit.runner.Description', 'methodAndClassNamePatternGroupOrDefault', '([\\s\\S]*)\\((.*)\\)', 'testForLongArray(com.salesforce.phoenix.schema.PDataTypeForArraysTest)')","[37469, 74912]"
"('Description.java', 'org.junit.runner.Description', 'methodAndClassNamePatternGroupOrDefault', '([\\s\\S]*)\\((.*)\\)', 'testUpsertSaltedTableIntoSaltedTable(com.salesforce.phoenix.end2end.salted.SaltedTableUpsertSelectTest)')","[25102, 63230]"
"('KerberosName.java', 'org.apache.hadoop.security.KerberosName', '<init>', '([^/@]*)(/([^/@]*))?@([^/@]*)', 'pwang7.hfs.11')","[1414786, 1414935]"
"('Description.java', 'org.junit.runner.Description', 'methodAndClassNamePatternGroupOrDefault', '([\\s\\S]*)\\((.*)\\)', 'testGroupedLimitedAggregation[CREATE INDEX ATABLE_IDX ON aTable (a_integer, a_string) INCLUDE (    B_STRING,     A_DATE)](com.salesforce.phoenix.end2end.QueryTest)')","[8913, 47344]"
"('Description.java', 'org.junit.runner.Description', 'methodAndClassNamePatternGroupOrDefault', '([\\s\\S]*)\\((.*)\\)', 'testDeletesAreNotReturned(com.salesforce.hbase.index.covered.filter.TestApplyAndFilterDeletesFilter)')","[39598, 76804]"
"('Description.java', 'org.junit.runner.Description', 'methodAndClassNamePatternGroupOrDefault', '([\\s\\S]*)\\((.*)\\)', 'testOneInListStatement[CREATE INDEX ATABLE_IDX ON aTable (a_integer, a_string) INCLUDE (    B_STRING,     A_DATE)](com.salesforce.phoenix.end2end.QueryTest)')","[7096, 45527]"
"('Description.java', 'org.junit.runner.Description', 'methodAndClassNamePatternGroupOrDefault', '([\\s\\S]*)\\((.*)\\)', 'testDecimalAddition(com.salesforce.phoenix.arithmetic.ArithmeticOperationTest)')","[15414, 53638]"
"('Description.java', 'org.junit.runner.Description', 'methodAndClassNamePatternGroupOrDefault', '([\\s\\S]*)\\((.*)\\)', 'testForceSkipScanOnSaltedTable(com.salesforce.phoenix.compile.WhereClauseOptimizerTest)')","[20758, 58918]"
"('Description.java', 'org.junit.runner.Description', 'methodAndClassNamePatternGroupOrDefault', '([\\s\\S]*)\\((.*)\\)', 'testSTDDEV_POPOnDecimalColType(com.salesforce.phoenix.end2end.StddevTest)')","[30011, 67696]"
"('Description.java', 'org.junit.runner.Description', 'methodAndClassNamePatternGroupOrDefault', '([\\s\\S]*)\\((.*)\\)', 'testUpsertValuesWithMoreValuesThanNumColsInTable(com.salesforce.phoenix.end2end.UpsertValuesTest)')","[26840, 64792]"
"('Description.java', 'org.junit.runner.Description', 'methodAndClassNamePatternGroupOrDefault', '([\\s\\S]*)\\((.*)\\)', 'testMutableTableIndexMaintanenceSaltedSalted(com.salesforce.phoenix.end2end.index.MutableSaltedIndexTest)')","[27832, 65672]"
"('Description.java', 'org.junit.runner.Description', 'methodAndClassNamePatternGroupOrDefault', '([\\s\\S]*)\\((.*)\\)', 'testOrSameColRangeExpression(com.salesforce.phoenix.compile.WhereClauseOptimizerTest)')","[19813, 57928]"
"('Description.java', 'org.junit.runner.Description', 'methodAndClassNamePatternGroupOrDefault', '([\\s\\S]*)\\((.*)\\)', 'testMinUngroupedAggregation(com.salesforce.phoenix.end2end.ProductMetricsTest)')","[33553, 71128]"
"('Description.java', 'org.junit.runner.Description', 'methodAndClassNamePatternGroupOrDefault', '([\\s\\S]*)\\((.*)\\)', 'test[[[a], [(* - *)], [B]] [I@6693a061 [B@660674e3 LOWER {4}](com.salesforce.phoenix.util.ScanUtilTest)')","[344, 40697]"
"('Description.java', 'org.junit.runner.Description', 'methodAndClassNamePatternGroupOrDefault', '([\\s\\S]*)\\((.*)\\)', 'testForVarcharArrayBiggerArraysNumber(com.salesforce.phoenix.schema.PDataTypeForArraysTest)')","[37154, 74582]"
"('Description.java', 'org.junit.runner.Description', 'methodAndClassNamePatternGroupOrDefault', '([\\s\\S]*)\\((.*)\\)', 'testNoWhereScan[CREATE INDEX ATABLE_IDX ON aTable (a_integer, a_string) INCLUDE (    B_STRING,     A_DATE)](com.salesforce.phoenix.end2end.QueryTest)')","[7740, 46171]"
"('StoreFile.java', 'org.apache.hadoop.hbase.regionserver.StoreFile', 'isHFile', '^([0-9a-f]+(?:_SeqId_[0-9]+_)?)', '4b77b049265f45aba87956a585dadfd1')","[1288549, 1288602]"
"('Description.java', 'org.junit.runner.Description', 'methodAndClassNamePatternGroupOrDefault', '([\\s\\S]*)\\((.*)\\)', 'testCreateViewOnExistingTable(com.salesforce.phoenix.end2end.QueryDatabaseMetaDataTest)')","[27334, 65210]"
"('Description.java', 'org.junit.runner.Description', 'methodAndClassNamePatternGroupOrDefault', '([\\s\\S]*)\\((.*)\\)', 'testUpperLowerBoundRangeScan[](com.salesforce.phoenix.end2end.QueryTest)')","[13325, 51714]"
"('Description.java', 'org.junit.runner.Description', 'methodAndClassNamePatternGroupOrDefault', '([\\s\\S]*)\\((.*)\\)', 'testPartiallyQualifiedRVCInList[](com.salesforce.phoenix.end2end.QueryTest)')","[12543, 50932]"
"('StoreFile.java', 'org.apache.hadoop.hbase.regionserver.StoreFile', 'isHFile', '^([0-9a-f]+(?:_SeqId_[0-9]+_)?)', '2fd0321cd03c448aa281e51e88453403')","[1179107, 1179160]"
"('Description.java', 'org.junit.runner.Description', 'methodAndClassNamePatternGroupOrDefault', '([\\s\\S]*)\\((.*)\\)', 'testReverseScan(com.salesforce.phoenix.end2end.SpooledOrderByTest)')","[27710, 65584]"
"('Description.java', 'org.junit.runner.Description', 'methodAndClassNamePatternGroupOrDefault', '([\\s\\S]*)\\((.*)\\)', 'testKeyFilterWithDoubleValue(com.salesforce.phoenix.end2end.ToNumberFunctionTest)')","[34641, 72228]"
"('Description.java', 'org.junit.runner.Description', 'methodAndClassNamePatternGroupOrDefault', '([\\s\\S]*)\\((.*)\\)', 'testRowValueConstructorBindParamMetaDataWithLessNumberOfBindArgs(com.salesforce.phoenix.compile.QueryMetaDataTest)')","[18559, 56674]"
"('Description.java', 'org.junit.runner.Description', 'methodAndClassNamePatternGroupOrDefault', '([\\s\\S]*)\\((.*)\\)', 'testLongMultiplyExpression[](com.salesforce.phoenix.end2end.QueryTest)')","[12819, 51208]"
"('Description.java', 'org.junit.runner.Description', 'methodAndClassNamePatternGroupOrDefault', '([\\s\\S]*)\\((.*)\\)', 'testCFToDisambiguate2(com.salesforce.phoenix.end2end.MultiCfQueryExecTest)')","[30696, 68334]"
"('Description.java', 'org.junit.runner.Description', 'methodAndClassNamePatternGroupOrDefault', '([\\s\\S]*)\\((.*)\\)', 'testOrderByNotInSelectDistinctAgg(com.salesforce.phoenix.compile.QueryCompileTest)')","[21968, 60106]"
"('Description.java', 'org.junit.runner.Description', 'methodAndClassNamePatternGroupOrDefault', '([\\s\\S]*)\\((.*)\\)', 'test[ScanRanges[[[[b - c]], [[1 - 2]], [[B - C]]]] [a1A - b1B)](com.salesforce.phoenix.compile.ScanRangesTest)')","[2865, 41985]"
"('Description.java', 'org.junit.runner.Description', 'methodAndClassNamePatternGroupOrDefault', '([\\s\\S]*)\\((.*)\\)', 'testOrderByNullColumns__nullsFirst(com.salesforce.phoenix.end2end.ProductMetricsTest)')","[33511, 71084]"
"('Description.java', 'org.junit.runner.Description', 'methodAndClassNamePatternGroupOrDefault', '([\\s\\S]*)\\((.*)\\)', 'testInnerJoinWithPreFilters[[Ljava.lang.String;@26a6d290](com.salesforce.phoenix.end2end.HashJoinTest)')","[14239, 52588]"
"('Description.java', 'org.junit.runner.Description', 'methodAndClassNamePatternGroupOrDefault', '([\\s\\S]*)\\((.*)\\)', 'testNonKeyFilterWithDoubleValue(com.salesforce.phoenix.end2end.ToNumberFunctionTest)')","[34662, 72250]"
"('Description.java', 'org.junit.runner.Description', 'methodAndClassNamePatternGroupOrDefault', '([\\s\\S]*)\\((.*)\\)', 'substr(com.salesforce.phoenix.expression.DescColumnSortOrderExpressionTest)')","[17351, 55508]"
"('StoreFile.java', 'org.apache.hadoop.hbase.regionserver.StoreFile', 'isReference', '^([0-9a-f]+(?:_SeqId_[0-9]+_)?|(?:[a-zA-Z_0-9][a-zA-Z_0-9.-]*)=(?:[a-f0-9]+)-[0-9a-f]+(?:_SeqId_[0-9]+_)?)\\.(.+)$', '8fa77dcc0d5343c8b38bb31215246410')","[1328378, 1328431]"
"('Description.java', 'org.junit.runner.Description', 'methodAndClassNamePatternGroupOrDefault', '([\\s\\S]*)\\((.*)\\)', 'testOr(com.salesforce.phoenix.end2end.KeyOnlyTest)')","[36740, 74208]"
"('Description.java', 'org.junit.runner.Description', 'methodAndClassNamePatternGroupOrDefault', '([\\s\\S]*)\\((.*)\\)', '[CREATE INDEX ATABLE_IDX ON aTable (a_integer, a_string) INCLUDE (    B_STRING,     A_DATE)]')",[6682]
"('Description.java', 'org.junit.runner.Description', 'methodAndClassNamePatternGroupOrDefault', '([\\s\\S]*)\\((.*)\\)', 'testDeleteRangeNoAutoCommitNoIndex(com.salesforce.phoenix.end2end.DeleteTest)')","[32717, 70292]"
"('HFileLink.java', 'org.apache.hadoop.hbase.io.HFileLink', 'isHFileLink', '^((?:[a-zA-Z_0-9][a-zA-Z_0-9.-]*))=((?:[a-f0-9]+))-([0-9a-f]+(?:_SeqId_[0-9]+_)?)$', '06323b5c3aaf45efbf8af18e82d83942')","[1348222, 1348275]"
"('Description.java', 'org.junit.runner.Description', 'methodAndClassNamePatternGroupOrDefault', '([\\s\\S]*)\\((.*)\\)', '[ScanRanges[[[[b - c]], [[1 - 2]], [[B - C]]]] [a1A - b1B)]')",[2842]
"('HFileLink.java', 'org.apache.hadoop.hbase.io.HFileLink', 'isHFileLink', '^((?:[a-zA-Z_0-9][a-zA-Z_0-9.-]*))=((?:[a-f0-9]+))-([0-9a-f]+(?:_SeqId_[0-9]+_)?)$', '10a2b0b8371840afaaa3f69940bd616d')","[1178860, 1178913]"
"('Description.java', 'org.junit.runner.Description', 'methodAndClassNamePatternGroupOrDefault', '([\\s\\S]*)\\((.*)\\)', 'testNullValueEqualityScan(com.salesforce.phoenix.end2end.VariableLengthPKTest)')","[31694, 69280]"
"('Description.java', 'org.junit.runner.Description', 'methodAndClassNamePatternGroupOrDefault', '([\\s\\S]*)\\((.*)\\)', 'testRowKeySingleIn[CREATE INDEX ATABLE_IDX ON aTable (a_integer DESC) INCLUDE (    A_STRING,     B_STRING,     A_DATE)](com.salesforce.phoenix.end2end.QueryTest)')","[6638, 45090]"
"('Description.java', 'org.junit.runner.Description', 'methodAndClassNamePatternGroupOrDefault', '([\\s\\S]*)\\((.*)\\)', 'testSelectNextValueForGroupBy(com.salesforce.phoenix.end2end.SequenceTest)')","[29950, 67652]"
"('Description.java', 'org.junit.runner.Description', 'methodAndClassNamePatternGroupOrDefault', '([\\s\\S]*)\\((.*)\\)', 'testRoundOnDate(com.salesforce.phoenix.end2end.VariableLengthPKTest)')","[31631, 69214]"
"('Description.java', 'org.junit.runner.Description', 'methodAndClassNamePatternGroupOrDefault', '([\\s\\S]*)\\((.*)\\)', 'com.salesforce.phoenix.end2end.SpillableGroupByTest')",[28574]
"('Description.java', 'org.junit.runner.Description', 'methodAndClassNamePatternGroupOrDefault', '([\\s\\S]*)\\((.*)\\)', 'testOrderBy(com.salesforce.phoenix.end2end.VariableLengthPKTest)')","[31547, 69126]"
"('Description.java', 'org.junit.runner.Description', 'methodAndClassNamePatternGroupOrDefault', '([\\s\\S]*)\\((.*)\\)', 'testDeleteAllFromTableWithIndexAutoCommitNoSalting(com.salesforce.phoenix.end2end.DeleteTest)')","[32633, 70204]"
"('StoreFile.java', 'org.apache.hadoop.hbase.regionserver.StoreFile', 'isReference', '^([0-9a-f]+(?:_SeqId_[0-9]+_)?|(?:[a-zA-Z_0-9][a-zA-Z_0-9.-]*)=(?:[a-f0-9]+)-[0-9a-f]+(?:_SeqId_[0-9]+_)?)\\.(.+)$', '7204a91aa5314cb0b6aea56db40c92a1')","[1258586, 1258639]"
"('Description.java', 'org.junit.runner.Description', 'methodAndClassNamePatternGroupOrDefault', '([\\s\\S]*)\\((.*)\\)', 'testUnfoundMultiColumnCaseStatement[](com.salesforce.phoenix.end2end.QueryTest)')","[12589, 50978]"
"('StoreFile.java', 'org.apache.hadoop.hbase.regionserver.StoreFile', 'isReference', '^([0-9a-f]+(?:_SeqId_[0-9]+_)?|(?:[a-zA-Z_0-9][a-zA-Z_0-9.-]*)=(?:[a-f0-9]+)-[0-9a-f]+(?:_SeqId_[0-9]+_)?)\\.(.+)$', '8ab77e96f3c84496bd012e66e17cf302')","[1179832, 1179885]"
"('Description.java', 'org.junit.runner.Description', 'methodAndClassNamePatternGroupOrDefault', '([\\s\\S]*)\\((.*)\\)', 'com.salesforce.phoenix.compile.QueryMetaDataTest')","[18055, 1180419]"
"('Description.java', 'org.junit.runner.Description', 'methodAndClassNamePatternGroupOrDefault', '([\\s\\S]*)\\((.*)\\)', 'com.salesforce.hbase.index.covered.TestEndToEndCoveredColumnsIndexBuilder')",[38690]
"('Description.java', 'org.junit.runner.Description', 'methodAndClassNamePatternGroupOrDefault', '([\\s\\S]*)\\((.*)\\)', '[ScanRanges[[]] [(* - a1A), [a1A - a1B), [a1B - a1E), [a1E - a1G), [a1G - a1I), [a1I - a2A), [a2A - *)]]')",[3873]
"('StoreFile.java', 'org.apache.hadoop.hbase.regionserver.StoreFile', 'isHFile', '^([0-9a-f]+(?:_SeqId_[0-9]+_)?)', 'f76f20f141834789b5b92ae36e5d8945')","[1413452, 1413558]"
"('Description.java', 'org.junit.runner.Description', 'methodAndClassNamePatternGroupOrDefault', '([\\s\\S]*)\\((.*)\\)', 'testNull(com.salesforce.phoenix.schema.PDataTypeTest)')","[37824, 75264]"
"('Description.java', 'org.junit.runner.Description', 'methodAndClassNamePatternGroupOrDefault', '([\\s\\S]*)\\((.*)\\)', '[ScanRanges[[[b], [1], [[B - D]]]] [b1C - b2E]]')",[2886]
"('Description.java', 'org.junit.runner.Description', 'methodAndClassNamePatternGroupOrDefault', '([\\s\\S]*)\\((.*)\\)', 'testMultipleTimestampsInSinglePut(com.salesforce.hbase.index.covered.example.TestEndtoEndIndexingWithCompression)')","[38856, 76166]"
"('Description.java', 'org.junit.runner.Description', 'methodAndClassNamePatternGroupOrDefault', '([\\s\\S]*)\\((.*)\\)', 'testJoinWithSkipMergeOptimization[[Ljava.lang.String;@1249ffc3](com.salesforce.phoenix.end2end.HashJoinTest)')","[14881, 53209]"
"('Description.java', 'org.junit.runner.Description', 'methodAndClassNamePatternGroupOrDefault', '([\\s\\S]*)\\((.*)\\)', 'testDeleteOnlyDeletesTenantDataWithNoTenantTypeId(com.salesforce.phoenix.end2end.TenantSpecificTablesDMLTest)')","[30944, 68554]"
"('Description.java', 'org.junit.runner.Description', 'methodAndClassNamePatternGroupOrDefault', '([\\s\\S]*)\\((.*)\\)', 'testGetArrayLengthForFixedLengthArray(com.salesforce.phoenix.schema.PDataTypeForArraysTest)')","[37553, 75000]"
"('Description.java', 'org.junit.runner.Description', 'methodAndClassNamePatternGroupOrDefault', '([\\s\\S]*)\\((.*)\\)', 'com.salesforce.phoenix.end2end.QueryExecWithoutSCNTest')",[34349]
"('Description.java', 'org.junit.runner.Description', 'methodAndClassNamePatternGroupOrDefault', '([\\s\\S]*)\\((.*)\\)', 'testSmallInt(com.salesforce.phoenix.schema.PDataTypeTest)')","[37950, 75396]"
"('Description.java', 'org.junit.runner.Description', 'methodAndClassNamePatternGroupOrDefault', '([\\s\\S]*)\\((.*)\\)', 'testCoerceLongToDecimal1[CREATE INDEX ATABLE_IDX ON aTable (a_integer DESC) INCLUDE (    A_STRING,     B_STRING,     A_DATE)](com.salesforce.phoenix.end2end.QueryTest)')","[4913, 43365]"
"('Description.java', 'org.junit.runner.Description', 'methodAndClassNamePatternGroupOrDefault', '([\\s\\S]*)\\((.*)\\)', 'testPointInTimeUngroupedAggregation[](com.salesforce.phoenix.end2end.QueryTest)')","[11761, 50150]"
"('StoreFile.java', 'org.apache.hadoop.hbase.regionserver.StoreFile', 'isReference', '^([0-9a-f]+(?:_SeqId_[0-9]+_)?|(?:[a-zA-Z_0-9][a-zA-Z_0-9.-]*)=(?:[a-f0-9]+)-[0-9a-f]+(?:_SeqId_[0-9]+_)?)\\.(.+)$', 'fad6b449795c4e2cb4c514bf1cc13d39')","[548899, 548952, 549270]"
"('Description.java', 'org.junit.runner.Description', 'methodAndClassNamePatternGroupOrDefault', '([\\s\\S]*)\\((.*)\\)', 'testDuplicatePKColumn(com.salesforce.phoenix.compile.QueryCompileTest)')","[21674, 59798]"
"('Description.java', 'org.junit.runner.Description', 'methodAndClassNamePatternGroupOrDefault', '([\\s\\S]*)\\((.*)\\)', 'testIntSubtractionExpression[CREATE INDEX ATABLE_IDX ON aTable (a_integer) INCLUDE (    A_STRING,     B_STRING,     A_DATE)](com.salesforce.phoenix.end2end.QueryTest)')","[9325, 47735]"
"('HFileLink.java', 'org.apache.hadoop.hbase.io.HFileLink', 'isHFileLink', '^((?:[a-zA-Z_0-9][a-zA-Z_0-9.-]*))=((?:[a-f0-9]+))-([0-9a-f]+(?:_SeqId_[0-9]+_)?)$', '4e94dc3c7468464cb1c4b1af5fb37199')","[104309, 104362]"
"('Description.java', 'org.junit.runner.Description', 'methodAndClassNamePatternGroupOrDefault', '([\\s\\S]*)\\((.*)\\)', 'testUnboundRangeScan2[CREATE INDEX ATABLE_IDX ON aTable (a_integer, a_string) INCLUDE (    B_STRING,     A_DATE)](com.salesforce.phoenix.end2end.QueryTest)')","[8062, 46493]"
"('Description.java', 'org.junit.runner.Description', 'methodAndClassNamePatternGroupOrDefault', '([\\s\\S]*)\\((.*)\\)', 'testSequenceCreation(com.salesforce.phoenix.end2end.SequenceTest)')","[29614, 67300]"
"('Description.java', 'org.junit.runner.Description', 'methodAndClassNamePatternGroupOrDefault', '([\\s\\S]*)\\((.*)\\)', 'rtrim(com.salesforce.phoenix.expression.DescColumnSortOrderExpressionTest)')","[17540, 55706]"
"('Description.java', 'org.junit.runner.Description', 'methodAndClassNamePatternGroupOrDefault', '([\\s\\S]*)\\((.*)\\)', 'testNonConstantInList(com.salesforce.phoenix.compile.QueryCompileTest)')","[22745, 60920]"
"('TagLibConfiguration.java', 'org.mortbay.jetty.webapp.TagLibConfiguration', 'configureWebApp', 'start.jar|ant-.*\\.jar|dojo-.*\\.jar|jetty-.*\\.jar|jsp-api-.*\\.jar|junit-.*\\.jar|servlet-api-.*\\.jar|dnsns\\.jar|rt\\.jar|jsse\\.jar|tools\\.jar|sunpkcs11\\.jar|sunjce_provider\\.jar|xerces.*\\.jar', 'localedata.jar')","[78132, 78630, 105065, 105563, 891527, 892025, 1181183, 1181672, 1235184, 1235673, 1259555, 1260044, 1289183, 1289672, 1307079, 1307568, 1329029, 1329518, 1348785, 1349274, 1394419, 1394908, 1414245, 1414734, 1435733, 1436222]"
"('Description.java', 'org.junit.runner.Description', 'methodAndClassNamePatternGroupOrDefault', '([\\s\\S]*)\\((.*)\\)', 'testDegenerateAdd1(com.salesforce.phoenix.compile.WhereClauseOptimizerTest)')","[21094, 59270]"
"('Description.java', 'org.junit.runner.Description', 'methodAndClassNamePatternGroupOrDefault', '([\\s\\S]*)\\((.*)\\)', 'testLeftJoin[[Ljava.lang.String;@1249ffc3](com.salesforce.phoenix.end2end.HashJoinTest)')","[14674, 53002]"
"('Description.java', 'org.junit.runner.Description', 'methodAndClassNamePatternGroupOrDefault', '([\\s\\S]*)\\((.*)\\)', 'testAllDatatypes(com.salesforce.phoenix.end2end.CSVLoaderTest)')","[34954, 72536]"
"('StoreFile.java', 'org.apache.hadoop.hbase.regionserver.StoreFile', 'isReference', '^([0-9a-f]+(?:_SeqId_[0-9]+_)?|(?:[a-zA-Z_0-9][a-zA-Z_0-9.-]*)=(?:[a-f0-9]+)-[0-9a-f]+(?:_SeqId_[0-9]+_)?)\\.(.+)$', '2978d4da3c554ba9bb8559423cb000db')","[1179196, 1179249]"
"('Description.java', 'org.junit.runner.Description', 'methodAndClassNamePatternGroupOrDefault', '([\\s\\S]*)\\((.*)\\)', 'testInvalidNegativeArrayIndex(com.salesforce.phoenix.compile.QueryCompileTest)')","[22829, 61008]"
"('Description.java', 'org.junit.runner.Description', 'methodAndClassNamePatternGroupOrDefault', '([\\s\\S]*)\\((.*)\\)', 'com.salesforce.phoenix.end2end.IsNullTest')",[26155]
"('Description.java', 'org.junit.runner.Description', 'methodAndClassNamePatternGroupOrDefault', '([\\s\\S]*)\\((.*)\\)', '[[[a], [[1 - 2]], [A]] [I@2008705a [B@a083524 LOWER {4}]')",[145]
"('Description.java', 'org.junit.runner.Description', 'methodAndClassNamePatternGroupOrDefault', '([\\s\\S]*)\\((.*)\\)', 'testLiteralConcatExpression(com.salesforce.phoenix.compile.WhereClauseOptimizerTest)')","[20989, 59160]"
"('HFileLink.java', 'org.apache.hadoop.hbase.io.HFileLink', 'isHFileLink', '^((?:[a-zA-Z_0-9][a-zA-Z_0-9.-]*))=((?:[a-f0-9]+))-([0-9a-f]+(?:_SeqId_[0-9]+_)?)$', '85e37790b96c4e6e959b0d1ff0d870be')","[1181745, 1181807, 1181931, 1181945]"
"('Description.java', 'org.junit.runner.Description', 'methodAndClassNamePatternGroupOrDefault', '([\\s\\S]*)\\((.*)\\)', '[ScanRanges[[[a], [1], [[D - E]]]] (* - a2D]]')",[3502]
"('Description.java', 'org.junit.runner.Description', 'methodAndClassNamePatternGroupOrDefault', '([\\s\\S]*)\\((.*)\\)', 'testUsingRVCFullyQualifiedInClause(com.salesforce.phoenix.compile.WhereClauseOptimizerTest)')","[20863, 59028]"
"('Description.java', 'org.junit.runner.Description', 'methodAndClassNamePatternGroupOrDefault', '([\\s\\S]*)\\((.*)\\)', 'testGetSplitsWithSkipScanFilter[ScanRanges[[[(\\x01 - \\x01)]]] []](com.salesforce.phoenix.end2end.SkipRangeParallelIteratorRegionSplitterTest)')","[3852, 42491]"
"('Description.java', 'org.junit.runner.Description', 'methodAndClassNamePatternGroupOrDefault', '([\\s\\S]*)\\((.*)\\)', 'testScanByFloatValue[CREATE INDEX ATABLE_IDX ON aTable (a_integer DESC) INCLUDE (    A_STRING,     B_STRING,     A_DATE)](com.salesforce.phoenix.end2end.QueryTest)')","[6615, 45067]"
"('Description.java', 'org.junit.runner.Description', 'methodAndClassNamePatternGroupOrDefault', '([\\s\\S]*)\\((.*)\\)', 'testRVCExpressionWithoutLeadingColOfRowKey(com.salesforce.phoenix.compile.WhereClauseOptimizerTest)')","[20506, 58654]"
"('RegionCoprocessorHost.java', 'org.apache.hadoop.hbase.regionserver.RegionCoprocessorHost', 'loadTableCoprocessors', '^coprocessor\\$([0-9]+)$', 'coprocessor$4')","[86606, 87012, 90786, 94246, 94314, 94348, 94756, 94960, 95045, 95368, 113726, 114114, 117875, 121313, 121466, 121585, 121925, 124231, 287025, 287229, 337111, 499061, 499265, 549016, 710970, 711174, 860377, 860581, 900196, 900584, 904345, 907871, 911397, 914923, 918449, 1028629, 1030886, 1033143, 1189636, 1190023, 1193694, 1197220, 1197424, 1197628, 1197832, 1202741, 1202945, 1203149, 1203353, 1206967, 1207052, 1207358, 1207579, 1243637, 1244024, 1247695, 1251221, 1251408, 1251629, 1251833, 1268006, 1268393, 1272064, 1275502, 1275706, 1275910, 1276114, 1280812, 1281016, 1281220, 1281424, 1297636, 1298023, 1301694, 1305220, 1305424, 1305628, 1305832, 1315578, 1315965, 1319636, 1323250, 1323454, 1323658, 1323862, 1337576, 1337963, 1341634, 1345160, 1357180, 1357567, 1361238, 1364676, 1364795, 1364965, 1365288, 1372506, 1372710, 1372914, 1373118, 1402870, 1403257, 1406928, 1410454, 1422688, 1423075, 1426746, 1430008]"
"('StoreFile.java', 'org.apache.hadoop.hbase.regionserver.StoreFile', 'isReference', '^([0-9a-f]+(?:_SeqId_[0-9]+_)?|(?:[a-zA-Z_0-9][a-zA-Z_0-9.-]*)=(?:[a-f0-9]+)-[0-9a-f]+(?:_SeqId_[0-9]+_)?)\\.(.+)$', '4e821f60b3dc4dc890b76e3fb74b42f2')","[1436316, 1436378]"
"('Description.java', 'org.junit.runner.Description', 'methodAndClassNamePatternGroupOrDefault', '([\\s\\S]*)\\((.*)\\)', 'testBaseTableCannotBeUsedInStatementsInMultitenantConnections(com.salesforce.phoenix.end2end.TenantSpecificTablesDMLTest)')","[31049, 68664]"
"('Description.java', 'org.junit.runner.Description', 'methodAndClassNamePatternGroupOrDefault', '([\\s\\S]*)\\((.*)\\)', 'noOder(com.salesforce.phoenix.end2end.DescColumnSortOrderTest)')","[28988, 66684]"
"('Description.java', 'org.junit.runner.Description', 'methodAndClassNamePatternGroupOrDefault', '([\\s\\S]*)\\((.*)\\)', 'com.salesforce.phoenix.iterate.MergeSortResultIteratorTest')","[15353, 1180018]"
"('Description.java', 'org.junit.runner.Description', 'methodAndClassNamePatternGroupOrDefault', '([\\s\\S]*)\\((.*)\\)', '[[[a], [[1 - 2)]] [I@2bcc6e39 [B@7a5876a5 UPPER {4}]')",[717]
"('Description.java', 'org.junit.runner.Description', 'methodAndClassNamePatternGroupOrDefault', '([\\s\\S]*)\\((.*)\\)', '[[[aaa, [aac - aad], [abc - def]]] [I@401dc421 [rowkey=aab, expected seek next using hint: aac, rowkey=abb, expected seek next using hint: abc, rowkey=abc, expected include, rowkey=abe, expected include, rowkey=def, expected include, rowkey=deg, expected finished]]')",[1044]
"('Description.java', 'org.junit.runner.Description', 'methodAndClassNamePatternGroupOrDefault', '([\\s\\S]*)\\((.*)\\)', 'testRowValueConstructorQuery(com.salesforce.phoenix.parse.QueryParserTest)')","[16725, 54892]"
"('Description.java', 'org.junit.runner.Description', 'methodAndClassNamePatternGroupOrDefault', '([\\s\\S]*)\\((.*)\\)', 'testNonNullMultiCondCaseStatement[](com.salesforce.phoenix.end2end.QueryTest)')","[12290, 50679]"
"('Description.java', 'org.junit.runner.Description', 'methodAndClassNamePatternGroupOrDefault', '([\\s\\S]*)\\((.*)\\)', 'testOneInListStatement[CREATE INDEX ATABLE_IDX ON aTable (a_integer) INCLUDE (    A_STRING,     B_STRING,     A_DATE)](com.salesforce.phoenix.end2end.QueryTest)')","[9578, 47988]"
"('Description.java', 'org.junit.runner.Description', 'methodAndClassNamePatternGroupOrDefault', '([\\s\\S]*)\\((.*)\\)', 'testScanByShortValue[](com.salesforce.phoenix.end2end.QueryTest)')","[12980, 51369]"
"('Description.java', 'org.junit.runner.Description', 'methodAndClassNamePatternGroupOrDefault', '([\\s\\S]*)\\((.*)\\)', 'testMissingPKColumn(com.salesforce.phoenix.end2end.VariableLengthPKTest)')","[31526, 69104]"
"('Description.java', 'org.junit.runner.Description', 'methodAndClassNamePatternGroupOrDefault', '([\\s\\S]*)\\((.*)\\)', 'testLeftJoinWithAggregation[[Ljava.lang.String;@26a6d290](com.salesforce.phoenix.end2end.HashJoinTest)')","[14400, 52749]"
"('KerberosName.java', 'org.apache.hadoop.security.KerberosName', '<init>', '([^/@]*)(/([^/@]*))?@([^/@]*)', 'pwang7.hfs.12')",[1436274]
"('Description.java', 'org.junit.runner.Description', 'methodAndClassNamePatternGroupOrDefault', '([\\s\\S]*)\\((.*)\\)', 'testNegativeBoundLimit(com.salesforce.phoenix.compile.LimitClauseTest)')","[24125, 62306]"
"('Description.java', 'org.junit.runner.Description', 'methodAndClassNamePatternGroupOrDefault', '([\\s\\S]*)\\((.*)\\)', '[[[b, [c - d]], [1, [2 - 3]], [B, [C - D]]] [[b], [1], [B]]]')","[1591, 1767]"
"('HFileLink.java', 'org.apache.hadoop.hbase.io.HFileLink', 'isHFileLink', '^((?:[a-zA-Z_0-9][a-zA-Z_0-9.-]*))=((?:[a-f0-9]+))-([0-9a-f]+(?:_SeqId_[0-9]+_)?)$', '72f3d4d7d9de49d7a6ddcb63ee52e3ce')","[1289745, 1289807, 1289931, 1289945]"
"('Description.java', 'org.junit.runner.Description', 'methodAndClassNamePatternGroupOrDefault', '([\\s\\S]*)\\((.*)\\)', 'testUnboundRangeScan1[](com.salesforce.phoenix.end2end.QueryTest)')","[13003, 51392]"
"('Description.java', 'org.junit.runner.Description', 'methodAndClassNamePatternGroupOrDefault', '([\\s\\S]*)\\((.*)\\)', 'testWrongDataTypeInRoundFunction(com.salesforce.phoenix.compile.QueryCompileTest)')","[22094, 60238]"
"('Description.java', 'org.junit.runner.Description', 'methodAndClassNamePatternGroupOrDefault', '([\\s\\S]*)\\((.*)\\)', 'testPointInTimeSequence[](com.salesforce.phoenix.end2end.QueryTest)')","[12428, 50817]"
"('StoreFile.java', 'org.apache.hadoop.hbase.regionserver.StoreFile', 'isReference', '^([0-9a-f]+(?:_SeqId_[0-9]+_)?|(?:[a-zA-Z_0-9][a-zA-Z_0-9.-]*)=(?:[a-f0-9]+)-[0-9a-f]+(?:_SeqId_[0-9]+_)?)\\.(.+)$', '80d6ab725bff41b8a72bd2b5271cc2e9')","[891001, 891054]"
"('Description.java', 'org.junit.runner.Description', 'methodAndClassNamePatternGroupOrDefault', '([\\s\\S]*)\\((.*)\\)', 'ascOrderInlinePK(com.salesforce.phoenix.end2end.DescColumnSortOrderTest)')","[29030, 66728]"
"('HFileLink.java', 'org.apache.hadoop.hbase.io.HFileLink', 'isHFileLink', '^((?:[a-zA-Z_0-9][a-zA-Z_0-9.-]*))=((?:[a-f0-9]+))-([0-9a-f]+(?:_SeqId_[0-9]+_)?)$', 'b0d74d3f04494ae59aa34d03f0e27590')","[1288196, 1288249]"
"('Description.java', 'org.junit.runner.Description', 'methodAndClassNamePatternGroupOrDefault', '([\\s\\S]*)\\((.*)\\)', 'com.salesforce.hbase.index.covered.filter.TestApplyAndFilterDeletesFilter')",[39577]
"('ServerName.java', 'org.apache.hadoop.hbase.ServerName', 'parseServerName', '[^,]+,[\\d]+,[\\d]+$', 'bn19-236.dcs.mcnc.org,44400,1516005696275')","[1395109, 1395117, 1395219, 1395239, 1395259, 1395283, 1395307, 1395331, 1395355, 1395379, 1395403, 1395427, 1395451, 1395475, 1395499, 1395523, 1395547, 1395571, 1395595, 1395619, 1395643, 1395667, 1395691, 1395715, 1395739, 1395763, 1395787, 1395811, 1395835, 1395859, 1395883, 1395907, 1395931, 1395955, 1395979, 1396003, 1396027, 1396051, 1396075, 1396099, 1396123, 1396147, 1396171, 1396195, 1396219, 1396243, 1396267, 1396288, 1396309, 1396333, 1396357, 1396409, 1396427, 1396451, 1396475, 1396499, 1396523, 1396542, 1396564, 1396586, 1396628, 1402734, 1403043, 1403091, 1413778]"
"('RegionCoprocessorHost.java', 'org.apache.hadoop.hbase.regionserver.RegionCoprocessorHost', 'loadTableCoprocessors', '(^[^\\|]*)\\|([^\\|]+)\\|[\\s]*([\\d]*)[\\s]*(\\|.*)?$', '|com.salesforce.phoenix.coprocessor.ScanRegionObserver|1|')","[86750, 87156, 90912, 94535, 94569, 94654, 94875, 95249, 95266, 95487, 113862, 114250, 117994, 121704, 121755, 121840, 122044, 124350, 287144, 287348, 337230, 499180, 499384, 549135, 711089, 711293, 860496, 860700, 900332, 900720, 904464, 907990, 911516, 915042, 918568, 1028748, 1031005, 1033262, 1189772, 1190159, 1193813, 1197339, 1197543, 1197747, 1197951, 1202860, 1203064, 1203268, 1203472, 1207171, 1207341, 1207494, 1207698, 1243773, 1244160, 1247814, 1251340, 1251527, 1251748, 1251952, 1268142, 1268529, 1272183, 1275621, 1275825, 1276029, 1276233, 1280931, 1281135, 1281339, 1281543, 1297772, 1298159, 1301813, 1305339, 1305543, 1305747, 1305951, 1315714, 1316101, 1319755, 1323369, 1323573, 1323777, 1323981, 1337712, 1338099, 1341753, 1345279, 1357316, 1357703, 1361357, 1365084, 1365152, 1365203, 1365407, 1372625, 1372829, 1373033, 1373237, 1403006, 1403393, 1407047, 1410573, 1422824, 1423211, 1426865, 1430127]"
"('Description.java', 'org.junit.runner.Description', 'methodAndClassNamePatternGroupOrDefault', '([\\s\\S]*)\\((.*)\\)', 'testBasicUpsertSelect(com.salesforce.phoenix.end2end.TenantSpecificTablesDMLTest)')","[30881, 68488]"
"('Description.java', 'org.junit.runner.Description', 'methodAndClassNamePatternGroupOrDefault', '([\\s\\S]*)\\((.*)\\)', 'testCaseMetaData(com.salesforce.phoenix.compile.QueryMetaDataTest)')","[18265, 56366]"
"('Description.java', 'org.junit.runner.Description', 'methodAndClassNamePatternGroupOrDefault', '([\\s\\S]*)\\((.*)\\)', 'testCastOperatorInSelect[](com.salesforce.phoenix.end2end.QueryTest)')","[11669, 50058]"
"('Description.java', 'org.junit.runner.Description', 'methodAndClassNamePatternGroupOrDefault', '([\\s\\S]*)\\((.*)\\)', 'com.salesforce.phoenix.schema.RowKeyValueAccessorTest')",[38137]
"('Description.java', 'org.junit.runner.Description', 'methodAndClassNamePatternGroupOrDefault', '([\\s\\S]*)\\((.*)\\)', 'testAlterTableWithImmutability(com.salesforce.phoenix.end2end.index.ImmutableIndexTest)')","[28183, 65980]"
"('Description.java', 'org.junit.runner.Description', 'methodAndClassNamePatternGroupOrDefault', '([\\s\\S]*)\\((.*)\\)', 'testCompareLongGTDecimal(com.salesforce.phoenix.end2end.CompareDecimalToLongTest)')","[26342, 64330]"
"('StoreFile.java', 'org.apache.hadoop.hbase.regionserver.StoreFile', 'isHFile', '^([0-9a-f]+(?:_SeqId_[0-9]+_)?)', 'b3d0af3a57ff4d0381f515b2aa7d2579')","[1287913, 1287966]"
"('Description.java', 'org.junit.runner.Description', 'methodAndClassNamePatternGroupOrDefault', '([\\s\\S]*)\\((.*)\\)', 'testExceedVersionsOutOfOrderUpdates(com.salesforce.hbase.index.covered.example.TestEndToEndCoveredIndexing)')","[39455, 76694]"
"('Description.java', 'org.junit.runner.Description', 'methodAndClassNamePatternGroupOrDefault', '([\\s\\S]*)\\((.*)\\)', 'testScanByShortValue[CREATE INDEX ATABLE_IDX ON aTable (a_integer DESC) INCLUDE (    A_STRING,     B_STRING,     A_DATE)](com.salesforce.phoenix.end2end.QueryTest)')","[5534, 43986]"
"('Description.java', 'org.junit.runner.Description', 'methodAndClassNamePatternGroupOrDefault', '([\\s\\S]*)\\((.*)\\)', 'testIntFilter[CREATE INDEX ATABLE_IDX ON aTable (a_integer DESC) INCLUDE (    A_STRING,     B_STRING,     A_DATE)](com.salesforce.phoenix.end2end.QueryTest)')","[5442, 43894]"
"('Description.java', 'org.junit.runner.Description', 'methodAndClassNamePatternGroupOrDefault', '([\\s\\S]*)\\((.*)\\)', 'testDateSubstractExpressionMetaData1(com.salesforce.phoenix.compile.QueryMetaDataTest)')","[18580, 56696]"
"('Description.java', 'org.junit.runner.Description', 'methodAndClassNamePatternGroupOrDefault', '([\\s\\S]*)\\((.*)\\)', 'descOrderInlinePK(com.salesforce.phoenix.end2end.DescColumnSortOrderTest)')","[29093, 66794]"
"('Description.java', 'org.junit.runner.Description', 'methodAndClassNamePatternGroupOrDefault', '([\\s\\S]*)\\((.*)\\)', 'testConstantCount(com.salesforce.phoenix.end2end.MultiCfQueryExecTest)')","[30591, 68224]"
"('Description.java', 'org.junit.runner.Description', 'methodAndClassNamePatternGroupOrDefault', '([\\s\\S]*)\\((.*)\\)', 'testNullStringValue[](com.salesforce.phoenix.end2end.QueryTest)')","[12129, 50518]"
"('Description.java', 'org.junit.runner.Description', 'methodAndClassNamePatternGroupOrDefault', '([\\s\\S]*)\\((.*)\\)', 'descOrderCompositePK1(com.salesforce.phoenix.end2end.DescColumnSortOrderTest)')","[29366, 67080]"
"('Description.java', 'org.junit.runner.Description', 'methodAndClassNamePatternGroupOrDefault', '([\\s\\S]*)\\((.*)\\)', 'testAggFuncInHaving(com.salesforce.phoenix.compile.HavingClauseTest)')","[21592, 59732]"
"('Description.java', 'org.junit.runner.Description', 'methodAndClassNamePatternGroupOrDefault', '([\\s\\S]*)\\((.*)\\)', 'testCombiningRVCWithNonRVCUsingOr2(com.salesforce.phoenix.compile.WhereClauseOptimizerTest)')","[19918, 58038]"
"('Description.java', 'org.junit.runner.Description', 'methodAndClassNamePatternGroupOrDefault', '([\\s\\S]*)\\((.*)\\)', 'testSimpleCaseStatement[CREATE INDEX ATABLE_IDX ON aTable (a_integer) INCLUDE (    A_STRING,     B_STRING,     A_DATE)](com.salesforce.phoenix.end2end.QueryTest)')","[10958, 49368]"
"('Description.java', 'org.junit.runner.Description', 'methodAndClassNamePatternGroupOrDefault', '([\\s\\S]*)\\((.*)\\)', 'testGetCaseInsensitiveDynCol(com.salesforce.phoenix.end2end.DynamicFamilyTest)')","[31318, 68906]"
"('Description.java', 'org.junit.runner.Description', 'methodAndClassNamePatternGroupOrDefault', '([\\s\\S]*)\\((.*)\\)', 'testDegenerateRound(com.salesforce.phoenix.compile.WhereClauseOptimizerTest)')","[19498, 57598]"
"('Description.java', 'org.junit.runner.Description', 'methodAndClassNamePatternGroupOrDefault', '([\\s\\S]*)\\((.*)\\)', 'testCastOperatorInWhere[CREATE INDEX ATABLE_IDX ON aTable (a_integer) INCLUDE (    A_STRING,     B_STRING,     A_DATE)](com.salesforce.phoenix.end2end.QueryTest)')","[9440, 47850]"
"('Description.java', 'org.junit.runner.Description', 'methodAndClassNamePatternGroupOrDefault', '([\\s\\S]*)\\((.*)\\)', 'testDegenerateRowKeyFilter(com.salesforce.phoenix.compile.WhereClauseCompileTest)')","[23247, 61426]"
"('Description.java', 'org.junit.runner.Description', 'methodAndClassNamePatternGroupOrDefault', '([\\s\\S]*)\\((.*)\\)', 'testForUnSignedIntArray(com.salesforce.phoenix.schema.PDataTypeForArraysTest)')","[37196, 74626]"
"('Description.java', 'org.junit.runner.Description', 'methodAndClassNamePatternGroupOrDefault', '([\\s\\S]*)\\((.*)\\)', 'com.salesforce.phoenix.end2end.CreateTableTest')",[26094]
"('Description.java', 'org.junit.runner.Description', 'methodAndClassNamePatternGroupOrDefault', '([\\s\\S]*)\\((.*)\\)', 'testScanByUnsignedFloatValue[CREATE INDEX ATABLE_IDX ON aTable (a_integer, a_string) INCLUDE (    B_STRING,     A_DATE)](com.salesforce.phoenix.end2end.QueryTest)')","[7947, 46378]"
"('Description.java', 'org.junit.runner.Description', 'methodAndClassNamePatternGroupOrDefault', '([\\s\\S]*)\\((.*)\\)', 'testRVCWithCeilAndFloorNeededForTimestamp(com.salesforce.phoenix.end2end.RowValueConstructorTest)')","[24581, 62724]"
"('HTableDescriptor.java', 'org.apache.hadoop.hbase.HTableDescriptor', 'hasCoprocessor', '(^[^\\|]*)\\|([^\\|]+)\\|[\\s]*([\\d]*)[\\s]*(\\|.*)?$', '|com.salesforce.phoenix.coprocessor.MetaDataEndpointImpl|1|')","[84954, 85584, 112082, 112712, 898552, 899182, 1187980, 1188594, 1241981, 1242595, 1266400, 1267014, 1295980, 1296594, 1313972, 1314586, 1335970, 1336584, 1355574, 1356188, 1401264, 1401878, 1421082, 1421696]"
"('Description.java', 'org.junit.runner.Description', 'methodAndClassNamePatternGroupOrDefault', '([\\s\\S]*)\\((.*)\\)', 'testPercentileDiscWithGroupby(com.salesforce.phoenix.end2end.PercentileTest)')","[30320, 67960]"
"('Description.java', 'org.junit.runner.Description', 'methodAndClassNamePatternGroupOrDefault', '([\\s\\S]*)\\((.*)\\)', 'testGetSplitsWithSkipScanFilter[ScanRanges[[[a], [0], [[A - Z]]]] [(* - a1A)]](com.salesforce.phoenix.end2end.SkipRangeParallelIteratorRegionSplitterTest)')","[3940, 42537]"
"('Description.java', 'org.junit.runner.Description', 'methodAndClassNamePatternGroupOrDefault', '([\\s\\S]*)\\((.*)\\)', '[ScanRanges[[[a], [1], [[A - B]]]] [a0A - *)]')",[3546]
"('Description.java', 'org.junit.runner.Description', 'methodAndClassNamePatternGroupOrDefault', '([\\s\\S]*)\\((.*)\\)', 'testNullMultiCondCaseStatement[CREATE INDEX ATABLE_IDX ON aTable (a_integer, a_string) INCLUDE (    B_STRING,     A_DATE)](com.salesforce.phoenix.end2end.QueryTest)')","[8821, 47252]"
"('HFileLink.java', 'org.apache.hadoop.hbase.io.HFileLink', 'isHFileLink', '^((?:[a-zA-Z_0-9][a-zA-Z_0-9.-]*))=((?:[a-f0-9]+))-([0-9a-f]+(?:_SeqId_[0-9]+_)?)$', '07510553f5b94308b2ffad3a2d98dc07')","[1258780, 1258833]"
"('Description.java', 'org.junit.runner.Description', 'methodAndClassNamePatternGroupOrDefault', '([\\s\\S]*)\\((.*)\\)', 'testDateGroupBy(com.salesforce.phoenix.end2end.ExtendedQueryExecTest)')","[28698, 66420]"
"('Description.java', 'org.junit.runner.Description', 'methodAndClassNamePatternGroupOrDefault', '([\\s\\S]*)\\((.*)\\)', 'testDateInList[](com.salesforce.phoenix.end2end.QueryTest)')","[12497, 50886]"
"('Description.java', 'org.junit.runner.Description', 'methodAndClassNamePatternGroupOrDefault', '([\\s\\S]*)\\((.*)\\)', 'testUngroupedAggregation[](com.salesforce.phoenix.end2end.QueryTest)')","[13532, 51921]"
"('Description.java', 'org.junit.runner.Description', 'methodAndClassNamePatternGroupOrDefault', '([\\s\\S]*)\\((.*)\\)', 'com.salesforce.phoenix.memory.MemoryManagerTest')","[17849, 1180365]"
"('Description.java', 'org.junit.runner.Description', 'methodAndClassNamePatternGroupOrDefault', '([\\s\\S]*)\\((.*)\\)', 'testDropParentTableWithExistingTenantTable(com.salesforce.phoenix.end2end.TenantSpecificTablesDDLTest)')","[36328, 73856]"
"('Description.java', 'org.junit.runner.Description', 'methodAndClassNamePatternGroupOrDefault', '([\\s\\S]*)\\((.*)\\)', 'testCompositeRowKeyTimeIndex(com.salesforce.phoenix.index.IndexMaintainerTest)')","[15866, 54012]"
"('Description.java', 'org.junit.runner.Description', 'methodAndClassNamePatternGroupOrDefault', '([\\s\\S]*)\\((.*)\\)', 'testBasicRVCExpression(com.salesforce.phoenix.compile.WhereClauseOptimizerTest)')","[20191, 58324]"
"('Description.java', 'org.junit.runner.Description', 'methodAndClassNamePatternGroupOrDefault', '([\\s\\S]*)\\((.*)\\)', 'testReplayEditsWrittenViaHRegion(org.apache.hadoop.hbase.regionserver.wal.TestWALReplayWithIndexWritesAndCompressedWAL)')","[40435, 77442]"
"('Description.java', 'org.junit.runner.Description', 'methodAndClassNamePatternGroupOrDefault', '([\\s\\S]*)\\((.*)\\)', '[[[a], [(* - *)]] [I@45d58963 [B@462ee666 UPPER {4}]')",[761]
"('Description.java', 'org.junit.runner.Description', 'methodAndClassNamePatternGroupOrDefault', '([\\s\\S]*)\\((.*)\\)', 'testCountIsNull[CREATE INDEX ATABLE_IDX ON aTable (a_integer, a_string) INCLUDE (    B_STRING,     A_DATE)](com.salesforce.phoenix.end2end.QueryTest)')","[8384, 46815]"
"('Description.java', 'org.junit.runner.Description', 'methodAndClassNamePatternGroupOrDefault', '([\\s\\S]*)\\((.*)\\)', 'testDegenerateLikeNoWildcard(com.salesforce.phoenix.compile.WhereClauseOptimizerTest)')","[19372, 57466]"
"('Description.java', 'org.junit.runner.Description', 'methodAndClassNamePatternGroupOrDefault', '([\\s\\S]*)\\((.*)\\)', 'testPercentRank(com.salesforce.phoenix.end2end.PercentileTest)')","[30383, 68026]"
"('Description.java', 'org.junit.runner.Description', 'methodAndClassNamePatternGroupOrDefault', '([\\s\\S]*)\\((.*)\\)', 'org.apache.hadoop.hbase.regionserver.wal.TestWALReplayWithIndexWritesAndCompressedWAL')",[40414]
"('Description.java', 'org.junit.runner.Description', 'methodAndClassNamePatternGroupOrDefault', '([\\s\\S]*)\\((.*)\\)', 'test[ScanRanges[[[b], [1], [B]]] [c1B - c9Z]](com.salesforce.phoenix.compile.ScanRangesTest)')","[3305, 42215]"
"('Description.java', 'org.junit.runner.Description', 'methodAndClassNamePatternGroupOrDefault', '([\\s\\S]*)\\((.*)\\)', 'testNotInList[CREATE INDEX ATABLE_IDX ON aTable (a_integer, a_string) INCLUDE (    B_STRING,     A_DATE)](com.salesforce.phoenix.end2end.QueryTest)')","[8706, 47137]"
"('Description.java', 'org.junit.runner.Description', 'methodAndClassNamePatternGroupOrDefault', '([\\s\\S]*)\\((.*)\\)', 'testDateProjection(com.salesforce.phoenix.end2end.ToNumberFunctionTest)')","[34431, 72008]"
"('Description.java', 'org.junit.runner.Description', 'methodAndClassNamePatternGroupOrDefault', '([\\s\\S]*)\\((.*)\\)', 'testCoerceLongToDecimal2[](com.salesforce.phoenix.end2end.QueryTest)')","[12382, 50771]"
"('Description.java', 'org.junit.runner.Description', 'methodAndClassNamePatternGroupOrDefault', '([\\s\\S]*)\\((.*)\\)', 'testTimeStampProjection(com.salesforce.phoenix.end2end.ToNumberFunctionTest)')","[34599, 72184]"
"('Description.java', 'org.junit.runner.Description', 'methodAndClassNamePatternGroupOrDefault', '([\\s\\S]*)\\((.*)\\)', 'test[[[[a - b]], [[1 - 2]], [[A - B]]] [I@4984451e [B@ad5da47 UPPER {4}](com.salesforce.phoenix.util.ScanUtilTest)')","[520, 40789]"
"('Description.java', 'org.junit.runner.Description', 'methodAndClassNamePatternGroupOrDefault', '([\\s\\S]*)\\((.*)\\)', 'testKeyRangeExpression9(com.salesforce.phoenix.compile.WhereClauseOptimizerTest)')","[20485, 58632]"
"('Description.java', 'org.junit.runner.Description', 'methodAndClassNamePatternGroupOrDefault', '([\\s\\S]*)\\((.*)\\)', '[ScanRanges[[[(\\x01 - \\x01)]]] []]')",[3829]
"('Description.java', 'org.junit.runner.Description', 'methodAndClassNamePatternGroupOrDefault', '([\\s\\S]*)\\((.*)\\)', 'testDecimalMultiplyExpression[](com.salesforce.phoenix.end2end.QueryTest)')","[13095, 51484]"
"('Description.java', 'org.junit.runner.Description', 'methodAndClassNamePatternGroupOrDefault', '([\\s\\S]*)\\((.*)\\)', 'testSkipMax(com.salesforce.phoenix.end2end.VariableLengthPKTest)')","[32303, 69918]"
"('Description.java', 'org.junit.runner.Description', 'methodAndClassNamePatternGroupOrDefault', '([\\s\\S]*)\\((.*)\\)', 'testCreateTenantSpecificTable(com.salesforce.phoenix.end2end.TenantSpecificTablesDDLTest)')","[36265, 73790]"
"('Description.java', 'org.junit.runner.Description', 'methodAndClassNamePatternGroupOrDefault', '([\\s\\S]*)\\((.*)\\)', 'test[ScanRanges[[[a], [1], [[A - B]]]] [a3A - *)](com.salesforce.phoenix.compile.ScanRangesTest)')","[3701, 42422]"
"('Description.java', 'org.junit.runner.Description', 'methodAndClassNamePatternGroupOrDefault', '([\\s\\S]*)\\((.*)\\)', 'testSaltedConnectionlessUpsert(com.salesforce.phoenix.query.ConnectionlessUpsertTest)')","[24228, 62394]"
"('Description.java', 'org.junit.runner.Description', 'methodAndClassNamePatternGroupOrDefault', '([\\s\\S]*)\\((.*)\\)', 'testOnlyNullInScanKey(com.salesforce.phoenix.compile.QueryCompileTest)')","[22073, 60216]"
"('Description.java', 'org.junit.runner.Description', 'methodAndClassNamePatternGroupOrDefault', '([\\s\\S]*)\\((.*)\\)', 'testDoubleToDecimalComparison(com.salesforce.phoenix.schema.PDataTypeTest)')","[37866, 75308]"
"('Description.java', 'org.junit.runner.Description', 'methodAndClassNamePatternGroupOrDefault', '([\\s\\S]*)\\((.*)\\)', 'testDateSubtractionCompareNumber(com.salesforce.phoenix.end2end.ProductMetricsTest)')","[33091, 70644]"
"('Description.java', 'org.junit.runner.Description', 'methodAndClassNamePatternGroupOrDefault', '([\\s\\S]*)\\((.*)\\)', 'testUpperBoundRangeScan[CREATE INDEX ATABLE_IDX ON aTable (a_integer, a_string) INCLUDE (    B_STRING,     A_DATE)](com.salesforce.phoenix.end2end.QueryTest)')","[7257, 45688]"
"('Description.java', 'org.junit.runner.Description', 'methodAndClassNamePatternGroupOrDefault', '([\\s\\S]*)\\((.*)\\)', 'testInListSkipScan[CREATE INDEX ATABLE_IDX ON aTable (a_integer, a_string) INCLUDE (    B_STRING,     A_DATE)](com.salesforce.phoenix.end2end.QueryTest)')","[6935, 45366]"
"('Description.java', 'org.junit.runner.Description', 'methodAndClassNamePatternGroupOrDefault', '([\\s\\S]*)\\((.*)\\)', 'add(com.salesforce.phoenix.expression.DescColumnSortOrderExpressionTest)')","[17435, 55596]"
"('RegionCoprocessorHost.java', 'org.apache.hadoop.hbase.regionserver.RegionCoprocessorHost', 'loadTableCoprocessors', '^coprocessor\\$([0-9]+)$', 'coprocessor$6')","[86534, 86940, 113658, 114046, 900128, 900516, 1189568, 1189955, 1243569, 1243956, 1267938, 1268325, 1297568, 1297955, 1315510, 1315897, 1337508, 1337895, 1357112, 1357499, 1402802, 1403189, 1422620, 1423007]"
"('Description.java', 'org.junit.runner.Description', 'methodAndClassNamePatternGroupOrDefault', '([\\s\\S]*)\\((.*)\\)', 'testHavingAggregateQuery(com.salesforce.phoenix.compile.QueryCompileTest)')","[22556, 60722]"
"('Description.java', 'org.junit.runner.Description', 'methodAndClassNamePatternGroupOrDefault', '([\\s\\S]*)\\((.*)\\)', 'testSerialization(com.salesforce.phoenix.expression.ColumnExpressionTest)')","[17143, 55310]"
"('Description.java', 'org.junit.runner.Description', 'methodAndClassNamePatternGroupOrDefault', '([\\s\\S]*)\\((.*)\\)', 'testTimestampFilter(com.salesforce.phoenix.end2end.ToCharFunctionTest)')","[35160, 72712]"
"('Description.java', 'org.junit.runner.Description', 'methodAndClassNamePatternGroupOrDefault', '([\\s\\S]*)\\((.*)\\)', 'testUpsertSelectRowKeyMutationOnSplitedTable(com.salesforce.phoenix.end2end.UpsertSelectTest)')","[31131, 68730]"
"('Description.java', 'org.junit.runner.Description', 'methodAndClassNamePatternGroupOrDefault', '([\\s\\S]*)\\((.*)\\)', 'testNextValueForWhere(com.salesforce.phoenix.parse.QueryParserTest)')","[16389, 54540]"
"('Description.java', 'org.junit.runner.Description', 'methodAndClassNamePatternGroupOrDefault', '([\\s\\S]*)\\((.*)\\)', 'testTenantConstraintsAddedToScanWithNullTenantTypeId(com.salesforce.phoenix.compile.WhereClauseCompileTest)')","[23793, 61998]"
"('Description.java', 'org.junit.runner.Description', 'methodAndClassNamePatternGroupOrDefault', '([\\s\\S]*)\\((.*)\\)', 'testInvalidArrayInQuery(com.salesforce.phoenix.compile.QueryCompileTest)')","[22199, 60348]"
"('Description.java', 'org.junit.runner.Description', 'methodAndClassNamePatternGroupOrDefault', '([\\s\\S]*)\\((.*)\\)', 'testFixedFixedVar(com.salesforce.phoenix.schema.RowKeySchemaTest)')","[38219, 75638]"
"('Description.java', 'org.junit.runner.Description', 'methodAndClassNamePatternGroupOrDefault', '([\\s\\S]*)\\((.*)\\)', 'testLongMultiplyExpression[CREATE INDEX ATABLE_IDX ON aTable (a_integer DESC) INCLUDE (    A_STRING,     B_STRING,     A_DATE)](com.salesforce.phoenix.end2end.QueryTest)')","[5373, 43825]"
"('Description.java', 'org.junit.runner.Description', 'methodAndClassNamePatternGroupOrDefault', '([\\s\\S]*)\\((.*)\\)', 'testTableAliasSameAsTableName(com.salesforce.phoenix.end2end.ProductMetricsTest)')","[34036, 71634]"
"('Description.java', 'org.junit.runner.Description', 'methodAndClassNamePatternGroupOrDefault', '([\\s\\S]*)\\((.*)\\)', 'testTimestampProjection(com.salesforce.phoenix.end2end.ToCharFunctionTest)')","[35349, 72910]"
"('Description.java', 'org.junit.runner.Description', 'methodAndClassNamePatternGroupOrDefault', '([\\s\\S]*)\\((.*)\\)', 'testDoubleAddExpression[](com.salesforce.phoenix.end2end.QueryTest)')","[13164, 51553]"
"('HFileLink.java', 'org.apache.hadoop.hbase.io.HFileLink', 'isHFileLink', '^((?:[a-zA-Z_0-9][a-zA-Z_0-9.-]*))=((?:[a-f0-9]+))-([0-9a-f]+(?:_SeqId_[0-9]+_)?)$', '3bb129381ac0483c993a4d16c70d5cef')","[1178754, 1178807]"
"('Description.java', 'org.junit.runner.Description', 'methodAndClassNamePatternGroupOrDefault', '([\\s\\S]*)\\((.*)\\)', 'com.salesforce.phoenix.end2end.ArrayTest')","[25409, 1393979]"
"('Description.java', 'org.junit.runner.Description', 'methodAndClassNamePatternGroupOrDefault', '([\\s\\S]*)\\((.*)\\)', 'testNotInList[](com.salesforce.phoenix.end2end.QueryTest)')","[13670, 52059]"
"('Description.java', 'org.junit.runner.Description', 'methodAndClassNamePatternGroupOrDefault', '([\\s\\S]*)\\((.*)\\)', 'testVIntToBytes(com.salesforce.phoenix.util.ByteUtilTest)')","[15618, 53792]"
"('Description.java', 'org.junit.runner.Description', 'methodAndClassNamePatternGroupOrDefault', '([\\s\\S]*)\\((.*)\\)', 'testParseJoin2(com.salesforce.phoenix.parse.QueryParserTest)')","[16158, 54298]"
"('Description.java', 'org.junit.runner.Description', 'methodAndClassNamePatternGroupOrDefault', '([\\s\\S]*)\\((.*)\\)', 'testMaxUngroupedAggregation(com.salesforce.phoenix.end2end.ProductMetricsTest)')","[33847, 71436]"
"('StoreFile.java', 'org.apache.hadoop.hbase.regionserver.StoreFile', 'isReference', '^([0-9a-f]+(?:_SeqId_[0-9]+_)?|(?:[a-zA-Z_0-9][a-zA-Z_0-9.-]*)=(?:[a-f0-9]+)-[0-9a-f]+(?:_SeqId_[0-9]+_)?)\\.(.+)$', '8d61e8a57544480db81ed8ce34f63968')","[1233791, 1233844]"
"('Description.java', 'org.junit.runner.Description', 'methodAndClassNamePatternGroupOrDefault', '([\\s\\S]*)\\((.*)\\)', 'testIndexWithNullableFixedWithCols(com.salesforce.phoenix.end2end.index.MutableIndexTest)')","[27893, 65716]"
"('Description.java', 'org.junit.runner.Description', 'methodAndClassNamePatternGroupOrDefault', '([\\s\\S]*)\\((.*)\\)', 'testUpsertTypeMismatch(com.salesforce.phoenix.compile.QueryCompileTest)')","[22472, 60634]"
"('Description.java', 'org.junit.runner.Description', 'methodAndClassNamePatternGroupOrDefault', '([\\s\\S]*)\\((.*)\\)', 'testSumFloat(com.salesforce.phoenix.end2end.ArithmeticQueryTest)')","[32925, 70490]"
"('Description.java', 'org.junit.runner.Description', 'methodAndClassNamePatternGroupOrDefault', '([\\s\\S]*)\\((.*)\\)', 'testCeilDecimal(com.salesforce.phoenix.end2end.RoundFloorCeilFunctionsEnd2EndTest)')","[35660, 73196]"
"('Description.java', 'org.junit.runner.Description', 'methodAndClassNamePatternGroupOrDefault', '([\\s\\S]*)\\((.*)\\)', 'testNotInListOfFloat[CREATE INDEX ATABLE_IDX ON aTable (a_integer, a_string) INCLUDE (    B_STRING,     A_DATE)](com.salesforce.phoenix.end2end.QueryTest)')","[8729, 47160]"
"('Description.java', 'org.junit.runner.Description', 'methodAndClassNamePatternGroupOrDefault', '([\\s\\S]*)\\((.*)\\)', 'testJoinWithDifferentNumericJoinKeyTypes[[Ljava.lang.String;@26a6d290](com.salesforce.phoenix.end2end.HashJoinTest)')","[14423, 52772]"
"('StoreFile.java', 'org.apache.hadoop.hbase.regionserver.StoreFile', 'isReference', '^([0-9a-f]+(?:_SeqId_[0-9]+_)?|(?:[a-zA-Z_0-9][a-zA-Z_0-9.-]*)=(?:[a-f0-9]+)-[0-9a-f]+(?:_SeqId_[0-9]+_)?)\\.(.+)$', 'd1adb69d930c45479816b8c3adbed7b5')","[498919, 498975]"
"('Description.java', 'org.junit.runner.Description', 'methodAndClassNamePatternGroupOrDefault', '([\\s\\S]*)\\((.*)\\)', 'testRVCForTableWithSecondaryIndexBasic(com.salesforce.phoenix.compile.QueryOptimizerTest)')","[19248, 57356]"
"('Description.java', 'org.junit.runner.Description', 'methodAndClassNamePatternGroupOrDefault', '([\\s\\S]*)\\((.*)\\)', 'testTypeMismatchForArrayElem(com.salesforce.phoenix.compile.QueryCompileTest)')","[21905, 60040]"
"('Description.java', 'org.junit.runner.Description', 'methodAndClassNamePatternGroupOrDefault', '([\\s\\S]*)\\((.*)\\)', 'testCoerceTinyIntToSmallInt[CREATE INDEX ATABLE_IDX ON aTable (a_integer DESC) INCLUDE (    A_STRING,     B_STRING,     A_DATE)](com.salesforce.phoenix.end2end.QueryTest)')","[4591, 43043]"
"('StoreFile.java', 'org.apache.hadoop.hbase.regionserver.StoreFile', 'isReference', '^([0-9a-f]+(?:_SeqId_[0-9]+_)?|(?:[a-zA-Z_0-9][a-zA-Z_0-9.-]*)=(?:[a-f0-9]+)-[0-9a-f]+(?:_SeqId_[0-9]+_)?)\\.(.+)$', '7c011c9f90264c3a96deedc5faff46b8')","[1393768, 1393821]"
"('Description.java', 'org.junit.runner.Description', 'methodAndClassNamePatternGroupOrDefault', '([\\s\\S]*)\\((.*)\\)', 'testDateAdd[CREATE INDEX ATABLE_IDX ON aTable (a_integer DESC) INCLUDE (    A_STRING,     B_STRING,     A_DATE)](com.salesforce.phoenix.end2end.QueryTest)')","[5948, 44400]"
"('Description.java', 'org.junit.runner.Description', 'methodAndClassNamePatternGroupOrDefault', '([\\s\\S]*)\\((.*)\\)', 'testDoubleMultiplyExpression[CREATE INDEX ATABLE_IDX ON aTable (a_integer) INCLUDE (    A_STRING,     B_STRING,     A_DATE)](com.salesforce.phoenix.end2end.QueryTest)')","[11027, 49437]"
"('Description.java', 'org.junit.runner.Description', 'methodAndClassNamePatternGroupOrDefault', '([\\s\\S]*)\\((.*)\\)', 'testIntDivideExpression[CREATE INDEX ATABLE_IDX ON aTable (a_integer DESC) INCLUDE (    A_STRING,     B_STRING,     A_DATE)](com.salesforce.phoenix.end2end.QueryTest)')","[6523, 44975]"
"('Description.java', 'org.junit.runner.Description', 'methodAndClassNamePatternGroupOrDefault', '([\\s\\S]*)\\((.*)\\)', 'testDoubleToLongComparison(com.salesforce.phoenix.schema.PDataTypeTest)')","[38034, 75484]"
"('Description.java', 'org.junit.runner.Description', 'methodAndClassNamePatternGroupOrDefault', '([\\s\\S]*)\\((.*)\\)', '[ScanRanges[[[b], [1], [[B - D]]]] [b1D - b2E]]')",[2930]
"('Description.java', 'org.junit.runner.Description', 'methodAndClassNamePatternGroupOrDefault', '([\\s\\S]*)\\((.*)\\)', 'testDecimalSubtraction1Expression[CREATE INDEX ATABLE_IDX ON aTable (a_integer DESC) INCLUDE (    A_STRING,     B_STRING,     A_DATE)](com.salesforce.phoenix.end2end.QueryTest)')","[4430, 42882]"
"('Description.java', 'org.junit.runner.Description', 'methodAndClassNamePatternGroupOrDefault', '([\\s\\S]*)\\((.*)\\)', 'testSelectNextValueForOverMultipleBatches(com.salesforce.phoenix.end2end.SequenceTest)')","[29677, 67366]"
"('Description.java', 'org.junit.runner.Description', 'methodAndClassNamePatternGroupOrDefault', '([\\s\\S]*)\\((.*)\\)', 'testSelectForceSkipScan(com.salesforce.phoenix.compile.StatementHintsCompilationTest)')","[21363, 59512]"
"('Description.java', 'org.junit.runner.Description', 'methodAndClassNamePatternGroupOrDefault', '([\\s\\S]*)\\((.*)\\)', 'testRTrimSetScanKey(com.salesforce.phoenix.compile.QueryCompileTest)')","[22997, 61184]"
"('Description.java', 'org.junit.runner.Description', 'methodAndClassNamePatternGroupOrDefault', '([\\s\\S]*)\\((.*)\\)', 'equalityDescInlinePK(com.salesforce.phoenix.end2end.DescColumnSortOrderTest)')","[28862, 66552]"
"('StoreFile.java', 'org.apache.hadoop.hbase.regionserver.StoreFile', 'isReference', '^([0-9a-f]+(?:_SeqId_[0-9]+_)?|(?:[a-zA-Z_0-9][a-zA-Z_0-9.-]*)=(?:[a-f0-9]+)-[0-9a-f]+(?:_SeqId_[0-9]+_)?)\\.(.+)$', '2d21a6e6052b495d898ed10f6caee1f2')","[1258904, 1258957]"
"('Description.java', 'org.junit.runner.Description', 'methodAndClassNamePatternGroupOrDefault', '([\\s\\S]*)\\((.*)\\)', 'testScanByDoubleValue[CREATE INDEX ATABLE_IDX ON aTable (a_integer DESC) INCLUDE (    A_STRING,     B_STRING,     A_DATE)](com.salesforce.phoenix.end2end.QueryTest)')","[5695, 44147]"
"('Description.java', 'org.junit.runner.Description', 'methodAndClassNamePatternGroupOrDefault', '([\\s\\S]*)\\((.*)\\)', 'testNotEqualsByTinyInt[](com.salesforce.phoenix.end2end.QueryTest)')","[12842, 51231]"
"('StoreFile.java', 'org.apache.hadoop.hbase.regionserver.StoreFile', 'isReference', '^([0-9a-f]+(?:_SeqId_[0-9]+_)?|(?:[a-zA-Z_0-9][a-zA-Z_0-9.-]*)=(?:[a-f0-9]+)-[0-9a-f]+(?:_SeqId_[0-9]+_)?)\\.(.+)$', 'ef94e86b5c704ceaaf260bcd5e473d37')","[1258480, 1258533]"
"('Description.java', 'org.junit.runner.Description', 'methodAndClassNamePatternGroupOrDefault', '([\\s\\S]*)\\((.*)\\)', 'com.salesforce.hbase.index.write.TestParalleWriterIndexCommitter')",[40046]
"('Description.java', 'org.junit.runner.Description', 'methodAndClassNamePatternGroupOrDefault', '([\\s\\S]*)\\((.*)\\)', 'com.salesforce.phoenix.compile.StatementHintsCompilationTest')","[21342, 1180554]"
"('Description.java', 'org.junit.runner.Description', 'methodAndClassNamePatternGroupOrDefault', '([\\s\\S]*)\\((.*)\\)', 'testFailureOnRunningUpdateAbortsPending(com.salesforce.hbase.index.write.TestIndexWriter)')","[40191, 77266]"
"('Description.java', 'org.junit.runner.Description', 'methodAndClassNamePatternGroupOrDefault', '([\\s\\S]*)\\((.*)\\)', 'testOutOfOrderUpdates(com.salesforce.hbase.index.covered.example.TestEndtoEndIndexingWithCompression)')","[38898, 76210]"
"('Description.java', 'org.junit.runner.Description', 'methodAndClassNamePatternGroupOrDefault', '([\\s\\S]*)\\((.*)\\)', 'testMaxThreadsNonZero(com.salesforce.hbase.index.parallel.TestThreadPoolBuilder)')","[38528, 75902]"
"('StoreFile.java', 'org.apache.hadoop.hbase.regionserver.StoreFile', 'isHFile', '^([0-9a-f]+(?:_SeqId_[0-9]+_)?)', '2978d4da3c554ba9bb8559423cb000db')","[1179213, 1179266]"
"('Description.java', 'org.junit.runner.Description', 'methodAndClassNamePatternGroupOrDefault', '([\\s\\S]*)\\((.*)\\)', 'test[[[b, [c - e]], [1, [2 - 4]], [B, [C - E]]] [[b, [c - e]], [1, [2 - 4]], [B, [C - E]]]](com.salesforce.phoenix.filter.SkipScanFilterIntersectTest)')","[2098, 2142, 2274, 41594, 41617, 41686]"
"('Description.java', 'org.junit.runner.Description', 'methodAndClassNamePatternGroupOrDefault', '([\\s\\S]*)\\((.*)\\)', 'testMixedTypeInListStatement[](com.salesforce.phoenix.end2end.QueryTest)')","[12934, 51323]"
"('StoreFile.java', 'org.apache.hadoop.hbase.regionserver.StoreFile', 'isHFile', '^([0-9a-f]+(?:_SeqId_[0-9]+_)?)', 'ee6c1a90ec96423481260f9c3d299214')","[1288443, 1288496]"
"('Description.java', 'org.junit.runner.Description', 'methodAndClassNamePatternGroupOrDefault', '([\\s\\S]*)\\((.*)\\)', 'testSelectCount(com.salesforce.phoenix.end2end.VariableLengthPKTest)')","[31862, 69456]"
"('StoreFile.java', 'org.apache.hadoop.hbase.regionserver.StoreFile', 'isReference', '^([0-9a-f]+(?:_SeqId_[0-9]+_)?|(?:[a-zA-Z_0-9][a-zA-Z_0-9.-]*)=(?:[a-f0-9]+)-[0-9a-f]+(?:_SeqId_[0-9]+_)?)\\.(.+)$', 'ec0090a84103444c81cb173af11a1c15')","[499571, 499610]"
"('Description.java', 'org.junit.runner.Description', 'methodAndClassNamePatternGroupOrDefault', '([\\s\\S]*)\\((.*)\\)', 'test[[[[a - b]], [[1 - 2]], [[A - B]]] [I@38f52df8 [B@689d11fe LOWER {4}](com.salesforce.phoenix.util.ScanUtilTest)')","[124, 40582]"
"('Description.java', 'org.junit.runner.Description', 'methodAndClassNamePatternGroupOrDefault', '([\\s\\S]*)\\((.*)\\)', 'testUnknownFunction(com.salesforce.phoenix.parse.QueryParserTest)')","[16746, 54914]"
"('Description.java', 'org.junit.runner.Description', 'methodAndClassNamePatternGroupOrDefault', '([\\s\\S]*)\\((.*)\\)', 'testDeleteRangeNoAutoCommitWithIndex(com.salesforce.phoenix.end2end.DeleteTest)')","[32654, 70226]"
"('Description.java', 'org.junit.runner.Description', 'methodAndClassNamePatternGroupOrDefault', '([\\s\\S]*)\\((.*)\\)', 'testDefaultHTableFactory(com.salesforce.phoenix.query.HBaseFactoryProviderTest)')","[24289, 62438]"
"('StoreFile.java', 'org.apache.hadoop.hbase.regionserver.StoreFile', 'isReference', '^([0-9a-f]+(?:_SeqId_[0-9]+_)?|(?:[a-zA-Z_0-9][a-zA-Z_0-9.-]*)=(?:[a-f0-9]+)-[0-9a-f]+(?:_SeqId_[0-9]+_)?)\\.(.+)$', '53b4980dc5ee466aa8bb003b3d90d805')","[1234215, 1234268]"
"('StoreFile.java', 'org.apache.hadoop.hbase.regionserver.StoreFile', 'isHFile', '^([0-9a-f]+(?:_SeqId_[0-9]+_)?)', '63e4c7dca81447d2b49bb3b4b5090dc0')","[1328077, 1328130]"
"('Description.java', 'org.junit.runner.Description', 'methodAndClassNamePatternGroupOrDefault', '([\\s\\S]*)\\((.*)\\)', 'testUpperLowerBoundRangeScan[CREATE INDEX ATABLE_IDX ON aTable (a_integer, a_string) INCLUDE (    B_STRING,     A_DATE)](com.salesforce.phoenix.end2end.QueryTest)')","[8361, 46792]"
"('Description.java', 'org.junit.runner.Description', 'methodAndClassNamePatternGroupOrDefault', '([\\s\\S]*)\\((.*)\\)', 'testNullAtStartOfRVC(com.salesforce.phoenix.compile.WhereClauseOptimizerTest)')","[20674, 58830]"
"('FSTableDescriptors.java', 'org.apache.hadoop.hbase.util.FSTableDescriptors', 'getTableInfoSequenceid', '.tableinfo(\\.([0-9]{10}))?$', '.tableinfo.0000000001')","[86850, 113961, 337077, 900431, 1189870, 1243871, 1268240, 1297870, 1315812, 1337810, 1357414, 1403104, 1422922]"
"('Description.java', 'org.junit.runner.Description', 'methodAndClassNamePatternGroupOrDefault', '([\\s\\S]*)\\((.*)\\)', 'testUnboundRangeScan2[](com.salesforce.phoenix.end2end.QueryTest)')","[13026, 51415]"
"('Description.java', 'org.junit.runner.Description', 'methodAndClassNamePatternGroupOrDefault', '([\\s\\S]*)\\((.*)\\)', 'testTimestamp[CREATE INDEX ATABLE_IDX ON aTable (a_integer, a_string) INCLUDE (    B_STRING,     A_DATE)](com.salesforce.phoenix.end2end.QueryTest)')","[8154, 46585]"
"('HFileLink.java', 'org.apache.hadoop.hbase.io.HFileLink', 'isHFileLink', '^((?:[a-zA-Z_0-9][a-zA-Z_0-9.-]*))=((?:[a-f0-9]+))-([0-9a-f]+(?:_SeqId_[0-9]+_)?)$', '9d657908ff874f4fa3ffff3bda618db1')","[1393644, 1393697]"
"('Description.java', 'org.junit.runner.Description', 'methodAndClassNamePatternGroupOrDefault', '([\\s\\S]*)\\((.*)\\)', 'testLikeOptKeyExpression(com.salesforce.phoenix.compile.WhereClauseOptimizerTest)')","[20842, 59006]"
"('Description.java', 'org.junit.runner.Description', 'methodAndClassNamePatternGroupOrDefault', '([\\s\\S]*)\\((.*)\\)', '[ScanRanges[[[b], [1], [[B - D]]]] [a9Z - c0A]]')",[2358]
"('Description.java', 'org.junit.runner.Description', 'methodAndClassNamePatternGroupOrDefault', '([\\s\\S]*)\\((.*)\\)', 'testDoubleDivideExpression[CREATE INDEX ATABLE_IDX ON aTable (a_integer DESC) INCLUDE (    A_STRING,     B_STRING,     A_DATE)](com.salesforce.phoenix.end2end.QueryTest)')","[4959, 43411]"
"('Description.java', 'org.junit.runner.Description', 'methodAndClassNamePatternGroupOrDefault', '([\\s\\S]*)\\((.*)\\)', 'testGetColumnName(com.salesforce.phoenix.schema.SchemaUtilTest)')","[38385, 75792]"
"('Description.java', 'org.junit.runner.Description', 'methodAndClassNamePatternGroupOrDefault', '([\\s\\S]*)\\((.*)\\)', 'testGroupByRowKeyColumns(com.salesforce.phoenix.end2end.VariableLengthPKTest)')","[31799, 69390]"
"('Description.java', 'org.junit.runner.Description', 'methodAndClassNamePatternGroupOrDefault', '([\\s\\S]*)\\((.*)\\)', 'testDateProjection(com.salesforce.phoenix.end2end.ToCharFunctionTest)')","[35181, 72734]"
"('Description.java', 'org.junit.runner.Description', 'methodAndClassNamePatternGroupOrDefault', '([\\s\\S]*)\\((.*)\\)', 'testForFloatArray(com.salesforce.phoenix.schema.PDataTypeForArraysTest)')","[37574, 75022]"
"('Description.java', 'org.junit.runner.Description', 'methodAndClassNamePatternGroupOrDefault', '([\\s\\S]*)\\((.*)\\)', 'testQueryMoreWithSubsetofPKColsInRowValueConstructor(com.salesforce.phoenix.end2end.RowValueConstructorTest)')","[24812, 62966]"
"('Description.java', 'org.junit.runner.Description', 'methodAndClassNamePatternGroupOrDefault', '([\\s\\S]*)\\((.*)\\)', 'testDistinctUngroupedAggregation[CREATE INDEX ATABLE_IDX ON aTable (a_integer DESC) INCLUDE (    A_STRING,     B_STRING,     A_DATE)](com.salesforce.phoenix.end2end.QueryTest)')","[4890, 43342]"
"('Description.java', 'org.junit.runner.Description', 'methodAndClassNamePatternGroupOrDefault', '([\\s\\S]*)\\((.*)\\)', 'testParsingStatementWithMissingToken(com.salesforce.phoenix.parse.QueryParserTest)')","[16179, 54320]"
"('Description.java', 'org.junit.runner.Description', 'methodAndClassNamePatternGroupOrDefault', '([\\s\\S]*)\\((.*)\\)', 'testGreaterThan(com.salesforce.phoenix.compile.WhereClauseOptimizerTest)')","[20548, 58698]"
"('Description.java', 'org.junit.runner.Description', 'methodAndClassNamePatternGroupOrDefault', '([\\s\\S]*)\\((.*)\\)', 'testHintCorrectlyToNextFamily(com.salesforce.hbase.index.covered.filter.TestApplyAndFilterDeletesFilter)')","[39703, 76914]"
"('Description.java', 'org.junit.runner.Description', 'methodAndClassNamePatternGroupOrDefault', '([\\s\\S]*)\\((.*)\\)', '[[[a], [(* - *)], [[A - B]]] [I@4d5dd716 [B@4bd40d08 LOWER {4}]')",[409]
"('Description.java', 'org.junit.runner.Description', 'methodAndClassNamePatternGroupOrDefault', '([\\s\\S]*)\\((.*)\\)', 'testNegativeCountStar(com.salesforce.phoenix.parse.QueryParserTest)')","[16620, 54782]"
"('Description.java', 'org.junit.runner.Description', 'methodAndClassNamePatternGroupOrDefault', '([\\s\\S]*)\\((.*)\\)', 'testAndOrExpression(com.salesforce.phoenix.compile.WhereClauseOptimizerTest)')","[20212, 58346]"
"('Description.java', 'org.junit.runner.Description', 'methodAndClassNamePatternGroupOrDefault', '([\\s\\S]*)\\((.*)\\)', 'testInListSkipScan[](com.salesforce.phoenix.end2end.QueryTest)')","[11899, 50288]"
"('Description.java', 'org.junit.runner.Description', 'methodAndClassNamePatternGroupOrDefault', '([\\s\\S]*)\\((.*)\\)', 'ascOrderCompositePK(com.salesforce.phoenix.end2end.DescColumnSortOrderTest)')","[29135, 66838]"
"('Description.java', 'org.junit.runner.Description', 'methodAndClassNamePatternGroupOrDefault', '([\\s\\S]*)\\((.*)\\)', 'testChooseTableForSelectionStar(com.salesforce.phoenix.compile.QueryOptimizerTest)')","[19143, 57246]"
"('Description.java', 'org.junit.runner.Description', 'methodAndClassNamePatternGroupOrDefault', '([\\s\\S]*)\\((.*)\\)', 'testUpsertIntoNormalTableFromSaltedTable(com.salesforce.phoenix.end2end.salted.SaltedTableUpsertSelectTest)')","[25144, 63274]"
"('HFileLink.java', 'org.apache.hadoop.hbase.io.HFileLink', 'isHFileLink', '^((?:[a-zA-Z_0-9][a-zA-Z_0-9.-]*))=((?:[a-f0-9]+))-([0-9a-f]+(?:_SeqId_[0-9]+_)?)$', 'ea5ee0142ee542f2b182decd5f4cf622')","[1394981, 1395043, 1395167, 1395181]"
"('Description.java', 'org.junit.runner.Description', 'methodAndClassNamePatternGroupOrDefault', '([\\s\\S]*)\\((.*)\\)', 'testTopNDeleteAutoCommitOn(com.salesforce.phoenix.end2end.TopNTest)')","[25308, 63406]"
"('Description.java', 'org.junit.runner.Description', 'methodAndClassNamePatternGroupOrDefault', '([\\s\\S]*)\\((.*)\\)', 'testNullStringValue[CREATE INDEX ATABLE_IDX ON aTable (a_integer DESC) INCLUDE (    A_STRING,     B_STRING,     A_DATE)](com.salesforce.phoenix.end2end.QueryTest)')","[4683, 43135]"
"('Description.java', 'org.junit.runner.Description', 'methodAndClassNamePatternGroupOrDefault', '([\\s\\S]*)\\((.*)\\)', 'testForDateArray(com.salesforce.phoenix.schema.PDataTypeForArraysTest)')","[37364, 74802]"
"('Description.java', 'org.junit.runner.Description', 'methodAndClassNamePatternGroupOrDefault', '([\\s\\S]*)\\((.*)\\)', 'org.apache.hadoop.hbase.regionserver.wal.TestReadWriteKeyValuesWithCodec')",[40494]
"('KerberosName.java', 'org.apache.hadoop.security.KerberosName', '<init>', '([^/@]*)(/([^/@]*))?@([^/@]*)', 'pwang7.hfs.3')","[1181724, 1181873]"
"('Description.java', 'org.junit.runner.Description', 'methodAndClassNamePatternGroupOrDefault', '([\\s\\S]*)\\((.*)\\)', 'testPointInTimeGroupedAggregation[CREATE INDEX ATABLE_IDX ON aTable (a_integer, a_string) INCLUDE (    B_STRING,     A_DATE)](com.salesforce.phoenix.end2end.QueryTest)')","[6889, 45320]"
"('Description.java', 'org.junit.runner.Description', 'methodAndClassNamePatternGroupOrDefault', '([\\s\\S]*)\\((.*)\\)', 'testUsingNonComparableDataTypesOfLiteralOnLHSAndRowValueConstructorFails(com.salesforce.phoenix.compile.QueryCompileTest)')","[22934, 61118]"
"('HFileLink.java', 'org.apache.hadoop.hbase.io.HFileLink', 'isHFileLink', '^((?:[a-zA-Z_0-9][a-zA-Z_0-9.-]*))=((?:[a-f0-9]+))-([0-9a-f]+(?:_SeqId_[0-9]+_)?)$', 'c865fa1cfa5d4e9a85253dc1d92490db')","[1287984, 1288037]"
"('Description.java', 'org.junit.runner.Description', 'methodAndClassNamePatternGroupOrDefault', '([\\s\\S]*)\\((.*)\\)', 'testMixedTypeInListStatement[CREATE INDEX ATABLE_IDX ON aTable (a_integer, a_string) INCLUDE (    B_STRING,     A_DATE)](com.salesforce.phoenix.end2end.QueryTest)')","[7970, 46401]"
"('Description.java', 'org.junit.runner.Description', 'methodAndClassNamePatternGroupOrDefault', '([\\s\\S]*)\\((.*)\\)', 'testColumnNotFound(com.salesforce.phoenix.compile.WhereClauseOptimizerTest)')","[20023, 58148]"
"('Description.java', 'org.junit.runner.Description', 'methodAndClassNamePatternGroupOrDefault', '([\\s\\S]*)\\((.*)\\)', 'testDateAdd[CREATE INDEX ATABLE_IDX ON aTable (a_integer) INCLUDE (    A_STRING,     B_STRING,     A_DATE)](com.salesforce.phoenix.end2end.QueryTest)')","[10912, 49322]"
"('Description.java', 'org.junit.runner.Description', 'methodAndClassNamePatternGroupOrDefault', '([\\s\\S]*)\\((.*)\\)', 'testDistinctGroupedAggregation[CREATE INDEX ATABLE_IDX ON aTable (a_integer DESC) INCLUDE (    A_STRING,     B_STRING,     A_DATE)](com.salesforce.phoenix.end2end.QueryTest)')","[6477, 44929]"
"('StoreFile.java', 'org.apache.hadoop.hbase.regionserver.StoreFile', 'isReference', '^([0-9a-f]+(?:_SeqId_[0-9]+_)?|(?:[a-zA-Z_0-9][a-zA-Z_0-9.-]*)=(?:[a-f0-9]+)-[0-9a-f]+(?:_SeqId_[0-9]+_)?)\\.(.+)$', '799c74fb144c47c995f39f3aeb40fcac')","[890895, 890948]"
"('HFileLink.java', 'org.apache.hadoop.hbase.io.HFileLink', 'isHFileLink', '^((?:[a-zA-Z_0-9][a-zA-Z_0-9.-]*))=((?:[a-f0-9]+))-([0-9a-f]+(?:_SeqId_[0-9]+_)?)$', '7204a91aa5314cb0b6aea56db40c92a1')","[1258568, 1258621]"
"('Description.java', 'org.junit.runner.Description', 'methodAndClassNamePatternGroupOrDefault', '([\\s\\S]*)\\((.*)\\)', 'testCountAggregatorFirst(com.salesforce.phoenix.compile.QueryCompileTest)')","[22514, 60678]"
"('Description.java', 'org.junit.runner.Description', 'methodAndClassNamePatternGroupOrDefault', '([\\s\\S]*)\\((.*)\\)', '[ScanRanges[[[a], [1], [[A - B]]]] [d0A - *)]')",[3722]
"('Description.java', 'org.junit.runner.Description', 'methodAndClassNamePatternGroupOrDefault', '([\\s\\S]*)\\((.*)\\)', 'testDegenerateBiggerThanMaxLengthVarchar(com.salesforce.phoenix.compile.WhereClauseCompileTest)')","[23226, 61404]"
"('Description.java', 'org.junit.runner.Description', 'methodAndClassNamePatternGroupOrDefault', '([\\s\\S]*)\\((.*)\\)', 'testColumnAliasMapping[CREATE INDEX ATABLE_IDX ON aTable (a_integer, a_string) INCLUDE (    B_STRING,     A_DATE)](com.salesforce.phoenix.end2end.QueryTest)')","[7487, 45918]"
"('Description.java', 'org.junit.runner.Description', 'methodAndClassNamePatternGroupOrDefault', '([\\s\\S]*)\\((.*)\\)', 'testParseCreateTableOrderWithoutPrimaryKeyFails(com.salesforce.phoenix.parse.QueryParserTest)')","[16641, 54804]"
"('Description.java', 'org.junit.runner.Description', 'methodAndClassNamePatternGroupOrDefault', '([\\s\\S]*)\\((.*)\\)', 'testSimpleInListStatement[CREATE INDEX ATABLE_IDX ON aTable (a_integer) INCLUDE (    A_STRING,     B_STRING,     A_DATE)](com.salesforce.phoenix.end2end.QueryTest)')","[11556, 49966]"
"('Description.java', 'org.junit.runner.Description', 'methodAndClassNamePatternGroupOrDefault', '([\\s\\S]*)\\((.*)\\)', 'testForTinyIntArray(com.salesforce.phoenix.schema.PDataTypeForArraysTest)')","[37091, 74516]"
"('Description.java', 'org.junit.runner.Description', 'methodAndClassNamePatternGroupOrDefault', '([\\s\\S]*)\\((.*)\\)', '[ScanRanges[[[a, b], [1, 2], [A, [C - D], G]]] [[a1A - a1B), [a1B - a1E), [a1G - a1I), [a2A - *)]]')",[4137]
"('HFileLink.java', 'org.apache.hadoop.hbase.io.HFileLink', 'isHFileLink', '^((?:[a-zA-Z_0-9][a-zA-Z_0-9.-]*))=((?:[a-f0-9]+))-([0-9a-f]+(?:_SeqId_[0-9]+_)?)$', '63e4c7dca81447d2b49bb3b4b5090dc0')","[1328042, 1328095]"
"('Description.java', 'org.junit.runner.Description', 'methodAndClassNamePatternGroupOrDefault', '([\\s\\S]*)\\((.*)\\)', 'testNotKeyOrderedGroupByOptimization(com.salesforce.phoenix.compile.QueryCompileTest)')","[22283, 60436]"
"('Description.java', 'org.junit.runner.Description', 'methodAndClassNamePatternGroupOrDefault', '([\\s\\S]*)\\((.*)\\)', 'testOrFilter(com.salesforce.phoenix.compile.WhereClauseCompileTest)')","[23835, 62042]"
"('Description.java', 'org.junit.runner.Description', 'methodAndClassNamePatternGroupOrDefault', '([\\s\\S]*)\\((.*)\\)', 'com.salesforce.phoenix.end2end.StatementHintsTest')",[27729]
"('Description.java', 'org.junit.runner.Description', 'methodAndClassNamePatternGroupOrDefault', '([\\s\\S]*)\\((.*)\\)', 'testSelectAfterUpsertInQuery(com.salesforce.phoenix.end2end.SkipScanQueryTest)')","[29469, 67168]"
"('Description.java', 'org.junit.runner.Description', 'methodAndClassNamePatternGroupOrDefault', '([\\s\\S]*)\\((.*)\\)', 'testQueryMoreWithLeadingPKColSkippedInRowValueConstructor_salted(com.salesforce.phoenix.end2end.RowValueConstructorTest)')","[24518, 62658]"
"('Description.java', 'org.junit.runner.Description', 'methodAndClassNamePatternGroupOrDefault', '([\\s\\S]*)\\((.*)\\)', 'test[ScanRanges[[[b], [1], [B]]] [b0A - b1B]](com.salesforce.phoenix.compile.ScanRangesTest)')","[2513, 41801]"
"('Description.java', 'org.junit.runner.Description', 'methodAndClassNamePatternGroupOrDefault', '([\\s\\S]*)\\((.*)\\)', 'com.salesforce.phoenix.end2end.PercentileTest')",[30215]
"('Description.java', 'org.junit.runner.Description', 'methodAndClassNamePatternGroupOrDefault', '([\\s\\S]*)\\((.*)\\)', '[[[b], [2], [B]] [I@20d8d3a1 [B@7b2dffdf LOWER {4}]')",[189]
"('Description.java', 'org.junit.runner.Description', 'methodAndClassNamePatternGroupOrDefault', '([\\s\\S]*)\\((.*)\\)', 'testSelectValueNoWhereClause(com.salesforce.phoenix.end2end.salted.SaltedTableTest)')","[24936, 63076]"
"('Description.java', 'org.junit.runner.Description', 'methodAndClassNamePatternGroupOrDefault', '([\\s\\S]*)\\((.*)\\)', 'testHavingAggregation(com.salesforce.phoenix.end2end.ProductMetricsTest)')","[33700, 71282]"
"('Description.java', 'org.junit.runner.Description', 'methodAndClassNamePatternGroupOrDefault', '([\\s\\S]*)\\((.*)\\)', 'testInListWithAnd1FilterScankey(com.salesforce.phoenix.compile.WhereClauseCompileTest)')","[23499, 61690]"
"('Description.java', 'org.junit.runner.Description', 'methodAndClassNamePatternGroupOrDefault', '([\\s\\S]*)\\((.*)\\)', 'testTimeFilter(com.salesforce.phoenix.end2end.ToCharFunctionTest)')","[35307, 72866]"
"('Description.java', 'org.junit.runner.Description', 'methodAndClassNamePatternGroupOrDefault', '([\\s\\S]*)\\((.*)\\)', 'testInvalidGroupExpressionAggregation(com.salesforce.phoenix.compile.QueryCompileTest)')","[22136, 60282]"
"('Description.java', 'org.junit.runner.Description', 'methodAndClassNamePatternGroupOrDefault', '([\\s\\S]*)\\((.*)\\)', '[ScanRanges[[[a], [0, 1], [A]]] [(* - a1A), [a1A - a1B)]]')",[3961]
"('HFileLink.java', 'org.apache.hadoop.hbase.io.HFileLink', 'isHFileLink', '^((?:[a-zA-Z_0-9][a-zA-Z_0-9.-]*))=((?:[a-f0-9]+))-([0-9a-f]+(?:_SeqId_[0-9]+_)?)$', 'f405ac725d9546a48e440193aff07702')","[1234515, 1234568]"
"('Description.java', 'org.junit.runner.Description', 'methodAndClassNamePatternGroupOrDefault', '([\\s\\S]*)\\((.*)\\)', 'com.salesforce.phoenix.end2end.ArithmeticQueryTest')",[32862]
"('Description.java', 'org.junit.runner.Description', 'methodAndClassNamePatternGroupOrDefault', '([\\s\\S]*)\\((.*)\\)', 'com.salesforce.phoenix.end2end.HashJoinTest')",[14126]
"('Description.java', 'org.junit.runner.Description', 'methodAndClassNamePatternGroupOrDefault', '([\\s\\S]*)\\((.*)\\)', 'ltrim(com.salesforce.phoenix.expression.DescColumnSortOrderExpressionTest)')","[17498, 55662]"
"('KerberosName.java', 'org.apache.hadoop.security.KerberosName', '<init>', '([^/@]*)(/([^/@]*))?@([^/@]*)', 'pwang7.hfs.8')","[1329570, 1329719]"
"('Description.java', 'org.junit.runner.Description', 'methodAndClassNamePatternGroupOrDefault', '([\\s\\S]*)\\((.*)\\)', 'testForceRangeScanKeepsFilters(com.salesforce.phoenix.compile.WhereClauseOptimizerTest)')","[19729, 57840]"
"('Description.java', 'org.junit.runner.Description', 'methodAndClassNamePatternGroupOrDefault', '([\\s\\S]*)\\((.*)\\)', 'com.salesforce.phoenix.schema.PDataTypeForArraysTest')",[36965]
"('Description.java', 'org.junit.runner.Description', 'methodAndClassNamePatternGroupOrDefault', '([\\s\\S]*)\\((.*)\\)', 'testAndHavingToAndWhere(com.salesforce.phoenix.compile.HavingClauseTest)')","[21634, 59776]"
"('Description.java', 'org.junit.runner.Description', 'methodAndClassNamePatternGroupOrDefault', '([\\s\\S]*)\\((.*)\\)', 'com.salesforce.hbase.index.covered.data.TestIndexMemStore')",[39905]
"('Description.java', 'org.junit.runner.Description', 'methodAndClassNamePatternGroupOrDefault', '([\\s\\S]*)\\((.*)\\)', 'testRowKeyFilter(com.salesforce.phoenix.compile.WhereClauseCompileTest)')","[23373, 61558]"
"('Description.java', 'org.junit.runner.Description', 'methodAndClassNamePatternGroupOrDefault', '([\\s\\S]*)\\((.*)\\)', 'testDoubleMultiplyExpression[](com.salesforce.phoenix.end2end.QueryTest)')","[13509, 51898]"
"('Description.java', 'org.junit.runner.Description', 'methodAndClassNamePatternGroupOrDefault', '([\\s\\S]*)\\((.*)\\)', 'testPaddedStartStopKey(com.salesforce.phoenix.compile.WhereClauseCompileTest)')","[23772, 61976]"
"('Description.java', 'org.junit.runner.Description', 'methodAndClassNamePatternGroupOrDefault', '([\\s\\S]*)\\((.*)\\)', 'testDistinctCountWithGroupBy(com.salesforce.phoenix.end2end.DistinctCountTest)')","[35036, 72602]"
"('Description.java', 'org.junit.runner.Description', 'methodAndClassNamePatternGroupOrDefault', '([\\s\\S]*)\\((.*)\\)', 'testSimpleInListStatement[](com.salesforce.phoenix.end2end.QueryTest)')","[14038, 52427]"
"('Description.java', 'org.junit.runner.Description', 'methodAndClassNamePatternGroupOrDefault', '([\\s\\S]*)\\((.*)\\)', 'testGetSplitsWithSkipScanFilter[ScanRanges[[[a], [0, 1], [A]]] [(* - a1A), [a1A - a1B)]](com.salesforce.phoenix.end2end.SkipRangeParallelIteratorRegionSplitterTest)')","[3984, 42560]"
"('Description.java', 'org.junit.runner.Description', 'methodAndClassNamePatternGroupOrDefault', '([\\s\\S]*)\\((.*)\\)', 'testTernarySubtractionExpression[CREATE INDEX ATABLE_IDX ON aTable (a_integer DESC) INCLUDE (    A_STRING,     B_STRING,     A_DATE)](com.salesforce.phoenix.end2end.QueryTest)')","[4821, 43273]"
"('Description.java', 'org.junit.runner.Description', 'methodAndClassNamePatternGroupOrDefault', '([\\s\\S]*)\\((.*)\\)', 'testNoWhereScan[CREATE INDEX ATABLE_IDX ON aTable (a_integer) INCLUDE (    A_STRING,     B_STRING,     A_DATE)](com.salesforce.phoenix.end2end.QueryTest)')","[10222, 48632]"
"('Description.java', 'org.junit.runner.Description', 'methodAndClassNamePatternGroupOrDefault', '([\\s\\S]*)\\((.*)\\)', 'testConstantDivideExpression[](com.salesforce.phoenix.end2end.QueryTest)')","[13854, 52243]"
"('Description.java', 'org.junit.runner.Description', 'methodAndClassNamePatternGroupOrDefault', '([\\s\\S]*)\\((.*)\\)', 'testPercentileWrongQuery3(com.salesforce.phoenix.compile.QueryCompileTest)')","[23060, 61250]"
"('Description.java', 'org.junit.runner.Description', 'methodAndClassNamePatternGroupOrDefault', '([\\s\\S]*)\\((.*)\\)', 'testImmutableTableIndexMaintanenceSaltedSalted(com.salesforce.phoenix.end2end.index.ImmutableIndexTest)')","[28141, 65936]"
"('StoreFile.java', 'org.apache.hadoop.hbase.regionserver.StoreFile', 'isHFile', '^([0-9a-f]+(?:_SeqId_[0-9]+_)?)', '06323b5c3aaf45efbf8af18e82d83942')","[1348257, 1348310]"
"('Description.java', 'org.junit.runner.Description', 'methodAndClassNamePatternGroupOrDefault', '([\\s\\S]*)\\((.*)\\)', 'testAndHavingToWhere(com.salesforce.phoenix.compile.HavingClauseTest)')","[21445, 59578]"
"('Description.java', 'org.junit.runner.Description', 'methodAndClassNamePatternGroupOrDefault', '([\\s\\S]*)\\((.*)\\)', 'testMultiKeyExpression(com.salesforce.phoenix.compile.WhereClauseOptimizerTest)')","[20296, 58434]"
"('Description.java', 'org.junit.runner.Description', 'methodAndClassNamePatternGroupOrDefault', '([\\s\\S]*)\\((.*)\\)', 'testMultiCondCaseStatement[CREATE INDEX ATABLE_IDX ON aTable (a_integer, a_string) INCLUDE (    B_STRING,     A_DATE)](com.salesforce.phoenix.end2end.QueryTest)')","[7556, 45987]"
"('Description.java', 'org.junit.runner.Description', 'methodAndClassNamePatternGroupOrDefault', '([\\s\\S]*)\\((.*)\\)', 'testInvalidArithmetic(com.salesforce.phoenix.compile.QueryCompileTest)')","[22031, 60172]"
"('Description.java', 'org.junit.runner.Description', 'methodAndClassNamePatternGroupOrDefault', '([\\s\\S]*)\\((.*)\\)', 'testCoverForDeleteColumn(com.salesforce.hbase.index.covered.filter.TestApplyAndFilterDeletesFilter)')","[39619, 76826]"
"('Description.java', 'org.junit.runner.Description', 'methodAndClassNamePatternGroupOrDefault', '([\\s\\S]*)\\((.*)\\)', 'testSelectWithDivideExpression[](com.salesforce.phoenix.end2end.QueryTest)')","[13371, 51760]"
"('Description.java', 'org.junit.runner.Description', 'methodAndClassNamePatternGroupOrDefault', '([\\s\\S]*)\\((.*)\\)', '[[Ljava.lang.String;@1249ffc3]')",[14651]
"('Description.java', 'org.junit.runner.Description', 'methodAndClassNamePatternGroupOrDefault', '([\\s\\S]*)\\((.*)\\)', 'testScanWithArrayInWhereClause(com.salesforce.phoenix.end2end.ArrayTest)')","[25472, 63538]"
"('Description.java', 'org.junit.runner.Description', 'methodAndClassNamePatternGroupOrDefault', '([\\s\\S]*)\\((.*)\\)', 'testRowValueConstructorBindParamMetaDataWithBindArgsAtDiffPlacesOnLHSRHS(com.salesforce.phoenix.compile.QueryMetaDataTest)')","[18706, 56828]"
"('Description.java', 'org.junit.runner.Description', 'methodAndClassNamePatternGroupOrDefault', '([\\s\\S]*)\\((.*)\\)', 'testCoerceIntegerToLong[CREATE INDEX ATABLE_IDX ON aTable (a_integer) INCLUDE (    A_STRING,     B_STRING,     A_DATE)](com.salesforce.phoenix.end2end.QueryTest)')","[11326, 49736]"
"('Description.java', 'org.junit.runner.Description', 'methodAndClassNamePatternGroupOrDefault', '([\\s\\S]*)\\((.*)\\)', 'testCreateSequence(com.salesforce.phoenix.parse.QueryParserTest)')","[16767, 54936]"
"('Description.java', 'org.junit.runner.Description', 'methodAndClassNamePatternGroupOrDefault', '([\\s\\S]*)\\((.*)\\)', 'testLTrimFunction(com.salesforce.phoenix.end2end.VariableLengthPKTest)')","[31484, 69060]"
"('StoreFile.java', 'org.apache.hadoop.hbase.regionserver.StoreFile', 'isHFile', '^([0-9a-f]+(?:_SeqId_[0-9]+_)?)', '2b76f5af639a4589aaaac8335de135e6')","[890700, 890753]"
"('Description.java', 'org.junit.runner.Description', 'methodAndClassNamePatternGroupOrDefault', '([\\s\\S]*)\\((.*)\\)', 'null')","[17, 15151]"
"('Description.java', 'org.junit.runner.Description', 'methodAndClassNamePatternGroupOrDefault', '([\\s\\S]*)\\((.*)\\)', 'testSingleKeyNotExpression(com.salesforce.phoenix.compile.WhereClauseOptimizerTest)')","[21178, 59358]"
"('HFileLink.java', 'org.apache.hadoop.hbase.io.HFileLink', 'isHFileLink', '^((?:[a-zA-Z_0-9][a-zA-Z_0-9.-]*))=((?:[a-f0-9]+))-([0-9a-f]+(?:_SeqId_[0-9]+_)?)$', '5e28da99cf9442febb3a6f4baf59c227')","[1414807, 1414869, 1414985, 1414999]"
"('Description.java', 'org.junit.runner.Description', 'methodAndClassNamePatternGroupOrDefault', '([\\s\\S]*)\\((.*)\\)', 'testChildDecreaseAllocation(com.salesforce.phoenix.memory.MemoryManagerTest)')","[17870, 55992]"
"('Description.java', 'org.junit.runner.Description', 'methodAndClassNamePatternGroupOrDefault', '([\\s\\S]*)\\((.*)\\)', 'testDateSubtract[CREATE INDEX ATABLE_IDX ON aTable (a_integer DESC) INCLUDE (    A_STRING,     B_STRING,     A_DATE)](com.salesforce.phoenix.end2end.QueryTest)')","[6201, 44653]"
"('Description.java', 'org.junit.runner.Description', 'methodAndClassNamePatternGroupOrDefault', '([\\s\\S]*)\\((.*)\\)', '[ScanRanges[[[b], [1], [B]]] [b0A - b1B]]')",[2490]
"('Description.java', 'org.junit.runner.Description', 'methodAndClassNamePatternGroupOrDefault', '([\\s\\S]*)\\((.*)\\)', 'testDistinctScan[CREATE INDEX ATABLE_IDX ON aTable (a_integer DESC) INCLUDE (    A_STRING,     B_STRING,     A_DATE)](com.salesforce.phoenix.end2end.QueryTest)')","[6040, 44492]"
"('Description.java', 'org.junit.runner.Description', 'methodAndClassNamePatternGroupOrDefault', '([\\s\\S]*)\\((.*)\\)', 'com.salesforce.hbase.index.write.TestWALRecoveryCaching')",[40374]
"('Description.java', 'org.junit.runner.Description', 'methodAndClassNamePatternGroupOrDefault', '([\\s\\S]*)\\((.*)\\)', 'testExplainPlan(com.salesforce.phoenix.end2end.QueryPlanTest)')","[32469, 70072]"
"('Description.java', 'org.junit.runner.Description', 'methodAndClassNamePatternGroupOrDefault', '([\\s\\S]*)\\((.*)\\)', 'testJoinPlanWithIndex[[Ljava.lang.String;@1249ffc3](com.salesforce.phoenix.end2end.HashJoinTest)')","[15065, 53393]"
"('StoreFile.java', 'org.apache.hadoop.hbase.regionserver.StoreFile', 'isHFile', '^([0-9a-f]+(?:_SeqId_[0-9]+_)?)', 'd1adb69d930c45479816b8c3adbed7b5')","[498937, 498993]"
"('Description.java', 'org.junit.runner.Description', 'methodAndClassNamePatternGroupOrDefault', '([\\s\\S]*)\\((.*)\\)', 'test[[[b], [[1 - 2]], [B]] [I@8f9c8a7 [B@46e4508b LOWER {4}](com.salesforce.phoenix.util.ScanUtilTest)')","[256, 40651]"
"('Description.java', 'org.junit.runner.Description', 'methodAndClassNamePatternGroupOrDefault', '([\\s\\S]*)\\((.*)\\)', 'testValueComparisonUnsignedInt(com.salesforce.phoenix.compile.WhereClauseOptimizerTest)')","[19855, 57972]"
"('Description.java', 'org.junit.runner.Description', 'methodAndClassNamePatternGroupOrDefault', '([\\s\\S]*)\\((.*)\\)', 'testRVCExpressionWithSubsetOfPKCols(com.salesforce.phoenix.compile.WhereClauseOptimizerTest)')","[20716, 58874]"
"('Description.java', 'org.junit.runner.Description', 'methodAndClassNamePatternGroupOrDefault', '([\\s\\S]*)\\((.*)\\)', '[[[PO], [def]] [I@3990f7c0 [rowkey=POdef, expected include]]')",[1352]
"('Description.java', 'org.junit.runner.Description', 'methodAndClassNamePatternGroupOrDefault', '([\\s\\S]*)\\((.*)\\)', 'testLikeDegenerate(com.salesforce.phoenix.compile.WhereClauseOptimizerTest)')","[19519, 57620]"
"('HFileLink.java', 'org.apache.hadoop.hbase.io.HFileLink', 'isHFileLink', '^((?:[a-zA-Z_0-9][a-zA-Z_0-9.-]*))=((?:[a-f0-9]+))-([0-9a-f]+(?:_SeqId_[0-9]+_)?)$', '1603ce771c144434b5479203f054e59f')","[105637, 105699, 105815, 105829]"
"('Description.java', 'org.junit.runner.Description', 'methodAndClassNamePatternGroupOrDefault', '([\\s\\S]*)\\((.*)\\)', 'com.salesforce.phoenix.end2end.ExecuteStatementsTest')",[26674]
"('Description.java', 'org.junit.runner.Description', 'methodAndClassNamePatternGroupOrDefault', '([\\s\\S]*)\\((.*)\\)', 'testUpsertIntoSaltedTableFromNormalTable(com.salesforce.phoenix.end2end.salted.SaltedTableUpsertSelectTest)')","[25123, 63252]"
"('HFileLink.java', 'org.apache.hadoop.hbase.io.HFileLink', 'isHFileLink', '^((?:[a-zA-Z_0-9][a-zA-Z_0-9.-]*))=((?:[a-f0-9]+))-([0-9a-f]+(?:_SeqId_[0-9]+_)?)$', 'b76587164f2b408ea91fc312c0abe2fa')","[890559, 890612]"
"('Description.java', 'org.junit.runner.Description', 'methodAndClassNamePatternGroupOrDefault', '([\\s\\S]*)\\((.*)\\)', 'testNextKey(com.salesforce.phoenix.util.ByteUtilTest)')","[15639, 53814]"
"('Description.java', 'org.junit.runner.Description', 'methodAndClassNamePatternGroupOrDefault', '([\\s\\S]*)\\((.*)\\)', 'testParsingStatementWithMispellToken(com.salesforce.phoenix.parse.QueryParserTest)')","[16557, 54716]"
"('Description.java', 'org.junit.runner.Description', 'methodAndClassNamePatternGroupOrDefault', '([\\s\\S]*)\\((.*)\\)', 'testNoWhereScan[CREATE INDEX ATABLE_IDX ON aTable (a_integer DESC) INCLUDE (    A_STRING,     B_STRING,     A_DATE)](com.salesforce.phoenix.end2end.QueryTest)')","[5258, 43710]"
"('Description.java', 'org.junit.runner.Description', 'methodAndClassNamePatternGroupOrDefault', '([\\s\\S]*)\\((.*)\\)', 'testReplayEditsWrittenViaHRegion(org.apache.hadoop.hbase.regionserver.wal.TestWALReplayWithIndexWritesAndUncompressedWALInHBase_094_9)')","[40475, 77464]"
"('Description.java', 'org.junit.runner.Description', 'methodAndClassNamePatternGroupOrDefault', '([\\s\\S]*)\\((.*)\\)', 'testLikeOnColumn(com.salesforce.phoenix.end2end.VariableLengthPKTest)')","[32324, 69940]"
"('HTableDescriptor.java', 'org.apache.hadoop.hbase.HTableDescriptor', 'hasCoprocessor', '^coprocessor\\$([0-9]+)$', 'coprocessor$2')","[81219, 81495, 82045, 82401, 83068, 83575, 84130, 85149, 85784, 87921, 88157, 88629, 88945, 89534, 89924, 90320, 91601, 91813, 92237, 92521, 93050, 93412, 95784, 96169, 97009, 97394, 98234, 98619, 99459, 99844, 100684, 101069, 101909, 102294, 103134, 103519, 108347, 108623, 109173, 109529, 110196, 110703, 111258, 112277, 112912, 115014, 115250, 115722, 116038, 116627, 117017, 117413, 118701, 118919, 119355, 119647, 120191, 120563, 122869, 123095, 123548, 123840, 124672, 125068, 125836, 126124, 126700, 127096, 127864, 128152, 128728, 129124, 129892, 130180, 130781, 131177, 131945, 132233, 132809, 133205, 133973, 134261, 134837, 135233, 136001, 136289, 136865, 137261, 138029, 138317, 138893, 139289, 140057, 140345, 140921, 141317, 142085, 142373, 142949, 143345, 144113, 144401, 144977, 145373, 146141, 146429, 147005, 147401, 148169, 148457, 149033, 149429, 150197, 150485, 151061, 151457, 152225, 152513, 153089, 153485, 154253, 154541, 155109, 155494, 156240, 156519, 157078, 157463, 158209, 158488, 159047, 159432, 160178, 160457, 161016, 161401, 162147, 162426, 162985, 163370, 164116, 164395, 164954, 165339, 166085, 166364, 166948, 167333, 168079, 168358, 168917, 169302, 170048, 170327, 170886, 171271, 172017, 172296, 172855, 173240, 173986, 174265, 174824, 175209, 175955, 176234, 176793, 177178, 177924, 178203, 178762, 179147, 179893, 180172, 180731, 181116, 181862, 182141, 182700, 183085, 183831, 184110, 184669, 185054, 185800, 186079, 186638, 187023, 187769, 188048, 188607, 188992, 189738, 190017, 190576, 190961, 191707, 191986, 192545, 192930, 193692, 193971, 194530, 194915, 195661, 195940, 196499, 196884, 197630, 197909, 198468, 198853, 199599, 199878, 200437, 200822, 201568, 201847, 202406, 202791, 203537, 203816, 204375, 204760, 205506, 205785, 206344, 206729, 207475, 207754, 208313, 208698, 209444, 209723, 210282, 210667, 211413, 211692, 212251, 212636, 213382, 213661, 214220, 214605, 215351, 215630, 216189, 216574, 217320, 217599, 218158, 218543, 219289, 219568, 220127, 220512, 221258, 221537, 222096, 222481, 223227, 223506, 224065, 224450, 225196, 225475, 226034, 226419, 227165, 227444, 228003, 228388, 229134, 229413, 229972, 230357, 231103, 231382, 231941, 232326, 233072, 233351, 233910, 234295, 235041, 235320, 235879, 236264, 237010, 237289, 237848, 238233, 238979, 239258, 239817, 240202, 240948, 241227, 241786, 242171, 242917, 243196, 243755, 244140, 244886, 245165, 245724, 246109, 246855, 247134, 247693, 248078, 248824, 249103, 249662, 250047, 250793, 251072, 251631, 252016, 252762, 253041, 253600, 253985, 254731, 255010, 255569, 255954, 256700, 256979, 257538, 257923, 258669, 258948, 259507, 259892, 260638, 260917, 261476, 261861, 262607, 262886, 263445, 263830, 264576, 264855, 265414, 265799, 266545, 266824, 267383, 267768, 268514, 268793, 269352, 269737, 270483, 270762, 271321, 271706, 272452, 272731, 273290, 273675, 274421, 274700, 275259, 275644, 276390, 276669, 277228, 277613, 278359, 278638, 279197, 279582, 280328, 280607, 281166, 281551, 282297, 282576, 283135, 283520, 284266, 284545, 285104, 285489, 286235, 286514, 287945, 288330, 289076, 289355, 289914, 290299, 291045, 291324, 291883, 292268, 293014, 293293, 293852, 294237, 294983, 295262, 295821, 296206, 296952, 297231, 297790, 298175, 298921, 299200, 299759, 300144, 300890, 301169, 301728, 302113, 302859, 303138, 303697, 304082, 304828, 305107, 305666, 306051, 306797, 307076, 307635, 308020, 308766, 309045, 309604, 309989, 310735, 311014, 311573, 311958, 312704, 312983, 313542, 313927, 314673, 314952, 315511, 315896, 316642, 316921, 317480, 317865, 318611, 318890, 319449, 319834, 320580, 320859, 321418, 321803, 322549, 322828, 323387, 323772, 324518, 324797, 325356, 325741, 326487, 326766, 327325, 327710, 328456, 328735, 329294, 329679, 330425, 330704, 331263, 331648, 332462, 332741, 333300, 333685, 334431, 334710, 335269, 335654, 336400, 336679, 337601, 337986, 338732, 339011, 339570, 339955, 340701, 340980, 341539, 341924, 342670, 342949, 343508, 343893, 344639, 344918, 345477, 345862, 346608, 346887, 347446, 347831, 348577, 348856, 349415, 349800, 350546, 350825, 351384, 351769, 352515, 352794, 353353, 353738, 354484, 354763, 355322, 355707, 356453, 356732, 357291, 357676, 358422, 358701, 359260, 359645, 360391, 360670, 361229, 361614, 362360, 362639, 363198, 363583, 364329, 364608, 365167, 365552, 366298, 366577, 367136, 367521, 368267, 368546, 369105, 369490, 370236, 370515, 371074, 371459, 372205, 372484, 373043, 373428, 374174, 374453, 375012, 375397, 376143, 376422, 376981, 377366, 378112, 378391, 378975, 379360, 380106, 380385, 380944, 381329, 382075, 382354, 382913, 383298, 384044, 384323, 384882, 385267, 386013, 386292, 386851, 387236, 387982, 388261, 388820, 389205, 389951, 390230, 390789, 391174, 391920, 392199, 392758, 393143, 393889, 394168, 394727, 395112, 395858, 396137, 396696, 397081, 397827, 398106, 398665, 399050, 399796, 400075, 400634, 401019, 401765, 402044, 402603, 402988, 403734, 404013, 404572, 404957, 405703, 405982, 406541, 406926, 407672, 407951, 408510, 408895, 409641, 409920, 410479, 410864, 411610, 411889, 412448, 412833, 413579, 413858, 414417, 414802, 415548, 415827, 416386, 416771, 417517, 417796, 418355, 418740, 419486, 419765, 420324, 420709, 421455, 421734, 422293, 422678, 423424, 423703, 424262, 424647, 425393, 425672, 426231, 426616, 427362, 427641, 428200, 428585, 429331, 429610, 430169, 430554, 431300, 431579, 432138, 432523, 433269, 433548, 434107, 434492, 435238, 435517, 436076, 436461, 437207, 437486, 438045, 438430, 439176, 439455, 440014, 440399, 441145, 441424, 441983, 442368, 443114, 443393, 443952, 444337, 445083, 445362, 445921, 446306, 447052, 447331, 447890, 448275, 449021, 449300, 449859, 450244, 450990, 451269, 451828, 452213, 452959, 453238, 453797, 454182, 454928, 455207, 455766, 456151, 456897, 457176, 457735, 458120, 458866, 459145, 459704, 460089, 460835, 461114, 461673, 462058, 462804, 463083, 463642, 464027, 464773, 465052, 465611, 465996, 466742, 467021, 467580, 467965, 468711, 468990, 469549, 469934, 470680, 470959, 471518, 471903, 472649, 472928, 473487, 473872, 474634, 474913, 475472, 475857, 476603, 476882, 477466, 477851, 478597, 478876, 479435, 479820, 480566, 480845, 481404, 481789, 482535, 482814, 483373, 483758, 484504, 484783, 485342, 485727, 486473, 486752, 487311, 487696, 488442, 488721, 489280, 489665, 490411, 490690, 491249, 491634, 492380, 492659, 493218, 493603, 494349, 494628, 495187, 495572, 496318, 496597, 497156, 497541, 498287, 498566, 499902, 500287, 501033, 501312, 501871, 502256, 503002, 503281, 503840, 504225, 504971, 505250, 505809, 506194, 506940, 507219, 507778, 508163, 508909, 509188, 509747, 510132, 510878, 511157, 511716, 512101, 512847, 513126, 513685, 514070, 514816, 515095, 515654, 516039, 516785, 517064, 517623, 518008, 518754, 519033, 519592, 519977, 520723, 521002, 521561, 521946, 522692, 522971, 523530, 523915, 524661, 524940, 525499, 525884, 526630, 526909, 527468, 527853, 528599, 528878, 529437, 529822, 530568, 530847, 531406, 531791, 532537, 532816, 533375, 533760, 534506, 534785, 535344, 535729, 536475, 536754, 537313, 537698, 538444, 538723, 539282, 539667, 540413, 540692, 541251, 541636, 542382, 542661, 543220, 543605, 544351, 544630, 545189, 545574, 546320, 546599, 547158, 547543, 548289, 548568, 549563, 549948, 550694, 550973, 551532, 551917, 552663, 552942, 553501, 553886, 554632, 554911, 555470, 555855, 556601, 556880, 557439, 557824, 558570, 558849, 559408, 559793, 560539, 560818, 561377, 561762, 562508, 562787, 563346, 563731, 564477, 564756, 565315, 565700, 566446, 566725, 567284, 567669, 568415, 568694, 569253, 569638, 570384, 570663, 571222, 571607, 572353, 572632, 573191, 573576, 574322, 574601, 575160, 575545, 576291, 576570, 577129, 577514, 578260, 578539, 579098, 579483, 580229, 580576, 581135, 581520, 582266, 582545, 583104, 583489, 584235, 584514, 585073, 585458, 586204, 586483, 587058, 587443, 588189, 588468, 589027, 589412, 590158, 590437, 591021, 591406, 592152, 592431, 592990, 593375, 594121, 594400, 594959, 595344, 596090, 596369, 596928, 597313, 598059, 598338, 598897, 599282, 600028, 600307, 600866, 601251, 601997, 602276, 602835, 603220, 603966, 604245, 604804, 605189, 605935, 606214, 606773, 607158, 607904, 608183, 608742, 609127, 609873, 610152, 610711, 611096, 611842, 612121, 612680, 613065, 613811, 614090, 614649, 615034, 615780, 616059, 616618, 617003, 617749, 618028, 618587, 618972, 619718, 619997, 620556, 620941, 621687, 621966, 622525, 622910, 623656, 623935, 624494, 624879, 625625, 625904, 626463, 626848, 627594, 627873, 628432, 628817, 629563, 629842, 630401, 630786, 631532, 631811, 632370, 632755, 633501, 633780, 634339, 634724, 635470, 635749, 636308, 636693, 637439, 637718, 638277, 638662, 639408, 639687, 640246, 640631, 641377, 641656, 642215, 642600, 643346, 643625, 644184, 644569, 645315, 645594, 646153, 646538, 647284, 647563, 648122, 648507, 649253, 649532, 650091, 650476, 651222, 651501, 652060, 652445, 653191, 653470, 654029, 654414, 655160, 655439, 655998, 656383, 657129, 657408, 657967, 658352, 659098, 659377, 659936, 660321, 661067, 661346, 661905, 662290, 663036, 663315, 663874, 664259, 665005, 665284, 665843, 666228, 666974, 667253, 667812, 668197, 668943, 669222, 669781, 670166, 670912, 671191, 671750, 672135, 672881, 673160, 673719, 674104, 674850, 675129, 675688, 676073, 676819, 677098, 677657, 678042, 678788, 679067, 679626, 680011, 680757, 681036, 681595, 681980, 682726, 683005, 683564, 683949, 684695, 684974, 685533, 685918, 686664, 686943, 687502, 687887, 688633, 688912, 689471, 689856, 690602, 690881, 691440, 691825, 692571, 692850, 693409, 693794, 694540, 694819, 695378, 695763, 696509, 696788, 697347, 697732, 698494, 698773, 699332, 699717, 700463, 700742, 701301, 701686, 702432, 702711, 703270, 703655, 704401, 704680, 705239, 705624, 706370, 706649, 707208, 707593, 708339, 708618, 709177, 709562, 710308, 710587, 711590, 711975, 712721, 713000, 713559, 713944, 714690, 714969, 715528, 715913, 716659, 716938, 717497, 717882, 718628, 718907, 719466, 719851, 720597, 720876, 721435, 721820, 722566, 722845, 723404, 723789, 724535, 724814, 725373, 725758, 726504, 726783, 727342, 727727, 728473, 728752, 729311, 729696, 730442, 730721, 731280, 731665, 732411, 732690, 733249, 733634, 734380, 734659, 735218, 735603, 736349, 736628, 737187, 737572, 738318, 738597, 739156, 739541, 740287, 740566, 741125, 741510, 742256, 742535, 743094, 743479, 744225, 744504, 745063, 745448, 746194, 746473, 747032, 747417, 748163, 748442, 749001, 749386, 750132, 750411, 750970, 751355, 752101, 752380, 752939, 753324, 754070, 754349, 754908, 755293, 756039, 756318, 756877, 757262, 758008, 758287, 758846, 759231, 760071, 760456, 761296, 761681, 762521, 762906, 763746, 764131, 764971, 765356, 766196, 766581, 767421, 767806, 768646, 769031, 769871, 770256, 771096, 771481, 772321, 772706, 773546, 773931, 774771, 775156, 775996, 776381, 777221, 777606, 778446, 778831, 779671, 780056, 780896, 781281, 782121, 782506, 783346, 783731, 784571, 784956, 785796, 786181, 787021, 787406, 788246, 788631, 789471, 789856, 790696, 791081, 791921, 792306, 793146, 793531, 794371, 794756, 795596, 795981, 796821, 797206, 798046, 798431, 799271, 799656, 800496, 800881, 801721, 802106, 802946, 803331, 804171, 804556, 805396, 805781, 806621, 807006, 807846, 808231, 809087, 809472, 810312, 810697, 811537, 811922, 812762, 813147, 813987, 814372, 815212, 815597, 816437, 816822, 817662, 818047, 818887, 819272, 820112, 820497, 821337, 821722, 822562, 822947, 823787, 824172, 825012, 825397, 826237, 826622, 827462, 827847, 828687, 829072, 829912, 830297, 831137, 831522, 832362, 832747, 833587, 833972, 834812, 835197, 836037, 836422, 837262, 837647, 838487, 838872, 839712, 840097, 840937, 841322, 842162, 842547, 843387, 843772, 844612, 844997, 845837, 846222, 847062, 847447, 848287, 848672, 849512, 849897, 850737, 851122, 851962, 852347, 853187, 853572, 854412, 854797, 855637, 856022, 856862, 857247, 858087, 858472, 859312, 859697, 860997, 861382, 862222, 862607, 863447, 863832, 864672, 865057, 865897, 866282, 867122, 867507, 868347, 868732, 869572, 869957, 870797, 871182, 872022, 872407, 873247, 873632, 874472, 874857, 875697, 876082, 876922, 877307, 878147, 878532, 879372, 879757, 880597, 880982, 881822, 882207, 883047, 883432, 884272, 884657, 885497, 885882, 886722, 887107, 887947, 888332, 889172, 889557, 894817, 895093, 895643, 895999, 896666, 897173, 897728, 898747, 899382, 901484, 901720, 902192, 902508, 903097, 903487, 903883, 905190, 905414, 905862, 906162, 906721, 907103, 908716, 908940, 909388, 909688, 910247, 910629, 912242, 912466, 912914, 913214, 913773, 914155, 915768, 915992, 916440, 916740, 917299, 917681, 918881, 919288, 920176, 920583, 921471, 921878, 922766, 923173, 924061, 924468, 925356, 925763, 926651, 927058, 927946, 928353, 929241, 929648, 930536, 930943, 931831, 932238, 933126, 933533, 934421, 934828, 935716, 936123, 937011, 937418, 938306, 938713, 939601, 940008, 940896, 941303, 942191, 942598, 943486, 943893, 944781, 945188, 946076, 946483, 947371, 947778, 948666, 949073, 949961, 950368, 951256, 951663, 952551, 952958, 953846, 954253, 955141, 955548, 956436, 956843, 957731, 958138, 959026, 959433, 960321, 960728, 961616, 962023, 962911, 963318, 964206, 964613, 965501, 965908, 966796, 967203, 968091, 968498, 969386, 969793, 970681, 971088, 971976, 972383, 973271, 973678, 974566, 974973, 975861, 976268, 977156, 977563, 978451, 978858, 979746, 980153, 981041, 981448, 982336, 982743, 983631, 984038, 984926, 985333, 986221, 986628, 987516, 987923, 988811, 989218, 990106, 990513, 991401, 991808, 992696, 993103, 993991, 994398, 995286, 995693, 996573, 996969, 997833, 998229, 999093, 999489, 1000353, 1000749, 1001613, 1002009, 1002873, 1003269, 1004133, 1004529, 1005393, 1005789, 1006653, 1007049, 1007913, 1008309, 1009173, 1009569, 1010433, 1010829, 1011693, 1012089, 1012953, 1013349, 1014213, 1014609, 1015473, 1015869, 1016733, 1017129, 1017993, 1018389, 1019253, 1019649, 1020513, 1020909, 1021773, 1022169, 1023033, 1023429, 1024293, 1024689, 1025553, 1025949, 1027308, 1027527, 1027966, 1028249, 1029565, 1029784, 1030223, 1030506, 1031822, 1032041, 1032480, 1032763, 1033584, 1033980, 1034844, 1035240, 1036104, 1036500, 1037364, 1037760, 1038522, 1038801, 1039266, 1039545, 1040010, 1040289, 1040856, 1041252, 1042116, 1042512, 1043376, 1043772, 1044636, 1045032, 1045794, 1046073, 1046538, 1046817, 1047282, 1047561, 1048128, 1048524, 1049388, 1049784, 1050648, 1051044, 1051908, 1052304, 1053066, 1053345, 1053810, 1054089, 1054554, 1054833, 1055400, 1055796, 1056660, 1057056, 1057920, 1058316, 1059180, 1059576, 1060338, 1060617, 1061082, 1061361, 1061826, 1062105, 1062672, 1063068, 1063932, 1064328, 1065192, 1065588, 1066452, 1066848, 1067610, 1067889, 1068354, 1068633, 1069098, 1069377, 1069944, 1070340, 1071204, 1071600, 1072464, 1072860, 1073724, 1074120, 1074882, 1075161, 1075626, 1075905, 1076370, 1076649, 1077216, 1077612, 1078476, 1078872, 1079736, 1080132, 1080996, 1081392, 1082154, 1082433, 1082898, 1083177, 1083642, 1083921, 1084488, 1084884, 1085748, 1086144, 1087008, 1087404, 1088268, 1088664, 1089426, 1089705, 1090170, 1090449, 1090914, 1091193, 1091760, 1092156, 1093020, 1093416, 1094280, 1094676, 1095540, 1095936, 1096698, 1096977, 1097442, 1097721, 1098186, 1098465, 1099032, 1099428, 1100292, 1100688, 1101552, 1101948, 1102812, 1103208, 1103970, 1104249, 1104714, 1104993, 1105458, 1105737, 1106304, 1106700, 1107564, 1107960, 1108824, 1109220, 1110084, 1110480, 1111242, 1111521, 1111986, 1112265, 1112730, 1113009, 1113576, 1113972, 1114836, 1115232, 1116096, 1116492, 1117356, 1117752, 1118514, 1118793, 1119258, 1119537, 1120002, 1120281, 1120848, 1121244, 1122108, 1122504, 1123368, 1123764, 1124628, 1125024, 1125786, 1126065, 1126530, 1126809, 1127274, 1127553, 1128120, 1128516, 1129380, 1129776, 1130640, 1131036, 1131900, 1132296, 1133058, 1133337, 1133802, 1134081, 1134546, 1134825, 1135392, 1135788, 1136652, 1137048, 1137912, 1138308, 1139172, 1139568, 1140330, 1140609, 1141074, 1141353, 1141818, 1142097, 1142664, 1143060, 1143924, 1144320, 1145184, 1145580, 1146444, 1146840, 1147602, 1147881, 1148346, 1148625, 1149090, 1149369, 1149936, 1150332, 1151196, 1151592, 1152456, 1152852, 1153716, 1154112, 1154874, 1155153, 1155618, 1155897, 1156362, 1156641, 1157208, 1157604, 1158468, 1158864, 1159728, 1160124, 1160988, 1161384, 1162146, 1162425, 1162890, 1163169, 1163634, 1163913, 1164480, 1164876, 1165740, 1166136, 1167000, 1167396, 1168260, 1168656, 1169418, 1169697, 1170162, 1170441, 1170906, 1171185, 1171752, 1172148, 1173012, 1173408, 1174272, 1174668, 1175532, 1175928, 1176690, 1176969, 1177434, 1177713, 1178178, 1178457, 1184340, 1184609, 1185145, 1185492, 1186142, 1186636, 1187177, 1188170, 1188789, 1190904, 1191134, 1191594, 1191902, 1192476, 1192856, 1193242, 1194539, 1194763, 1195211, 1195511, 1196070, 1196452, 1198264, 1198671, 1199991, 1200221, 1200681, 1200989, 1201563, 1201955, 1204217, 1204447, 1204907, 1205215, 1205789, 1206181, 1208011, 1208418, 1209306, 1209713, 1210601, 1211008, 1211904, 1212322, 1213226, 1213633, 1214521, 1214928, 1215816, 1216223, 1217111, 1217518, 1218406, 1218813, 1219701, 1220108, 1220996, 1221403, 1222291, 1222698, 1223586, 1223993, 1224889, 1225307, 1226211, 1226618, 1227506, 1227913, 1228801, 1229208, 1230104, 1230522, 1231434, 1231852, 1232756, 1233163, 1238341, 1238610, 1239146, 1239493, 1240143, 1240637, 1241178, 1242171, 1242790, 1244905, 1245135, 1245595, 1245903, 1246477, 1246857, 1247243, 1248540, 1248764, 1249212, 1249512, 1250071, 1250453, 1252265, 1252672, 1253560, 1253967, 1254855, 1255262, 1256150, 1256557, 1257445, 1257852, 1262760, 1263029, 1263565, 1263912, 1264562, 1265056, 1265597, 1266590, 1267209, 1269274, 1269504, 1269964, 1270272, 1270846, 1271226, 1271612, 1272890, 1273108, 1273544, 1273836, 1274380, 1274752, 1276538, 1276934, 1278200, 1278418, 1278854, 1279146, 1279690, 1280062, 1281848, 1282244, 1283108, 1283504, 1284368, 1284764, 1285628, 1286024, 1286888, 1287284, 1292340, 1292609, 1293145, 1293492, 1294142, 1294636, 1295177, 1296170, 1296789, 1298904, 1299134, 1299594, 1299902, 1300476, 1300856, 1301242, 1302539, 1302763, 1303211, 1303511, 1304070, 1304452, 1310332, 1310601, 1311137, 1311484, 1312134, 1312628, 1313169, 1314162, 1314781, 1316846, 1317076, 1317536, 1317844, 1318418, 1318798, 1319184, 1320500, 1320730, 1321190, 1321498, 1322072, 1322464, 1324294, 1324701, 1325589, 1325996, 1326892, 1327310, 1332330, 1332599, 1333135, 1333482, 1334132, 1334626, 1335167, 1336160, 1336779, 1338844, 1339074, 1339534, 1339842, 1340416, 1340796, 1341182, 1342479, 1342703, 1343151, 1343451, 1344010, 1344392, 1345592, 1345999, 1346887, 1347294, 1351934, 1352203, 1352739, 1353086, 1353736, 1354230, 1354771, 1355764, 1356383, 1358448, 1358678, 1359138, 1359446, 1360020, 1360400, 1360786, 1362064, 1362282, 1362718, 1363010, 1363554, 1363926, 1365712, 1366108, 1366972, 1367368, 1368232, 1368628, 1369894, 1370112, 1370548, 1370840, 1371384, 1371756, 1373542, 1373938, 1374802, 1375198, 1376062, 1376458, 1377322, 1377718, 1378582, 1378978, 1379842, 1380238, 1381102, 1381498, 1382362, 1382758, 1383622, 1384018, 1384882, 1385278, 1386142, 1386538, 1387402, 1387798, 1388662, 1389058, 1389922, 1390318, 1391182, 1391578, 1392442, 1392838, 1397624, 1397893, 1398429, 1398776, 1399426, 1399920, 1400461, 1401454, 1402073, 1404138, 1404368, 1404828, 1405136, 1405710, 1406090, 1406476, 1407773, 1407997, 1408445, 1408745, 1409304, 1409686, 1410886, 1411293, 1412241, 1412648, 1417442, 1417711, 1418247, 1418594, 1419244, 1419738, 1420279, 1421272, 1421891, 1423956, 1424186, 1424646, 1424954, 1425528, 1425908, 1426294, 1427534, 1427740, 1428152, 1428428, 1428942, 1429294, 1430416, 1430790, 1431598, 1431961, 1432761, 1433135, 1433943, 1434306]"
"('StoreFile.java', 'org.apache.hadoop.hbase.regionserver.StoreFile', 'isReference', '^([0-9a-f]+(?:_SeqId_[0-9]+_)?|(?:[a-zA-Z_0-9][a-zA-Z_0-9.-]*)=(?:[a-f0-9]+)-[0-9a-f]+(?:_SeqId_[0-9]+_)?)\\.(.+)$', '0a351bf9e72044fcbe50dd3dd3e84ba3')","[286883, 286939]"
"('Description.java', 'org.junit.runner.Description', 'methodAndClassNamePatternGroupOrDefault', '([\\s\\S]*)\\((.*)\\)', 'testUnequalOverlappingKeyExpression(com.salesforce.phoenix.compile.WhereClauseOptimizerTest)')","[20968, 59138]"
"('HTableDescriptor.java', 'org.apache.hadoop.hbase.HTableDescriptor', 'hasCoprocessor', '^coprocessor\\$([0-9]+)$', 'coprocessor$3')","[81967, 82321, 82990, 83497, 84050, 85071, 85704, 88551, 88865, 89456, 89846, 90240, 92167, 92449, 92980, 93338, 95714, 96099, 96414, 96939, 97324, 97639, 98164, 98549, 98864, 99389, 99774, 100089, 100614, 100999, 101314, 101839, 102224, 102539, 103064, 103449, 103764, 109095, 109449, 110118, 110625, 111178, 112199, 112832, 115644, 115958, 116549, 116939, 117333, 119283, 119573, 120119, 120487, 123484, 123774, 124600, 124996, 125320, 125772, 126060, 126284, 126628, 127024, 127348, 127800, 128088, 128312, 128656, 129052, 129376, 129828, 130116, 130340, 130709, 131105, 131429, 131881, 132169, 132393, 132737, 133133, 133457, 133909, 134197, 134421, 134765, 135161, 135485, 135937, 136225, 136449, 136793, 137189, 137513, 137965, 138253, 138477, 138821, 139217, 139541, 139993, 140281, 140505, 140849, 141245, 141569, 142021, 142309, 142533, 142877, 143273, 143597, 144049, 144337, 144561, 144905, 145301, 145625, 146077, 146365, 146589, 146933, 147329, 147653, 148105, 148393, 148617, 148961, 149357, 149681, 150133, 150421, 150645, 150989, 151385, 151709, 152161, 152449, 152673, 153017, 153413, 153737, 154189, 154477, 154701, 155039, 155424, 155739, 156178, 156457, 156674, 157008, 157393, 157708, 158147, 158426, 158643, 158977, 159362, 159677, 160116, 160395, 160612, 160946, 161331, 161646, 162085, 162364, 162581, 162915, 163300, 163615, 164054, 164333, 164550, 164884, 165269, 165584, 166023, 166302, 166519, 166878, 167263, 167578, 168017, 168296, 168513, 168847, 169232, 169547, 169986, 170265, 170482, 170816, 171201, 171516, 171955, 172234, 172451, 172785, 173170, 173485, 173924, 174203, 174420, 174754, 175139, 175454, 175893, 176172, 176389, 176723, 177108, 177423, 177862, 178141, 178358, 178692, 179077, 179392, 179831, 180110, 180327, 180661, 181046, 181361, 181800, 182079, 182296, 182630, 183015, 183330, 183769, 184048, 184265, 184599, 184984, 185299, 185738, 186017, 186234, 186568, 186953, 187268, 187707, 187986, 188203, 188537, 188922, 189237, 189676, 189955, 190172, 190506, 190891, 191206, 191645, 191924, 192141, 192475, 192860, 193175, 193630, 193909, 194126, 194460, 194845, 195160, 195599, 195878, 196095, 196429, 196814, 197129, 197568, 197847, 198064, 198398, 198783, 199098, 199537, 199816, 200033, 200367, 200752, 201067, 201506, 201785, 202002, 202336, 202721, 203036, 203475, 203754, 203971, 204305, 204690, 205005, 205444, 205723, 205940, 206274, 206659, 206974, 207413, 207692, 207909, 208243, 208628, 208943, 209382, 209661, 209878, 210212, 210597, 210912, 211351, 211630, 211847, 212181, 212566, 212881, 213320, 213599, 213816, 214150, 214535, 214850, 215289, 215568, 215785, 216119, 216504, 216819, 217258, 217537, 217754, 218088, 218473, 218788, 219227, 219506, 219723, 220057, 220442, 220757, 221196, 221475, 221692, 222026, 222411, 222726, 223165, 223444, 223661, 223995, 224380, 224695, 225134, 225413, 225630, 225964, 226349, 226664, 227103, 227382, 227599, 227933, 228318, 228633, 229072, 229351, 229568, 229902, 230287, 230602, 231041, 231320, 231537, 231871, 232256, 232571, 233010, 233289, 233506, 233840, 234225, 234540, 234979, 235258, 235475, 235809, 236194, 236509, 236948, 237227, 237444, 237778, 238163, 238478, 238917, 239196, 239413, 239747, 240132, 240447, 240886, 241165, 241382, 241716, 242101, 242416, 242855, 243134, 243351, 243685, 244070, 244385, 244824, 245103, 245320, 245654, 246039, 246354, 246793, 247072, 247289, 247623, 248008, 248323, 248762, 249041, 249258, 249592, 249977, 250292, 250731, 251010, 251227, 251561, 251946, 252261, 252700, 252979, 253196, 253530, 253915, 254230, 254669, 254948, 255165, 255499, 255884, 256199, 256638, 256917, 257134, 257468, 257853, 258168, 258607, 258886, 259103, 259437, 259822, 260137, 260576, 260855, 261072, 261406, 261791, 262106, 262545, 262824, 263041, 263375, 263760, 264075, 264514, 264793, 265010, 265344, 265729, 266044, 266483, 266762, 266979, 267313, 267698, 268013, 268452, 268731, 268948, 269282, 269667, 269982, 270421, 270700, 270917, 271251, 271636, 271951, 272390, 272669, 272886, 273220, 273605, 273920, 274359, 274638, 274855, 275189, 275574, 275889, 276328, 276607, 276824, 277158, 277543, 277858, 278297, 278576, 278793, 279127, 279512, 279827, 280266, 280545, 280762, 281096, 281481, 281796, 282235, 282514, 282731, 283065, 283450, 283765, 284204, 284483, 284700, 285034, 285419, 285734, 286173, 286452, 286669, 287875, 288260, 288575, 289014, 289293, 289510, 289844, 290229, 290544, 290983, 291262, 291479, 291813, 292198, 292513, 292952, 293231, 293448, 293782, 294167, 294482, 294921, 295200, 295417, 295751, 296136, 296451, 296890, 297169, 297386, 297720, 298105, 298420, 298859, 299138, 299355, 299689, 300074, 300389, 300828, 301107, 301324, 301658, 302043, 302358, 302797, 303076, 303293, 303627, 304012, 304327, 304766, 305045, 305262, 305596, 305981, 306296, 306735, 307014, 307231, 307565, 307950, 308265, 308704, 308983, 309200, 309534, 309919, 310234, 310673, 310952, 311169, 311503, 311888, 312203, 312642, 312921, 313138, 313472, 313857, 314172, 314611, 314890, 315107, 315441, 315826, 316141, 316580, 316859, 317076, 317410, 317795, 318110, 318549, 318828, 319045, 319379, 319764, 320079, 320518, 320797, 321014, 321348, 321733, 322048, 322487, 322766, 322983, 323317, 323702, 324017, 324456, 324735, 324952, 325286, 325671, 325986, 326425, 326704, 326921, 327255, 327640, 327955, 328394, 328673, 328890, 329224, 329609, 329924, 330363, 330642, 330859, 331193, 331578, 331893, 332400, 332679, 332896, 333230, 333615, 333930, 334369, 334648, 334865, 335199, 335584, 335899, 336338, 336617, 336834, 337531, 337916, 338231, 338670, 338949, 339166, 339500, 339885, 340200, 340639, 340918, 341135, 341469, 341854, 342169, 342608, 342887, 343104, 343438, 343823, 344138, 344577, 344856, 345073, 345407, 345792, 346107, 346546, 346825, 347042, 347376, 347761, 348076, 348515, 348794, 349011, 349345, 349730, 350045, 350484, 350763, 350980, 351314, 351699, 352014, 352453, 352732, 352949, 353283, 353668, 353983, 354422, 354701, 354918, 355252, 355637, 355952, 356391, 356670, 356887, 357221, 357606, 357921, 358360, 358639, 358856, 359190, 359575, 359890, 360329, 360608, 360825, 361159, 361544, 361859, 362298, 362577, 362794, 363128, 363513, 363828, 364267, 364546, 364763, 365097, 365482, 365797, 366236, 366515, 366732, 367066, 367451, 367766, 368205, 368484, 368701, 369035, 369420, 369735, 370174, 370453, 370670, 371004, 371389, 371704, 372143, 372422, 372639, 372973, 373358, 373673, 374112, 374391, 374608, 374942, 375327, 375642, 376081, 376360, 376577, 376911, 377296, 377611, 378050, 378329, 378546, 378905, 379290, 379605, 380044, 380323, 380540, 380874, 381259, 381574, 382013, 382292, 382509, 382843, 383228, 383543, 383982, 384261, 384478, 384812, 385197, 385512, 385951, 386230, 386447, 386781, 387166, 387481, 387920, 388199, 388416, 388750, 389135, 389450, 389889, 390168, 390385, 390719, 391104, 391419, 391858, 392137, 392354, 392688, 393073, 393388, 393827, 394106, 394323, 394657, 395042, 395357, 395796, 396075, 396292, 396626, 397011, 397326, 397765, 398044, 398261, 398595, 398980, 399295, 399734, 400013, 400230, 400564, 400949, 401264, 401703, 401982, 402199, 402533, 402918, 403233, 403672, 403951, 404168, 404502, 404887, 405202, 405641, 405920, 406137, 406471, 406856, 407171, 407610, 407889, 408106, 408440, 408825, 409140, 409579, 409858, 410075, 410409, 410794, 411109, 411548, 411827, 412044, 412378, 412763, 413078, 413517, 413796, 414013, 414347, 414732, 415047, 415486, 415765, 415982, 416316, 416701, 417016, 417455, 417734, 417951, 418285, 418670, 418985, 419424, 419703, 419920, 420254, 420639, 420954, 421393, 421672, 421889, 422223, 422608, 422923, 423362, 423641, 423858, 424192, 424577, 424892, 425331, 425610, 425827, 426161, 426546, 426861, 427300, 427579, 427796, 428130, 428515, 428830, 429269, 429548, 429765, 430099, 430484, 430799, 431238, 431517, 431734, 432068, 432453, 432768, 433207, 433486, 433703, 434037, 434422, 434737, 435176, 435455, 435672, 436006, 436391, 436706, 437145, 437424, 437641, 437975, 438360, 438675, 439114, 439393, 439610, 439944, 440329, 440644, 441083, 441362, 441579, 441913, 442298, 442613, 443052, 443331, 443548, 443882, 444267, 444582, 445021, 445300, 445517, 445851, 446236, 446551, 446990, 447269, 447486, 447820, 448205, 448520, 448959, 449238, 449455, 449789, 450174, 450489, 450928, 451207, 451424, 451758, 452143, 452458, 452897, 453176, 453393, 453727, 454112, 454427, 454866, 455145, 455362, 455696, 456081, 456396, 456835, 457114, 457331, 457665, 458050, 458365, 458804, 459083, 459300, 459634, 460019, 460334, 460773, 461052, 461269, 461603, 461988, 462303, 462742, 463021, 463238, 463572, 463957, 464272, 464711, 464990, 465207, 465541, 465926, 466241, 466680, 466959, 467176, 467510, 467895, 468210, 468649, 468928, 469145, 469479, 469864, 470179, 470618, 470897, 471114, 471448, 471833, 472148, 472587, 472866, 473083, 473417, 473802, 474117, 474572, 474851, 475068, 475402, 475787, 476102, 476541, 476820, 477037, 477396, 477781, 478096, 478535, 478814, 479031, 479365, 479750, 480065, 480504, 480783, 481000, 481334, 481719, 482034, 482473, 482752, 482969, 483303, 483688, 484003, 484442, 484721, 484938, 485272, 485657, 485972, 486411, 486690, 486907, 487241, 487626, 487941, 488380, 488659, 488876, 489210, 489595, 489910, 490349, 490628, 490845, 491179, 491564, 491879, 492318, 492597, 492814, 493148, 493533, 493848, 494287, 494566, 494783, 495117, 495502, 495817, 496256, 496535, 496752, 497086, 497471, 497786, 498225, 498504, 498721, 499832, 500217, 500532, 500971, 501250, 501467, 501801, 502186, 502501, 502940, 503219, 503436, 503770, 504155, 504470, 504909, 505188, 505405, 505739, 506124, 506439, 506878, 507157, 507374, 507708, 508093, 508408, 508847, 509126, 509343, 509677, 510062, 510377, 510816, 511095, 511312, 511646, 512031, 512346, 512785, 513064, 513281, 513615, 514000, 514315, 514754, 515033, 515250, 515584, 515969, 516284, 516723, 517002, 517219, 517553, 517938, 518253, 518692, 518971, 519188, 519522, 519907, 520222, 520661, 520940, 521157, 521491, 521876, 522191, 522630, 522909, 523126, 523460, 523845, 524160, 524599, 524878, 525095, 525429, 525814, 526129, 526568, 526847, 527064, 527398, 527783, 528098, 528537, 528816, 529033, 529367, 529752, 530067, 530506, 530785, 531002, 531336, 531721, 532036, 532475, 532754, 532971, 533305, 533690, 534005, 534444, 534723, 534940, 535274, 535659, 535974, 536413, 536692, 536909, 537243, 537628, 537943, 538382, 538661, 538878, 539212, 539597, 539912, 540351, 540630, 540847, 541181, 541566, 541881, 542320, 542599, 542816, 543150, 543535, 543850, 544289, 544568, 544785, 545119, 545504, 545819, 546258, 546537, 546754, 547088, 547473, 547788, 548227, 548506, 548723, 549493, 549878, 550193, 550632, 550911, 551128, 551462, 551847, 552162, 552601, 552880, 553097, 553431, 553816, 554131, 554570, 554849, 555066, 555400, 555785, 556100, 556539, 556818, 557035, 557369, 557754, 558069, 558508, 558787, 559004, 559338, 559723, 560038, 560477, 560756, 560973, 561307, 561692, 562007, 562446, 562725, 562942, 563276, 563661, 563976, 564415, 564694, 564911, 565245, 565630, 565945, 566384, 566663, 566880, 567214, 567599, 567914, 568353, 568632, 568849, 569183, 569568, 569883, 570322, 570601, 570818, 571152, 571537, 571852, 572291, 572570, 572787, 573121, 573506, 573821, 574260, 574539, 574756, 575090, 575475, 575790, 576229, 576508, 576725, 577059, 577444, 577759, 578198, 578477, 578694, 579028, 579413, 579728, 580167, 580514, 580731, 581065, 581450, 581765, 582204, 582483, 582700, 583034, 583419, 583734, 584173, 584452, 584669, 585003, 585388, 585703, 586142, 586421, 586638, 586988, 587373, 587688, 588127, 588406, 588623, 588957, 589342, 589657, 590096, 590375, 590592, 590951, 591336, 591651, 592090, 592369, 592586, 592920, 593305, 593620, 594059, 594338, 594555, 594889, 595274, 595589, 596028, 596307, 596524, 596858, 597243, 597558, 597997, 598276, 598493, 598827, 599212, 599527, 599966, 600245, 600462, 600796, 601181, 601496, 601935, 602214, 602431, 602765, 603150, 603465, 603904, 604183, 604400, 604734, 605119, 605434, 605873, 606152, 606369, 606703, 607088, 607403, 607842, 608121, 608338, 608672, 609057, 609372, 609811, 610090, 610307, 610641, 611026, 611341, 611780, 612059, 612276, 612610, 612995, 613310, 613749, 614028, 614245, 614579, 614964, 615279, 615718, 615997, 616214, 616548, 616933, 617248, 617687, 617966, 618183, 618517, 618902, 619217, 619656, 619935, 620152, 620486, 620871, 621186, 621625, 621904, 622121, 622455, 622840, 623155, 623594, 623873, 624090, 624424, 624809, 625124, 625563, 625842, 626059, 626393, 626778, 627093, 627532, 627811, 628028, 628362, 628747, 629062, 629501, 629780, 629997, 630331, 630716, 631031, 631470, 631749, 631966, 632300, 632685, 633000, 633439, 633718, 633935, 634269, 634654, 634969, 635408, 635687, 635904, 636238, 636623, 636938, 637377, 637656, 637873, 638207, 638592, 638907, 639346, 639625, 639842, 640176, 640561, 640876, 641315, 641594, 641811, 642145, 642530, 642845, 643284, 643563, 643780, 644114, 644499, 644814, 645253, 645532, 645749, 646083, 646468, 646783, 647222, 647501, 647718, 648052, 648437, 648752, 649191, 649470, 649687, 650021, 650406, 650721, 651160, 651439, 651656, 651990, 652375, 652690, 653129, 653408, 653625, 653959, 654344, 654659, 655098, 655377, 655594, 655928, 656313, 656628, 657067, 657346, 657563, 657897, 658282, 658597, 659036, 659315, 659532, 659866, 660251, 660566, 661005, 661284, 661501, 661835, 662220, 662535, 662974, 663253, 663470, 663804, 664189, 664504, 664943, 665222, 665439, 665773, 666158, 666473, 666912, 667191, 667408, 667742, 668127, 668442, 668881, 669160, 669377, 669711, 670096, 670411, 670850, 671129, 671346, 671680, 672065, 672380, 672819, 673098, 673315, 673649, 674034, 674349, 674788, 675067, 675284, 675618, 676003, 676318, 676757, 677036, 677253, 677587, 677972, 678287, 678726, 679005, 679222, 679556, 679941, 680256, 680695, 680974, 681191, 681525, 681910, 682225, 682664, 682943, 683160, 683494, 683879, 684194, 684633, 684912, 685129, 685463, 685848, 686163, 686602, 686881, 687098, 687432, 687817, 688132, 688571, 688850, 689067, 689401, 689786, 690101, 690540, 690819, 691036, 691370, 691755, 692070, 692509, 692788, 693005, 693339, 693724, 694039, 694478, 694757, 694974, 695308, 695693, 696008, 696447, 696726, 696943, 697277, 697662, 697977, 698432, 698711, 698928, 699262, 699647, 699962, 700401, 700680, 700897, 701231, 701616, 701931, 702370, 702649, 702866, 703200, 703585, 703900, 704339, 704618, 704835, 705169, 705554, 705869, 706308, 706587, 706804, 707138, 707523, 707838, 708277, 708556, 708773, 709107, 709492, 709807, 710246, 710525, 710742, 711520, 711905, 712220, 712659, 712938, 713155, 713489, 713874, 714189, 714628, 714907, 715124, 715458, 715843, 716158, 716597, 716876, 717093, 717427, 717812, 718127, 718566, 718845, 719062, 719396, 719781, 720096, 720535, 720814, 721031, 721365, 721750, 722065, 722504, 722783, 723000, 723334, 723719, 724034, 724473, 724752, 724969, 725303, 725688, 726003, 726442, 726721, 726938, 727272, 727657, 727972, 728411, 728690, 728907, 729241, 729626, 729941, 730380, 730659, 730876, 731210, 731595, 731910, 732349, 732628, 732845, 733179, 733564, 733879, 734318, 734597, 734814, 735148, 735533, 735848, 736287, 736566, 736783, 737117, 737502, 737817, 738256, 738535, 738752, 739086, 739471, 739786, 740225, 740504, 740721, 741055, 741440, 741755, 742194, 742473, 742690, 743024, 743409, 743724, 744163, 744442, 744659, 744993, 745378, 745693, 746132, 746411, 746628, 746962, 747347, 747662, 748101, 748380, 748597, 748931, 749316, 749631, 750070, 750349, 750566, 750900, 751285, 751600, 752039, 752318, 752535, 752869, 753254, 753569, 754008, 754287, 754504, 754838, 755223, 755538, 755977, 756256, 756473, 756807, 757192, 757507, 757946, 758225, 758442, 758776, 759161, 759476, 760001, 760386, 760701, 761226, 761611, 761926, 762451, 762836, 763151, 763676, 764061, 764376, 764901, 765286, 765601, 766126, 766511, 766826, 767351, 767736, 768051, 768576, 768961, 769276, 769801, 770186, 770501, 771026, 771411, 771726, 772251, 772636, 772951, 773476, 773861, 774176, 774701, 775086, 775401, 775926, 776311, 776626, 777151, 777536, 777851, 778376, 778761, 779076, 779601, 779986, 780301, 780826, 781211, 781526, 782051, 782436, 782751, 783276, 783661, 783976, 784501, 784886, 785201, 785726, 786111, 786426, 786951, 787336, 787651, 788176, 788561, 788876, 789401, 789786, 790101, 790626, 791011, 791326, 791851, 792236, 792551, 793076, 793461, 793776, 794301, 794686, 795001, 795526, 795911, 796226, 796751, 797136, 797451, 797976, 798361, 798676, 799201, 799586, 799901, 800426, 800811, 801126, 801651, 802036, 802351, 802876, 803261, 803576, 804101, 804486, 804801, 805326, 805711, 806026, 806551, 806936, 807251, 807776, 808161, 808476, 809017, 809402, 809717, 810242, 810627, 810942, 811467, 811852, 812167, 812692, 813077, 813392, 813917, 814302, 814617, 815142, 815527, 815842, 816367, 816752, 817067, 817592, 817977, 818292, 818817, 819202, 819517, 820042, 820427, 820742, 821267, 821652, 821967, 822492, 822877, 823192, 823717, 824102, 824417, 824942, 825327, 825642, 826167, 826552, 826867, 827392, 827777, 828092, 828617, 829002, 829317, 829842, 830227, 830542, 831067, 831452, 831767, 832292, 832677, 832992, 833517, 833902, 834217, 834742, 835127, 835442, 835967, 836352, 836667, 837192, 837577, 837892, 838417, 838802, 839117, 839642, 840027, 840342, 840867, 841252, 841567, 842092, 842477, 842792, 843317, 843702, 844017, 844542, 844927, 845242, 845767, 846152, 846467, 846992, 847377, 847692, 848217, 848602, 848917, 849442, 849827, 850142, 850667, 851052, 851367, 851892, 852277, 852592, 853117, 853502, 853817, 854342, 854727, 855042, 855567, 855952, 856267, 856792, 857177, 857492, 858017, 858402, 858717, 859242, 859627, 859942, 860927, 861312, 861627, 862152, 862537, 862852, 863377, 863762, 864077, 864602, 864987, 865302, 865827, 866212, 866527, 867052, 867437, 867752, 868277, 868662, 868977, 869502, 869887, 870202, 870727, 871112, 871427, 871952, 872337, 872652, 873177, 873562, 873877, 874402, 874787, 875102, 875627, 876012, 876327, 876852, 877237, 877552, 878077, 878462, 878777, 879302, 879687, 880002, 880527, 880912, 881227, 881752, 882137, 882452, 882977, 883362, 883677, 884202, 884587, 884902, 885427, 885812, 886127, 886652, 887037, 887352, 887877, 888262, 888577, 889102, 889487, 889802, 895565, 895919, 896588, 897095, 897648, 898669, 899302, 902114, 902428, 903019, 903409, 903803, 905788, 906086, 906647, 907025, 909314, 909612, 910173, 910551, 912840, 913138, 913699, 914077, 916366, 916664, 917225, 917603, 918807, 919214, 919547, 920102, 920509, 920842, 921397, 921804, 922137, 922692, 923099, 923432, 923987, 924394, 924727, 925282, 925689, 926022, 926577, 926984, 927317, 927872, 928279, 928612, 929167, 929574, 929907, 930462, 930869, 931202, 931757, 932164, 932497, 933052, 933459, 933792, 934347, 934754, 935087, 935642, 936049, 936382, 936937, 937344, 937677, 938232, 938639, 938972, 939527, 939934, 940267, 940822, 941229, 941562, 942117, 942524, 942857, 943412, 943819, 944152, 944707, 945114, 945447, 946002, 946409, 946742, 947297, 947704, 948037, 948592, 948999, 949332, 949887, 950294, 950627, 951182, 951589, 951922, 952477, 952884, 953217, 953772, 954179, 954512, 955067, 955474, 955807, 956362, 956769, 957102, 957657, 958064, 958397, 958952, 959359, 959692, 960247, 960654, 960987, 961542, 961949, 962282, 962837, 963244, 963577, 964132, 964539, 964872, 965427, 965834, 966167, 966722, 967129, 967462, 968017, 968424, 968757, 969312, 969719, 970052, 970607, 971014, 971347, 971902, 972309, 972642, 973197, 973604, 973937, 974492, 974899, 975232, 975787, 976194, 976527, 977082, 977489, 977822, 978377, 978784, 979117, 979672, 980079, 980412, 980967, 981374, 981707, 982262, 982669, 983002, 983557, 983964, 984297, 984852, 985259, 985592, 986147, 986554, 986887, 987442, 987849, 988182, 988737, 989144, 989477, 990032, 990439, 990772, 991327, 991734, 992067, 992622, 993029, 993362, 993917, 994324, 994657, 995212, 995619, 995952, 996501, 996897, 997221, 997761, 998157, 998481, 999021, 999417, 999741, 1000281, 1000677, 1001001, 1001541, 1001937, 1002261, 1002801, 1003197, 1003521, 1004061, 1004457, 1004781, 1005321, 1005717, 1006041, 1006581, 1006977, 1007301, 1007841, 1008237, 1008561, 1009101, 1009497, 1009821, 1010361, 1010757, 1011081, 1011621, 1012017, 1012341, 1012881, 1013277, 1013601, 1014141, 1014537, 1014861, 1015401, 1015797, 1016121, 1016661, 1017057, 1017381, 1017921, 1018317, 1018641, 1019181, 1019577, 1019901, 1020441, 1020837, 1021161, 1021701, 1022097, 1022421, 1022961, 1023357, 1023681, 1024221, 1024617, 1024941, 1025481, 1025877, 1026201, 1027904, 1028185, 1030161, 1030442, 1032418, 1032699, 1033512, 1033908, 1034232, 1034772, 1035168, 1035492, 1036032, 1036428, 1036752, 1037292, 1037688, 1038012, 1038460, 1038739, 1038956, 1039204, 1039483, 1039700, 1039948, 1040227, 1040444, 1040784, 1041180, 1041504, 1042044, 1042440, 1042764, 1043304, 1043700, 1044024, 1044564, 1044960, 1045284, 1045732, 1046011, 1046228, 1046476, 1046755, 1046972, 1047220, 1047499, 1047716, 1048056, 1048452, 1048776, 1049316, 1049712, 1050036, 1050576, 1050972, 1051296, 1051836, 1052232, 1052556, 1053004, 1053283, 1053500, 1053748, 1054027, 1054244, 1054492, 1054771, 1054988, 1055328, 1055724, 1056048, 1056588, 1056984, 1057308, 1057848, 1058244, 1058568, 1059108, 1059504, 1059828, 1060276, 1060555, 1060772, 1061020, 1061299, 1061516, 1061764, 1062043, 1062260, 1062600, 1062996, 1063320, 1063860, 1064256, 1064580, 1065120, 1065516, 1065840, 1066380, 1066776, 1067100, 1067548, 1067827, 1068044, 1068292, 1068571, 1068788, 1069036, 1069315, 1069532, 1069872, 1070268, 1070592, 1071132, 1071528, 1071852, 1072392, 1072788, 1073112, 1073652, 1074048, 1074372, 1074820, 1075099, 1075316, 1075564, 1075843, 1076060, 1076308, 1076587, 1076804, 1077144, 1077540, 1077864, 1078404, 1078800, 1079124, 1079664, 1080060, 1080384, 1080924, 1081320, 1081644, 1082092, 1082371, 1082588, 1082836, 1083115, 1083332, 1083580, 1083859, 1084076, 1084416, 1084812, 1085136, 1085676, 1086072, 1086396, 1086936, 1087332, 1087656, 1088196, 1088592, 1088916, 1089364, 1089643, 1089860, 1090108, 1090387, 1090604, 1090852, 1091131, 1091348, 1091688, 1092084, 1092408, 1092948, 1093344, 1093668, 1094208, 1094604, 1094928, 1095468, 1095864, 1096188, 1096636, 1096915, 1097132, 1097380, 1097659, 1097876, 1098124, 1098403, 1098620, 1098960, 1099356, 1099680, 1100220, 1100616, 1100940, 1101480, 1101876, 1102200, 1102740, 1103136, 1103460, 1103908, 1104187, 1104404, 1104652, 1104931, 1105148, 1105396, 1105675, 1105892, 1106232, 1106628, 1106952, 1107492, 1107888, 1108212, 1108752, 1109148, 1109472, 1110012, 1110408, 1110732, 1111180, 1111459, 1111676, 1111924, 1112203, 1112420, 1112668, 1112947, 1113164, 1113504, 1113900, 1114224, 1114764, 1115160, 1115484, 1116024, 1116420, 1116744, 1117284, 1117680, 1118004, 1118452, 1118731, 1118948, 1119196, 1119475, 1119692, 1119940, 1120219, 1120436, 1120776, 1121172, 1121496, 1122036, 1122432, 1122756, 1123296, 1123692, 1124016, 1124556, 1124952, 1125276, 1125724, 1126003, 1126220, 1126468, 1126747, 1126964, 1127212, 1127491, 1127708, 1128048, 1128444, 1128768, 1129308, 1129704, 1130028, 1130568, 1130964, 1131288, 1131828, 1132224, 1132548, 1132996, 1133275, 1133492, 1133740, 1134019, 1134236, 1134484, 1134763, 1134980, 1135320, 1135716, 1136040, 1136580, 1136976, 1137300, 1137840, 1138236, 1138560, 1139100, 1139496, 1139820, 1140268, 1140547, 1140764, 1141012, 1141291, 1141508, 1141756, 1142035, 1142252, 1142592, 1142988, 1143312, 1143852, 1144248, 1144572, 1145112, 1145508, 1145832, 1146372, 1146768, 1147092, 1147540, 1147819, 1148036, 1148284, 1148563, 1148780, 1149028, 1149307, 1149524, 1149864, 1150260, 1150584, 1151124, 1151520, 1151844, 1152384, 1152780, 1153104, 1153644, 1154040, 1154364, 1154812, 1155091, 1155308, 1155556, 1155835, 1156052, 1156300, 1156579, 1156796, 1157136, 1157532, 1157856, 1158396, 1158792, 1159116, 1159656, 1160052, 1160376, 1160916, 1161312, 1161636, 1162084, 1162363, 1162580, 1162828, 1163107, 1163324, 1163572, 1163851, 1164068, 1164408, 1164804, 1165128, 1165668, 1166064, 1166388, 1166928, 1167324, 1167648, 1168188, 1168584, 1168908, 1169356, 1169635, 1169852, 1170100, 1170379, 1170596, 1170844, 1171123, 1171340, 1171680, 1172076, 1172400, 1172940, 1173336, 1173660, 1174200, 1174596, 1174920, 1175460, 1175856, 1176180, 1176628, 1176907, 1177124, 1177372, 1177651, 1177868, 1178116, 1178395, 1178612, 1185069, 1185414, 1186066, 1186560, 1187099, 1188094, 1188711, 1191518, 1191824, 1192400, 1192780, 1193164, 1195137, 1195435, 1195996, 1196374, 1198190, 1198597, 1198930, 1200605, 1200911, 1201487, 1201875, 1204831, 1205137, 1205713, 1206101, 1207937, 1208344, 1208677, 1209232, 1209639, 1209972, 1210527, 1210934, 1211267, 1211828, 1212246, 1212588, 1213152, 1213559, 1213892, 1214447, 1214854, 1215187, 1215742, 1216149, 1216482, 1217037, 1217444, 1217777, 1218332, 1218739, 1219072, 1219627, 1220034, 1220367, 1220922, 1221329, 1221662, 1222217, 1222624, 1222957, 1223512, 1223919, 1224252, 1224813, 1225231, 1225573, 1226137, 1226544, 1226877, 1227432, 1227839, 1228172, 1228727, 1229134, 1229467, 1230028, 1230446, 1230788, 1231358, 1231776, 1232118, 1232682, 1233089, 1233422, 1239070, 1239415, 1240067, 1240561, 1241100, 1242095, 1242712, 1245519, 1245825, 1246401, 1246781, 1247165, 1249138, 1249436, 1249997, 1250375, 1252191, 1252598, 1252931, 1253486, 1253893, 1254226, 1254781, 1255188, 1255521, 1256076, 1256483, 1256816, 1257371, 1257778, 1258111, 1263489, 1263834, 1264486, 1264980, 1265519, 1266514, 1267131, 1269888, 1270194, 1270770, 1271150, 1271534, 1273472, 1273762, 1274308, 1274676, 1276466, 1276862, 1277186, 1278782, 1279072, 1279618, 1279986, 1281776, 1282172, 1282496, 1283036, 1283432, 1283756, 1284296, 1284692, 1285016, 1285556, 1285952, 1286276, 1286816, 1287212, 1287536, 1293069, 1293414, 1294066, 1294560, 1295099, 1296094, 1296711, 1299518, 1299824, 1300400, 1300780, 1301164, 1303137, 1303435, 1303996, 1304374, 1311061, 1311406, 1312058, 1312552, 1313091, 1314086, 1314703, 1317460, 1317766, 1318342, 1318722, 1319106, 1321114, 1321420, 1321996, 1322384, 1324220, 1324627, 1324960, 1325515, 1325922, 1326255, 1326816, 1327234, 1327576, 1333059, 1333404, 1334056, 1334550, 1335089, 1336084, 1336701, 1339458, 1339764, 1340340, 1340720, 1341104, 1343077, 1343375, 1343936, 1344314, 1345518, 1345925, 1346258, 1346813, 1347220, 1347553, 1352663, 1353008, 1353660, 1354154, 1354693, 1355688, 1356305, 1359062, 1359368, 1359944, 1360324, 1360708, 1362646, 1362936, 1363482, 1363850, 1365640, 1366036, 1366360, 1366900, 1367296, 1367620, 1368160, 1368556, 1368880, 1370476, 1370766, 1371312, 1371680, 1373470, 1373866, 1374190, 1374730, 1375126, 1375450, 1375990, 1376386, 1376710, 1377250, 1377646, 1377970, 1378510, 1378906, 1379230, 1379770, 1380166, 1380490, 1381030, 1381426, 1381750, 1382290, 1382686, 1383010, 1383550, 1383946, 1384270, 1384810, 1385206, 1385530, 1386070, 1386466, 1386790, 1387330, 1387726, 1388050, 1388590, 1388986, 1389310, 1389850, 1390246, 1390570, 1391110, 1391506, 1391830, 1392370, 1392766, 1393090, 1398353, 1398698, 1399350, 1399844, 1400383, 1401378, 1401995, 1404752, 1405058, 1405634, 1406014, 1406398, 1408371, 1408669, 1409230, 1409608, 1410812, 1411219, 1411552, 1412167, 1412574, 1412907, 1418171, 1418516, 1419168, 1419662, 1420201, 1421196, 1421813, 1424570, 1424876, 1425452, 1425832, 1426216, 1428084, 1428358, 1428874, 1429222, 1430348, 1430722, 1431028, 1431532, 1431895, 1432192, 1432693, 1433067, 1433373, 1433877, 1434240, 1434537]"
"('Description.java', 'org.junit.runner.Description', 'methodAndClassNamePatternGroupOrDefault', '([\\s\\S]*)\\((.*)\\)', 'testKeyRangeExpression1(com.salesforce.phoenix.compile.WhereClauseOptimizerTest)')","[20317, 58456]"
"('StoreFile.java', 'org.apache.hadoop.hbase.regionserver.StoreFile', 'isHFile', '^([0-9a-f]+(?:_SeqId_[0-9]+_)?)', '4e821f60b3dc4dc890b76e3fb74b42f2')","[1436336, 1436398]"
"('Description.java', 'org.junit.runner.Description', 'methodAndClassNamePatternGroupOrDefault', '([\\s\\S]*)\\((.*)\\)', 'testCoerceExpressionSupportsCoercingIntToLong(com.salesforce.phoenix.expression.CoerceExpressionTest)')","[17788, 55926]"
"('Description.java', 'org.junit.runner.Description', 'methodAndClassNamePatternGroupOrDefault', '([\\s\\S]*)\\((.*)\\)', 'testExceedVersionsOutOfOrderPut(com.salesforce.hbase.index.covered.example.TestEndToEndCoveredIndexing)')","[39329, 76562]"
"('StoreFile.java', 'org.apache.hadoop.hbase.regionserver.StoreFile', 'isHFile', '^([0-9a-f]+(?:_SeqId_[0-9]+_)?)', '0c6608a4555749019922c263266bae53')","[1434887, 1434940]"
"('Description.java', 'org.junit.runner.Description', 'methodAndClassNamePatternGroupOrDefault', '([\\s\\S]*)\\((.*)\\)', 'testDecimalArithmeticWithIntAndLong(com.salesforce.phoenix.end2end.ArithmeticQueryTest)')","[32883, 70446]"
"('Description.java', 'org.junit.runner.Description', 'methodAndClassNamePatternGroupOrDefault', '([\\s\\S]*)\\((.*)\\)', 'testPercentile(com.salesforce.phoenix.end2end.PercentileTest)')","[30278, 67916]"
"('Description.java', 'org.junit.runner.Description', 'methodAndClassNamePatternGroupOrDefault', '([\\s\\S]*)\\((.*)\\)', 'testDegenerateDivision2(com.salesforce.phoenix.compile.WhereClauseOptimizerTest)')","[19792, 57906]"
"('Description.java', 'org.junit.runner.Description', 'methodAndClassNamePatternGroupOrDefault', '([\\s\\S]*)\\((.*)\\)', 'testDoubleMultiplyExpression[CREATE INDEX ATABLE_IDX ON aTable (a_integer DESC) INCLUDE (    A_STRING,     B_STRING,     A_DATE)](com.salesforce.phoenix.end2end.QueryTest)')","[6063, 44515]"
"('Description.java', 'org.junit.runner.Description', 'methodAndClassNamePatternGroupOrDefault', '([\\s\\S]*)\\((.*)\\)', 'testCSVUpsertWithAllColumn(com.salesforce.phoenix.end2end.CSVLoaderTest)')","[34870, 72448]"
"('Description.java', 'org.junit.runner.Description', 'methodAndClassNamePatternGroupOrDefault', '([\\s\\S]*)\\((.*)\\)', 'testAutoCommitUpsertSelect(com.salesforce.phoenix.end2end.UpsertSelectAutoCommitTest)')","[27128, 65034]"
"('Description.java', 'org.junit.runner.Description', 'methodAndClassNamePatternGroupOrDefault', '([\\s\\S]*)\\((.*)\\)', 'testMutationJoin(com.salesforce.phoenix.end2end.AutoCommitTest)')","[35389, 72932]"
"('HFileLink.java', 'org.apache.hadoop.hbase.io.HFileLink', 'isHFileLink', '^((?:[a-zA-Z_0-9][a-zA-Z_0-9.-]*))=((?:[a-f0-9]+))-([0-9a-f]+(?:_SeqId_[0-9]+_)?)$', 'c8d666ee9127473ea264c1758dbda1f4')","[1234091, 1234144]"
"('Description.java', 'org.junit.runner.Description', 'methodAndClassNamePatternGroupOrDefault', '([\\s\\S]*)\\((.*)\\)', 'testJoinWithDifferentDateJoinKeyTypes[[Ljava.lang.String;@1249ffc3](com.salesforce.phoenix.end2end.HashJoinTest)')","[14720, 53048]"
"('Description.java', 'org.junit.runner.Description', 'methodAndClassNamePatternGroupOrDefault', '([\\s\\S]*)\\((.*)\\)', 'testParseCreateTablePrimaryKeyConstraintWithOrder(com.salesforce.phoenix.parse.QueryParserTest)')","[16410, 54562]"
"('Description.java', 'org.junit.runner.Description', 'methodAndClassNamePatternGroupOrDefault', '([\\s\\S]*)\\((.*)\\)', 'testUpsertSelectWithSelectAsSubQuery3(com.salesforce.phoenix.end2end.ArrayTest)')","[25829, 63912]"
"('Description.java', 'org.junit.runner.Description', 'methodAndClassNamePatternGroupOrDefault', '([\\s\\S]*)\\((.*)\\)', 'com.salesforce.phoenix.index.IndexMaintainerTest')","[15719, 1180180]"
"('Description.java', 'org.junit.runner.Description', 'methodAndClassNamePatternGroupOrDefault', '([\\s\\S]*)\\((.*)\\)', 'testUnboundRangeScan1[CREATE INDEX ATABLE_IDX ON aTable (a_integer DESC) INCLUDE (    A_STRING,     B_STRING,     A_DATE)](com.salesforce.phoenix.end2end.QueryTest)')","[5557, 44009]"
"('Description.java', 'org.junit.runner.Description', 'methodAndClassNamePatternGroupOrDefault', '([\\s\\S]*)\\((.*)\\)', 'testJoinWithIncomparableJoinKeyTypes[[Ljava.lang.String;@26a6d290](com.salesforce.phoenix.end2end.HashJoinTest)')","[14538, 52887]"
"('Description.java', 'org.junit.runner.Description', 'methodAndClassNamePatternGroupOrDefault', '([\\s\\S]*)\\((.*)\\)', 'testLikeNoOptKeyExpression3(com.salesforce.phoenix.compile.WhereClauseOptimizerTest)')","[19666, 57774]"
"('Description.java', 'org.junit.runner.Description', 'methodAndClassNamePatternGroupOrDefault', '([\\s\\S]*)\\((.*)\\)', 'testLHSLiteralCollapseAnd(com.salesforce.phoenix.compile.SelectStatementRewriterTest)')","[21260, 59424]"
"('Description.java', 'org.junit.runner.Description', 'methodAndClassNamePatternGroupOrDefault', '([\\s\\S]*)\\((.*)\\)', 'testColumnMetadataScan(com.salesforce.phoenix.end2end.QueryDatabaseMetaDataTest)')","[27460, 65342]"
"('Description.java', 'org.junit.runner.Description', 'methodAndClassNamePatternGroupOrDefault', '([\\s\\S]*)\\((.*)\\)', 'testSelectStarOnGroupBy(com.salesforce.phoenix.compile.QueryCompileTest)')","[21758, 59886]"
"('Description.java', 'org.junit.runner.Description', 'methodAndClassNamePatternGroupOrDefault', '([\\s\\S]*)\\((.*)\\)', '[[[a], [[A - B]]] [I@16e16c5 [B@6298e03e UPPER {4}]')",[893]
"('HFileLink.java', 'org.apache.hadoop.hbase.io.HFileLink', 'isHFileLink', '^((?:[a-zA-Z_0-9][a-zA-Z_0-9.-]*))=((?:[a-f0-9]+))-([0-9a-f]+(?:_SeqId_[0-9]+_)?)$', '8538475a950b41e6915a2750ff01360e')","[890347, 890400]"
"('Description.java', 'org.junit.runner.Description', 'methodAndClassNamePatternGroupOrDefault', '([\\s\\S]*)\\((.*)\\)', 'testLikeFunctionOnRowKeyInWhere(com.salesforce.phoenix.end2end.VariableLengthPKTest)')","[32072, 69676]"
"('Description.java', 'org.junit.runner.Description', 'methodAndClassNamePatternGroupOrDefault', '([\\s\\S]*)\\((.*)\\)', 'testIntFilter[CREATE INDEX ATABLE_IDX ON aTable (a_integer) INCLUDE (    A_STRING,     B_STRING,     A_DATE)](com.salesforce.phoenix.end2end.QueryTest)')","[10406, 48816]"
"('Description.java', 'org.junit.runner.Description', 'methodAndClassNamePatternGroupOrDefault', '([\\s\\S]*)\\((.*)\\)', 'testDistinctCountONE(com.salesforce.phoenix.end2end.DistinctCountTest)')","[35057, 72624]"
"('Description.java', 'org.junit.runner.Description', 'methodAndClassNamePatternGroupOrDefault', '([\\s\\S]*)\\((.*)\\)', 'testSelectForceRangeScan(com.salesforce.phoenix.end2end.StatementHintsTest)')","[27771, 65628]"
"('Description.java', 'org.junit.runner.Description', 'methodAndClassNamePatternGroupOrDefault', '([\\s\\S]*)\\((.*)\\)', 'testRTrimFunctionOnRowKeyInWhere(com.salesforce.phoenix.end2end.VariableLengthPKTest)')","[32366, 69984]"
"('Description.java', 'org.junit.runner.Description', 'methodAndClassNamePatternGroupOrDefault', '([\\s\\S]*)\\((.*)\\)', 'testCreateTable(com.salesforce.phoenix.end2end.CreateTableTest)')","[26115, 64132]"
"('Description.java', 'org.junit.runner.Description', 'methodAndClassNamePatternGroupOrDefault', '([\\s\\S]*)\\((.*)\\)', 'com.salesforce.phoenix.end2end.QueryPlanTest')",[32448]
"('Description.java', 'org.junit.runner.Description', 'methodAndClassNamePatternGroupOrDefault', '([\\s\\S]*)\\((.*)\\)', 'testRowValueConstructorOnLHSWithBuiltInFunctionOperatingOnColumnRefOnRHS(com.salesforce.phoenix.end2end.RowValueConstructorTest)')","[24644, 62790]"
"('Description.java', 'org.junit.runner.Description', 'methodAndClassNamePatternGroupOrDefault', '([\\s\\S]*)\\((.*)\\)', 'testRowKeyMultiIn[](com.salesforce.phoenix.end2end.QueryTest)')","[12957, 51346]"
"('Description.java', 'org.junit.runner.Description', 'methodAndClassNamePatternGroupOrDefault', '([\\s\\S]*)\\((.*)\\)', 'testConstantTrueHaving(com.salesforce.phoenix.end2end.ProductMetricsTest)')","[34225, 71832]"
"('Description.java', 'org.junit.runner.Description', 'methodAndClassNamePatternGroupOrDefault', '([\\s\\S]*)\\((.*)\\)', 'testDistinctUngroupedAggregation[CREATE INDEX ATABLE_IDX ON aTable (a_integer) INCLUDE (    A_STRING,     B_STRING,     A_DATE)](com.salesforce.phoenix.end2end.QueryTest)')","[9854, 48264]"
"('Description.java', 'org.junit.runner.Description', 'methodAndClassNamePatternGroupOrDefault', '([\\s\\S]*)\\((.*)\\)', '[ScanRanges[[[a, b], [1, 2], [A, [C - D], G]]] [a1I - a2A)]')",[3018]
"('HFileLink.java', 'org.apache.hadoop.hbase.io.HFileLink', 'isHFileLink', '^((?:[a-zA-Z_0-9][a-zA-Z_0-9.-]*))=((?:[a-f0-9]+))-([0-9a-f]+(?:_SeqId_[0-9]+_)?)$', 'd54eef8bca1240a5b2018cfeee04422b')","[1393432, 1393485]"
"('Description.java', 'org.junit.runner.Description', 'methodAndClassNamePatternGroupOrDefault', '([\\s\\S]*)\\((.*)\\)', 'testUnboundRangeScan2[CREATE INDEX ATABLE_IDX ON aTable (a_integer DESC) INCLUDE (    A_STRING,     B_STRING,     A_DATE)](com.salesforce.phoenix.end2end.QueryTest)')","[5580, 44032]"
"('Description.java', 'org.junit.runner.Description', 'methodAndClassNamePatternGroupOrDefault', '([\\s\\S]*)\\((.*)\\)', 'testScanByUnsigned_DoubleValue[CREATE INDEX ATABLE_IDX ON aTable (a_integer, a_string) INCLUDE (    B_STRING,     A_DATE)](com.salesforce.phoenix.end2end.QueryTest)')","[6981, 45412]"
"('Description.java', 'org.junit.runner.Description', 'methodAndClassNamePatternGroupOrDefault', '([\\s\\S]*)\\((.*)\\)', 'testTimeFilterWithoutPattern(com.salesforce.phoenix.end2end.ToNumberFunctionTest)')","[34410, 71986]"
"('Description.java', 'org.junit.runner.Description', 'methodAndClassNamePatternGroupOrDefault', '([\\s\\S]*)\\((.*)\\)', 'testFilterOnTrailingKeyColumn2(com.salesforce.phoenix.end2end.ProductMetricsTest)')","[33490, 71062]"
"('Description.java', 'org.junit.runner.Description', 'methodAndClassNamePatternGroupOrDefault', '([\\s\\S]*)\\((.*)\\)', 'substrDescCompositePK2(com.salesforce.phoenix.end2end.DescColumnSortOrderTest)')","[29303, 67014]"
"('Description.java', 'org.junit.runner.Description', 'methodAndClassNamePatternGroupOrDefault', '([\\s\\S]*)\\((.*)\\)', 'testDeletionOfParentTableFailsOnTenantSpecificConnection(com.salesforce.phoenix.end2end.TenantSpecificTablesDDLTest)')","[36244, 73768]"
"('HTableDescriptor.java', 'org.apache.hadoop.hbase.HTableDescriptor', 'hasCoprocessor', '^coprocessor\\$([0-9]+)$', 'coprocessor$1')","[80668, 80866, 81297, 81575, 82123, 82481, 83146, 83692, 84250, 85266, 85904, 87488, 87646, 87999, 88237, 88707, 89025, 89612, 90002, 90400, 91212, 91354, 91671, 91885, 92307, 92593, 93120, 93486, 95854, 97079, 98304, 99529, 100754, 101979, 103204, 107796, 107994, 108425, 108703, 109251, 109609, 110274, 110820, 111378, 112394, 113032, 114581, 114739, 115092, 115330, 115800, 116118, 116705, 117095, 117493, 118301, 118447, 118773, 118993, 119427, 119721, 120263, 120639, 122416, 122578, 122933, 123161, 123612, 123906, 124744, 125900, 126772, 127928, 128800, 129956, 130853, 132009, 132881, 134037, 134909, 136065, 136937, 138093, 138965, 140121, 140993, 142149, 143021, 144177, 145049, 146205, 147077, 148233, 149105, 150261, 151133, 152289, 153161, 154317, 155179, 156302, 157148, 158271, 159117, 160240, 161086, 162209, 163055, 164178, 165024, 166147, 167018, 168141, 168987, 170110, 170956, 172079, 172925, 174048, 174894, 176017, 176863, 177986, 178832, 179955, 180801, 181924, 182770, 183893, 184739, 185862, 186708, 187831, 188677, 189800, 190646, 191769, 192615, 193754, 194600, 195723, 196569, 197692, 198538, 199661, 200507, 201630, 202476, 203599, 204445, 205568, 206414, 207537, 208383, 209506, 210352, 211475, 212321, 213444, 214290, 215413, 216259, 217382, 218228, 219351, 220197, 221320, 222166, 223289, 224135, 225258, 226104, 227227, 228073, 229196, 230042, 231165, 232011, 233134, 233980, 235103, 235949, 237072, 237918, 239041, 239887, 241010, 241856, 242979, 243825, 244948, 245794, 246917, 247763, 248886, 249732, 250855, 251701, 252824, 253670, 254793, 255639, 256762, 257608, 258731, 259577, 260700, 261546, 262669, 263515, 264638, 265484, 266607, 267453, 268576, 269422, 270545, 271391, 272514, 273360, 274483, 275329, 276452, 277298, 278421, 279267, 280390, 281236, 282359, 283205, 284328, 285174, 286297, 288015, 289138, 289984, 291107, 291953, 293076, 293922, 295045, 295891, 297014, 297860, 298983, 299829, 300952, 301798, 302921, 303767, 304890, 305736, 306859, 307705, 308828, 309674, 310797, 311643, 312766, 313612, 314735, 315581, 316704, 317550, 318673, 319519, 320642, 321488, 322611, 323457, 324580, 325426, 326549, 327395, 328518, 329364, 330487, 331333, 332524, 333370, 334493, 335339, 336462, 337671, 338794, 339640, 340763, 341609, 342732, 343578, 344701, 345547, 346670, 347516, 348639, 349485, 350608, 351454, 352577, 353423, 354546, 355392, 356515, 357361, 358484, 359330, 360453, 361299, 362422, 363268, 364391, 365237, 366360, 367206, 368329, 369175, 370298, 371144, 372267, 373113, 374236, 375082, 376205, 377051, 378174, 379045, 380168, 381014, 382137, 382983, 384106, 384952, 386075, 386921, 388044, 388890, 390013, 390859, 391982, 392828, 393951, 394797, 395920, 396766, 397889, 398735, 399858, 400704, 401827, 402673, 403796, 404642, 405765, 406611, 407734, 408580, 409703, 410549, 411672, 412518, 413641, 414487, 415610, 416456, 417579, 418425, 419548, 420394, 421517, 422363, 423486, 424332, 425455, 426301, 427424, 428270, 429393, 430239, 431362, 432208, 433331, 434177, 435300, 436146, 437269, 438115, 439238, 440084, 441207, 442053, 443176, 444022, 445145, 445991, 447114, 447960, 449083, 449929, 451052, 451898, 453021, 453867, 454990, 455836, 456959, 457805, 458928, 459774, 460897, 461743, 462866, 463712, 464835, 465681, 466804, 467650, 468773, 469619, 470742, 471588, 472711, 473557, 474696, 475542, 476665, 477536, 478659, 479505, 480628, 481474, 482597, 483443, 484566, 485412, 486535, 487381, 488504, 489350, 490473, 491319, 492442, 493288, 494411, 495257, 496380, 497226, 498349, 499972, 501095, 501941, 503064, 503910, 505033, 505879, 507002, 507848, 508971, 509817, 510940, 511786, 512909, 513755, 514878, 515724, 516847, 517693, 518816, 519662, 520785, 521631, 522754, 523600, 524723, 525569, 526692, 527538, 528661, 529507, 530630, 531476, 532599, 533445, 534568, 535414, 536537, 537383, 538506, 539352, 540475, 541321, 542444, 543290, 544413, 545259, 546382, 547228, 548351, 549633, 550756, 551602, 552725, 553571, 554694, 555540, 556663, 557509, 558632, 559478, 560601, 561447, 562570, 563416, 564539, 565385, 566508, 567354, 568477, 569323, 570446, 571292, 572415, 573261, 574384, 575230, 576353, 577199, 578322, 579168, 580291, 581205, 582328, 583174, 584297, 585143, 586266, 587128, 588251, 589097, 590220, 591091, 592214, 593060, 594183, 595029, 596152, 596998, 598121, 598967, 600090, 600936, 602059, 602905, 604028, 604874, 605997, 606843, 607966, 608812, 609935, 610781, 611904, 612750, 613873, 614719, 615842, 616688, 617811, 618657, 619780, 620626, 621749, 622595, 623718, 624564, 625687, 626533, 627656, 628502, 629625, 630471, 631594, 632440, 633563, 634409, 635532, 636378, 637501, 638347, 639470, 640316, 641439, 642285, 643408, 644254, 645377, 646223, 647346, 648192, 649315, 650161, 651284, 652130, 653253, 654099, 655222, 656068, 657191, 658037, 659160, 660006, 661129, 661975, 663098, 663944, 665067, 665913, 667036, 667882, 669005, 669851, 670974, 671820, 672943, 673789, 674912, 675758, 676881, 677727, 678850, 679696, 680819, 681665, 682788, 683634, 684757, 685603, 686726, 687572, 688695, 689541, 690664, 691510, 692633, 693479, 694602, 695448, 696571, 697417, 698556, 699402, 700525, 701371, 702494, 703340, 704463, 705309, 706432, 707278, 708401, 709247, 710370, 711660, 712783, 713629, 714752, 715598, 716721, 717567, 718690, 719536, 720659, 721505, 722628, 723474, 724597, 725443, 726566, 727412, 728535, 729381, 730504, 731350, 732473, 733319, 734442, 735288, 736411, 737257, 738380, 739226, 740349, 741195, 742318, 743164, 744287, 745133, 746256, 747102, 748225, 749071, 750194, 751040, 752163, 753009, 754132, 754978, 756101, 756947, 758070, 758916, 760141, 761366, 762591, 763816, 765041, 766266, 767491, 768716, 769941, 771166, 772391, 773616, 774841, 776066, 777291, 778516, 779741, 780966, 782191, 783416, 784641, 785866, 787091, 788316, 789541, 790766, 791991, 793216, 794441, 795666, 796891, 798116, 799341, 800566, 801791, 803016, 804241, 805466, 806691, 807916, 809157, 810382, 811607, 812832, 814057, 815282, 816507, 817732, 818957, 820182, 821407, 822632, 823857, 825082, 826307, 827532, 828757, 829982, 831207, 832432, 833657, 834882, 836107, 837332, 838557, 839782, 841007, 842232, 843457, 844682, 845907, 847132, 848357, 849582, 850807, 852032, 853257, 854482, 855707, 856932, 858157, 859382, 861067, 862292, 863517, 864742, 865967, 867192, 868417, 869642, 870867, 872092, 873317, 874542, 875767, 876992, 878217, 879442, 880667, 881892, 883117, 884342, 885567, 886792, 888017, 889242, 894266, 894464, 894895, 895173, 895721, 896079, 896744, 897290, 897848, 898864, 899502, 901051, 901209, 901562, 901800, 902270, 902588, 903175, 903565, 903963, 904779, 904929, 905264, 905490, 905936, 906238, 906795, 907181, 908305, 908455, 908790, 909016, 909462, 909764, 910321, 910707, 911831, 911981, 912316, 912542, 912988, 913290, 913847, 914233, 915357, 915507, 915842, 916068, 916514, 916816, 917373, 917759, 918955, 920250, 921545, 922840, 924135, 925430, 926725, 928020, 929315, 930610, 931905, 933200, 934495, 935790, 937085, 938380, 939675, 940970, 942265, 943560, 944855, 946150, 947445, 948740, 950035, 951330, 952625, 953920, 955215, 956510, 957805, 959100, 960395, 961690, 962985, 964280, 965575, 966870, 968165, 969460, 970755, 972050, 973345, 974640, 975935, 977230, 978525, 979820, 981115, 982410, 983705, 985000, 986295, 987590, 988885, 990180, 991475, 992770, 994065, 995360, 996645, 997905, 999165, 1000425, 1001685, 1002945, 1004205, 1005465, 1006725, 1007985, 1009245, 1010505, 1011765, 1013025, 1014285, 1015545, 1016805, 1018065, 1019325, 1020585, 1021845, 1023105, 1024365, 1025625, 1026869, 1027026, 1027370, 1027591, 1028028, 1028313, 1029126, 1029283, 1029627, 1029848, 1030285, 1030570, 1031383, 1031540, 1031884, 1032105, 1032542, 1032827, 1033656, 1034916, 1036176, 1037436, 1038584, 1039328, 1040072, 1040928, 1042188, 1043448, 1044708, 1045856, 1046600, 1047344, 1048200, 1049460, 1050720, 1051980, 1053128, 1053872, 1054616, 1055472, 1056732, 1057992, 1059252, 1060400, 1061144, 1061888, 1062744, 1064004, 1065264, 1066524, 1067672, 1068416, 1069160, 1070016, 1071276, 1072536, 1073796, 1074944, 1075688, 1076432, 1077288, 1078548, 1079808, 1081068, 1082216, 1082960, 1083704, 1084560, 1085820, 1087080, 1088340, 1089488, 1090232, 1090976, 1091832, 1093092, 1094352, 1095612, 1096760, 1097504, 1098248, 1099104, 1100364, 1101624, 1102884, 1104032, 1104776, 1105520, 1106376, 1107636, 1108896, 1110156, 1111304, 1112048, 1112792, 1113648, 1114908, 1116168, 1117428, 1118576, 1119320, 1120064, 1120920, 1122180, 1123440, 1124700, 1125848, 1126592, 1127336, 1128192, 1129452, 1130712, 1131972, 1133120, 1133864, 1134608, 1135464, 1136724, 1137984, 1139244, 1140392, 1141136, 1141880, 1142736, 1143996, 1145256, 1146516, 1147664, 1148408, 1149152, 1150008, 1151268, 1152528, 1153788, 1154936, 1155680, 1156424, 1157280, 1158540, 1159800, 1161060, 1162208, 1162952, 1163696, 1164552, 1165812, 1167072, 1168332, 1169480, 1170224, 1170968, 1171824, 1173084, 1174344, 1175604, 1176752, 1177496, 1178240, 1183803, 1183996, 1184416, 1184687, 1185221, 1185570, 1186218, 1186750, 1187294, 1188284, 1188906, 1190482, 1190636, 1190980, 1191212, 1191670, 1191980, 1192552, 1192932, 1193320, 1194128, 1194278, 1194613, 1194839, 1195285, 1195587, 1196144, 1196530, 1198338, 1199569, 1199723, 1200067, 1200299, 1200757, 1201067, 1201639, 1202035, 1203795, 1203949, 1204293, 1204525, 1204983, 1205293, 1205865, 1206261, 1208085, 1209380, 1210675, 1211980, 1213300, 1214595, 1215890, 1217185, 1218480, 1219775, 1221070, 1222365, 1223660, 1224965, 1226285, 1227580, 1228875, 1230180, 1231510, 1232830, 1237804, 1237997, 1238417, 1238688, 1239222, 1239571, 1240219, 1240751, 1241295, 1242285, 1242907, 1244483, 1244637, 1244981, 1245213, 1245671, 1245981, 1246553, 1246933, 1247321, 1248129, 1248279, 1248614, 1248840, 1249286, 1249588, 1250145, 1250531, 1252339, 1253634, 1254929, 1256224, 1257519, 1262223, 1262416, 1262836, 1263107, 1263641, 1263990, 1264638, 1265170, 1265714, 1266704, 1267326, 1268852, 1269006, 1269350, 1269582, 1270040, 1270350, 1270922, 1271302, 1271690, 1272490, 1272636, 1272962, 1273182, 1273616, 1273910, 1274452, 1274828, 1276610, 1277800, 1277946, 1278272, 1278492, 1278926, 1279220, 1279762, 1280138, 1281920, 1283180, 1284440, 1285700, 1286960, 1291803, 1291996, 1292416, 1292687, 1293221, 1293570, 1294218, 1294750, 1295294, 1296284, 1296906, 1298482, 1298636, 1298980, 1299212, 1299670, 1299980, 1300552, 1300932, 1301320, 1302128, 1302278, 1302613, 1302839, 1303285, 1303587, 1304144, 1304530, 1309795, 1309988, 1310408, 1310679, 1311213, 1311562, 1312210, 1312742, 1313286, 1314276, 1314898, 1316424, 1316578, 1316922, 1317154, 1317612, 1317922, 1318494, 1318874, 1319262, 1320078, 1320232, 1320576, 1320808, 1321266, 1321576, 1322148, 1322544, 1324368, 1325663, 1326968, 1331793, 1331986, 1332406, 1332677, 1333211, 1333560, 1334208, 1334740, 1335284, 1336274, 1336896, 1338422, 1338576, 1338920, 1339152, 1339610, 1339920, 1340492, 1340872, 1341260, 1342068, 1342218, 1342553, 1342779, 1343225, 1343527, 1344084, 1344470, 1345666, 1346961, 1351397, 1351590, 1352010, 1352281, 1352815, 1353164, 1353812, 1354344, 1354888, 1355878, 1356500, 1358026, 1358180, 1358524, 1358756, 1359214, 1359524, 1360096, 1360476, 1360864, 1361664, 1361810, 1362136, 1362356, 1362790, 1363084, 1363626, 1364002, 1365784, 1367044, 1368304, 1369494, 1369640, 1369966, 1370186, 1370620, 1370914, 1371456, 1371832, 1373614, 1374874, 1376134, 1377394, 1378654, 1379914, 1381174, 1382434, 1383694, 1384954, 1386214, 1387474, 1388734, 1389994, 1391254, 1392514, 1397087, 1397280, 1397700, 1397971, 1398505, 1398854, 1399502, 1400034, 1400578, 1401568, 1402190, 1403716, 1403870, 1404214, 1404446, 1404904, 1405214, 1405786, 1406166, 1406554, 1407362, 1407512, 1407847, 1408073, 1408519, 1408821, 1409378, 1409764, 1410960, 1412315, 1416905, 1417098, 1417518, 1417789, 1418323, 1418672, 1419320, 1419852, 1420396, 1421386, 1422008, 1423534, 1423688, 1424032, 1424264, 1424722, 1425032, 1425604, 1425984, 1426372, 1427156, 1427294, 1427602, 1427810, 1428220, 1428498, 1429010, 1429366, 1430484, 1431664, 1432829, 1434009]"
"('Description.java', 'org.junit.runner.Description', 'methodAndClassNamePatternGroupOrDefault', '([\\s\\S]*)\\((.*)\\)', 'testMultiplePercentRanksOnSelect(com.salesforce.phoenix.end2end.PercentileTest)')","[30488, 68136]"
"('Description.java', 'org.junit.runner.Description', 'methodAndClassNamePatternGroupOrDefault', '([\\s\\S]*)\\((.*)\\)', 'testOrderByDroppedCompositeKey(com.salesforce.phoenix.compile.QueryOptimizerTest)')","[19017, 57114]"
"('Description.java', 'org.junit.runner.Description', 'methodAndClassNamePatternGroupOrDefault', '([\\s\\S]*)\\((.*)\\)', 'queryDescDateWithExplicitOrderBy(com.salesforce.phoenix.end2end.DescColumnSortOrderTest)')","[28883, 66574]"
"('Description.java', 'org.junit.runner.Description', 'methodAndClassNamePatternGroupOrDefault', '([\\s\\S]*)\\((.*)\\)', 'testSimpleTimestampedUpdates(com.salesforce.hbase.index.covered.example.TestEndtoEndIndexingWithCompression)')","[38982, 76298]"
"('Description.java', 'org.junit.runner.Description', 'methodAndClassNamePatternGroupOrDefault', '([\\s\\S]*)\\((.*)\\)', 'testCovering(com.salesforce.hbase.index.covered.TestCoveredColumns)')","[39987, 77112]"
"('StoreFile.java', 'org.apache.hadoop.hbase.regionserver.StoreFile', 'isHFile', '^([0-9a-f]+(?:_SeqId_[0-9]+_)?)', '8ab77e96f3c84496bd012e66e17cf302')","[1179849, 1179902]"
"('Description.java', 'org.junit.runner.Description', 'methodAndClassNamePatternGroupOrDefault', '([\\s\\S]*)\\((.*)\\)', 'testIsNotNullOnNotNullable(com.salesforce.phoenix.compile.QueryCompileTest)')","[23102, 61294]"
"('RegionCoprocessorHost.java', 'org.apache.hadoop.hbase.regionserver.RegionCoprocessorHost', 'loadTableCoprocessors', '(^[^\\|]*)\\|([^\\|]+)\\|[\\s]*([\\d]*)[\\s]*(\\|.*)?$', '|com.salesforce.phoenix.coprocessor.ServerCachingEndpointImpl|1|')","[86624, 87030, 90804, 94263, 94331, 94365, 94773, 94977, 95062, 95385, 113743, 114131, 117892, 121330, 121483, 121602, 121942, 124248, 287042, 287246, 337128, 499078, 499282, 549033, 710987, 711191, 860394, 860598, 900213, 900601, 904362, 907888, 911414, 914940, 918466, 1028646, 1030903, 1033160, 1189653, 1190040, 1193711, 1197237, 1197441, 1197645, 1197849, 1202758, 1202962, 1203166, 1203370, 1206984, 1207069, 1207375, 1207596, 1243654, 1244041, 1247712, 1251238, 1251425, 1251646, 1251850, 1268023, 1268410, 1272081, 1275519, 1275723, 1275927, 1276131, 1280829, 1281033, 1281237, 1281441, 1297653, 1298040, 1301711, 1305237, 1305441, 1305645, 1305849, 1315595, 1315982, 1319653, 1323267, 1323471, 1323675, 1323879, 1337593, 1337980, 1341651, 1345177, 1357197, 1357584, 1361255, 1364693, 1364812, 1364982, 1365305, 1372523, 1372727, 1372931, 1373135, 1402887, 1403274, 1406945, 1410471, 1422705, 1423092, 1426763, 1430025]"
"('Description.java', 'org.junit.runner.Description', 'methodAndClassNamePatternGroupOrDefault', '([\\s\\S]*)\\((.*)\\)', 'test[[[b, [c - d]], [1, [2 - 3]], [B, [C - D]]] null](com.salesforce.phoenix.filter.SkipScanFilterIntersectTest)')","[1746, 41410]"
"('Description.java', 'org.junit.runner.Description', 'methodAndClassNamePatternGroupOrDefault', '([\\s\\S]*)\\((.*)\\)', 'testCFToDisambiguateInSelectOnly2(com.salesforce.phoenix.end2end.MultiCfQueryExecTest)')","[30633, 68268]"
"('Description.java', 'org.junit.runner.Description', 'methodAndClassNamePatternGroupOrDefault', '([\\s\\S]*)\\((.*)\\)', 'testConcat(com.salesforce.phoenix.iterate.ConcatResultIteratorTest)')","[15294, 53572]"
"('Description.java', 'org.junit.runner.Description', 'methodAndClassNamePatternGroupOrDefault', '([\\s\\S]*)\\((.*)\\)', 'testUpdatableOnUpdatableView(com.salesforce.phoenix.end2end.ViewTest)')","[25972, 64022]"
"('Description.java', 'org.junit.runner.Description', 'methodAndClassNamePatternGroupOrDefault', '([\\s\\S]*)\\((.*)\\)', '[[[b, [c - e]], [1, [2 - 4]], [B, [C - E]]] [[b, [c - e]], [1, [2 - 4]], [B, [C - E]]]]')","[2075, 2119, 2251]"
"('HFileLink.java', 'org.apache.hadoop.hbase.io.HFileLink', 'isHFileLink', '^((?:[a-zA-Z_0-9][a-zA-Z_0-9.-]*))=((?:[a-f0-9]+))-([0-9a-f]+(?:_SeqId_[0-9]+_)?)$', '33122f4c6b7245c7bb4bbec12529e09f')","[287521, 287561, 499488]"
"('Description.java', 'org.junit.runner.Description', 'methodAndClassNamePatternGroupOrDefault', '([\\s\\S]*)\\((.*)\\)', 'com.salesforce.phoenix.compile.ViewCompileTest')","[18746, 1180446]"
"('Description.java', 'org.junit.runner.Description', 'methodAndClassNamePatternGroupOrDefault', '([\\s\\S]*)\\((.*)\\)', 'testChooseIndexOverTable(com.salesforce.phoenix.compile.QueryOptimizerTest)')","[19185, 57290]"
"('StoreFile.java', 'org.apache.hadoop.hbase.regionserver.StoreFile', 'isReference', '^([0-9a-f]+(?:_SeqId_[0-9]+_)?|(?:[a-zA-Z_0-9][a-zA-Z_0-9.-]*)=(?:[a-f0-9]+)-[0-9a-f]+(?:_SeqId_[0-9]+_)?)\\.(.+)$', '06323b5c3aaf45efbf8af18e82d83942')","[1348240, 1348293]"
"('Description.java', 'org.junit.runner.Description', 'methodAndClassNamePatternGroupOrDefault', '([\\s\\S]*)\\((.*)\\)', 'testUpsertValuesWithDescExpression(com.salesforce.phoenix.end2end.UpsertValuesTest)')","[26777, 64726]"
"('Description.java', 'org.junit.runner.Description', 'methodAndClassNamePatternGroupOrDefault', '([\\s\\S]*)\\((.*)\\)', 'testLessThanRound(com.salesforce.phoenix.compile.WhereClauseOptimizerTest)')","[20947, 59116]"
"('Description.java', 'org.junit.runner.Description', 'methodAndClassNamePatternGroupOrDefault', '([\\s\\S]*)\\((.*)\\)', 'inDescCompositePK2(com.salesforce.phoenix.end2end.DescColumnSortOrderTest)')","[29345, 67058]"
"('Description.java', 'org.junit.runner.Description', 'methodAndClassNamePatternGroupOrDefault', '([\\s\\S]*)\\((.*)\\)', 'testScanByFloatValue[CREATE INDEX ATABLE_IDX ON aTable (a_integer) INCLUDE (    A_STRING,     B_STRING,     A_DATE)](com.salesforce.phoenix.end2end.QueryTest)')","[11579, 49989]"
"('StoreFile.java', 'org.apache.hadoop.hbase.regionserver.StoreFile', 'isHFile', '^([0-9a-f]+(?:_SeqId_[0-9]+_)?)', '04eb9ac4da1a4a188e218f0eda5d1b29')","[1306233, 1306286]"
"('Description.java', 'org.junit.runner.Description', 'methodAndClassNamePatternGroupOrDefault', '([\\s\\S]*)\\((.*)\\)', 'testNonfirstColumnGroupBy(com.salesforce.phoenix.end2end.VariableLengthPKTest)')","[32240, 69852]"
"('Description.java', 'org.junit.runner.Description', 'methodAndClassNamePatternGroupOrDefault', '([\\s\\S]*)\\((.*)\\)', 'testNonKeyProjectionWithDecimalValue(com.salesforce.phoenix.end2end.ToNumberFunctionTest)')","[34725, 72316]"
"('StoreFile.java', 'org.apache.hadoop.hbase.regionserver.StoreFile', 'isReference', '^([0-9a-f]+(?:_SeqId_[0-9]+_)?|(?:[a-zA-Z_0-9][a-zA-Z_0-9.-]*)=(?:[a-f0-9]+)-[0-9a-f]+(?:_SeqId_[0-9]+_)?)\\.(.+)$', '336dfe27b10d4d6eac1f0ac0c1083745')","[1179302, 1179355]"
"('Description.java', 'org.junit.runner.Description', 'methodAndClassNamePatternGroupOrDefault', '([\\s\\S]*)\\((.*)\\)', 'testNullAtEndOfRVC(com.salesforce.phoenix.compile.WhereClauseOptimizerTest)')","[21199, 59380]"
"('Description.java', 'org.junit.runner.Description', 'methodAndClassNamePatternGroupOrDefault', '([\\s\\S]*)\\((.*)\\)', 'com.salesforce.phoenix.end2end.RoundFloorCeilFunctionsEnd2EndTest')",[35408]
"('Description.java', 'org.junit.runner.Description', 'methodAndClassNamePatternGroupOrDefault', '([\\s\\S]*)\\((.*)\\)', 'testDropKVColumn(com.salesforce.phoenix.end2end.QueryDatabaseMetaDataTest)')","[27502, 65386]"
"('StoreFile.java', 'org.apache.hadoop.hbase.regionserver.StoreFile', 'isReference', '^([0-9a-f]+(?:_SeqId_[0-9]+_)?|(?:[a-zA-Z_0-9][a-zA-Z_0-9.-]*)=(?:[a-f0-9]+)-[0-9a-f]+(?:_SeqId_[0-9]+_)?)\\.(.+)$', 'ceacf678e9af42e6931aae9e9e3fbd10')","[1288108, 1288161]"
"('Description.java', 'org.junit.runner.Description', 'methodAndClassNamePatternGroupOrDefault', '([\\s\\S]*)\\((.*)\\)', 'testPartialEvalCaseStatement[CREATE INDEX ATABLE_IDX ON aTable (a_integer) INCLUDE (    A_STRING,     B_STRING,     A_DATE)](com.salesforce.phoenix.end2end.QueryTest)')","[11280, 49690]"
"('Description.java', 'org.junit.runner.Description', 'methodAndClassNamePatternGroupOrDefault', '([\\s\\S]*)\\((.*)\\)', 'testKeyOrderedRoundAggregation1(com.salesforce.phoenix.end2end.ProductMetricsTest)')","[33595, 71172]"
"('Description.java', 'org.junit.runner.Description', 'methodAndClassNamePatternGroupOrDefault', '([\\s\\S]*)\\((.*)\\)', 'testDistinctScan[CREATE INDEX ATABLE_IDX ON aTable (a_integer, a_string) INCLUDE (    B_STRING,     A_DATE)](com.salesforce.phoenix.end2end.QueryTest)')","[8522, 46953]"
"('Description.java', 'org.junit.runner.Description', 'methodAndClassNamePatternGroupOrDefault', '([\\s\\S]*)\\((.*)\\)', 'com.salesforce.phoenix.end2end.AlterTableTest')",[26382]
"('Description.java', 'org.junit.runner.Description', 'methodAndClassNamePatternGroupOrDefault', '([\\s\\S]*)\\((.*)\\)', 'testDeletesWithoutPreviousState(com.salesforce.hbase.index.covered.example.TestEndToEndCoveredIndexing)')","[39371, 76606]"
"('StoreFile.java', 'org.apache.hadoop.hbase.regionserver.StoreFile', 'isHFile', '^([0-9a-f]+(?:_SeqId_[0-9]+_)?)', '4dd325a9d63f4940948c3c8001eb2cd1')","[104556, 104609]"
"('Description.java', 'org.junit.runner.Description', 'methodAndClassNamePatternGroupOrDefault', '([\\s\\S]*)\\((.*)\\)', 'testCFToDisambiguate1(com.salesforce.phoenix.end2end.MultiCfQueryExecTest)')","[30675, 68312]"
"('RegionCoprocessorHost.java', 'org.apache.hadoop.hbase.regionserver.RegionCoprocessorHost', 'loadTableCoprocessors', '^coprocessor\\$([0-9]+)$', 'coprocessor$5')","[86570, 86976, 90750, 94110, 94161, 94212, 94722, 94926, 95011, 95334, 113692, 114080, 117841, 121279, 121432, 121517, 121891, 286991, 287195, 499027, 499231, 710936, 711140, 860343, 860547, 900162, 900550, 904311, 907837, 911363, 914889, 918415, 1189602, 1189989, 1193660, 1197186, 1197390, 1197594, 1197798, 1202707, 1202911, 1203115, 1203319, 1206933, 1207018, 1207273, 1207545, 1243603, 1243990, 1247661, 1251187, 1251374, 1251595, 1251799, 1267972, 1268359, 1272030, 1275468, 1275672, 1275876, 1276080, 1280778, 1280982, 1281186, 1281390, 1297602, 1297989, 1301660, 1305186, 1305390, 1305594, 1305798, 1315544, 1315931, 1319602, 1323216, 1323420, 1323624, 1323828, 1337542, 1337929, 1341600, 1345126, 1357146, 1357533, 1361204, 1364642, 1364744, 1364931, 1365254, 1372472, 1372676, 1372880, 1373084, 1402836, 1403223, 1406894, 1410420, 1422654, 1423041, 1426712, 1429974]"
"('Description.java', 'org.junit.runner.Description', 'methodAndClassNamePatternGroupOrDefault', '([\\s\\S]*)\\((.*)\\)', 'testToDateOnString[CREATE INDEX ATABLE_IDX ON aTable (a_integer, a_string) INCLUDE (    B_STRING,     A_DATE)](com.salesforce.phoenix.end2end.QueryTest)')","[9028, 47459]"
"('Description.java', 'org.junit.runner.Description', 'methodAndClassNamePatternGroupOrDefault', '([\\s\\S]*)\\((.*)\\)', 'testLikeConstant(com.salesforce.phoenix.end2end.VariableLengthPKTest)')","[32009, 69610]"
"('Description.java', 'org.junit.runner.Description', 'methodAndClassNamePatternGroupOrDefault', '([\\s\\S]*)\\((.*)\\)', 'testCountColumnUngroupedAggregation(com.salesforce.phoenix.end2end.ProductMetricsTest)')","[34267, 71876]"
"('Description.java', 'org.junit.runner.Description', 'methodAndClassNamePatternGroupOrDefault', '([\\s\\S]*)\\((.*)\\)', 'testOrDiffColExpression(com.salesforce.phoenix.compile.WhereClauseOptimizerTest)')","[19687, 57796]"
"('Description.java', 'org.junit.runner.Description', 'methodAndClassNamePatternGroupOrDefault', '([\\s\\S]*)\\((.*)\\)', 'testNotEqualsByUnsignedFloat[CREATE INDEX ATABLE_IDX ON aTable (a_integer, a_string) INCLUDE (    B_STRING,     A_DATE)](com.salesforce.phoenix.end2end.QueryTest)')","[8269, 46700]"
"('Description.java', 'org.junit.runner.Description', 'methodAndClassNamePatternGroupOrDefault', '([\\s\\S]*)\\((.*)\\)', 'testMultiColumnGTKeyFilter(com.salesforce.phoenix.end2end.VariableLengthPKTest)')","[31778, 69368]"
"('Description.java', 'org.junit.runner.Description', 'methodAndClassNamePatternGroupOrDefault', '([\\s\\S]*)\\((.*)\\)', 'testNullInScanKey(com.salesforce.phoenix.compile.QueryCompileTest)')","[22325, 60480]"
"('Description.java', 'org.junit.runner.Description', 'methodAndClassNamePatternGroupOrDefault', '([\\s\\S]*)\\((.*)\\)', 'test[[[[abc - def], [dzz - xyz)], [[AB - AX], [EB - EZ), [PO - PP)], [[100 - 250), [701 - 901)]] [I@7816568e [rowkey=abcEB700, expected seek next using hint: abcEB701, rowkey=abcEB701, expected include, rowkey=dzzAB250, expected seek next using hint: dzzAB701, rowkey=zzzAA000, expected finished]](com.salesforce.phoenix.filter.SkipScanFilterTest)')","[1507, 41295]"
"('Description.java', 'org.junit.runner.Description', 'methodAndClassNamePatternGroupOrDefault', '([\\s\\S]*)\\((.*)\\)', 'testUnaliasedFunkyNames(com.salesforce.phoenix.end2end.FunkyNamesTest)')","[32509, 70094]"
"('Description.java', 'org.junit.runner.Description', 'methodAndClassNamePatternGroupOrDefault', '([\\s\\S]*)\\((.*)\\)', 'testCoerceIntegerToLong[CREATE INDEX ATABLE_IDX ON aTable (a_integer DESC) INCLUDE (    A_STRING,     B_STRING,     A_DATE)](com.salesforce.phoenix.end2end.QueryTest)')","[6362, 44814]"
"('Description.java', 'org.junit.runner.Description', 'methodAndClassNamePatternGroupOrDefault', '([\\s\\S]*)\\((.*)\\)', 'testAddRemoveSingleRegion(com.salesforce.hbase.index.write.recovery.TestPerRegionIndexWriteCache)')","[40334, 77376]"
"('StoreFile.java', 'org.apache.hadoop.hbase.regionserver.StoreFile', 'isHFile', '^([0-9a-f]+(?:_SeqId_[0-9]+_)?)', '94370c5129204119b553b6d1b6651f74')","[1328501, 1328554]"
"('Description.java', 'org.junit.runner.Description', 'methodAndClassNamePatternGroupOrDefault', '([\\s\\S]*)\\((.*)\\)', 'testSTDDEV_SAMPOnDecimalColType(com.salesforce.phoenix.end2end.StddevTest)')","[30032, 67718]"
"('Description.java', 'org.junit.runner.Description', 'methodAndClassNamePatternGroupOrDefault', '([\\s\\S]*)\\((.*)\\)', 'testNotEqualsByTinyInt[CREATE INDEX ATABLE_IDX ON aTable (a_integer, a_string) INCLUDE (    B_STRING,     A_DATE)](com.salesforce.phoenix.end2end.QueryTest)')","[7878, 46309]"
"('HTableDescriptor.java', 'org.apache.hadoop.hbase.HTableDescriptor', 'hasCoprocessor', '(^[^\\|]*)\\|([^\\|]+)\\|[\\s]*([\\d]*)[\\s]*(\\|.*)?$', '|com.salesforce.phoenix.coprocessor.GroupedAggregateRegionObserver|1|')","[82006, 82361, 83029, 83536, 84090, 85110, 85744, 88590, 88905, 89495, 89885, 90280, 92202, 92485, 93015, 93375, 95749, 96134, 96449, 96974, 97359, 97674, 98199, 98584, 98899, 99424, 99809, 100124, 100649, 101034, 101349, 101874, 102259, 102574, 103099, 103484, 103799, 109134, 109489, 110157, 110664, 111218, 112238, 112872, 115683, 115998, 116588, 116978, 117373, 119319, 119610, 120155, 120525, 123516, 123807, 124636, 125032, 125356, 125804, 126092, 126316, 126664, 127060, 127384, 127832, 128120, 128344, 128692, 129088, 129412, 129860, 130148, 130372, 130745, 131141, 131465, 131913, 132201, 132425, 132773, 133169, 133493, 133941, 134229, 134453, 134801, 135197, 135521, 135969, 136257, 136481, 136829, 137225, 137549, 137997, 138285, 138509, 138857, 139253, 139577, 140025, 140313, 140537, 140885, 141281, 141605, 142053, 142341, 142565, 142913, 143309, 143633, 144081, 144369, 144593, 144941, 145337, 145661, 146109, 146397, 146621, 146969, 147365, 147689, 148137, 148425, 148649, 148997, 149393, 149717, 150165, 150453, 150677, 151025, 151421, 151745, 152193, 152481, 152705, 153053, 153449, 153773, 154221, 154509, 154733, 155074, 155459, 155774, 156209, 156488, 156705, 157043, 157428, 157743, 158178, 158457, 158674, 159012, 159397, 159712, 160147, 160426, 160643, 160981, 161366, 161681, 162116, 162395, 162612, 162950, 163335, 163650, 164085, 164364, 164581, 164919, 165304, 165619, 166054, 166333, 166550, 166913, 167298, 167613, 168048, 168327, 168544, 168882, 169267, 169582, 170017, 170296, 170513, 170851, 171236, 171551, 171986, 172265, 172482, 172820, 173205, 173520, 173955, 174234, 174451, 174789, 175174, 175489, 175924, 176203, 176420, 176758, 177143, 177458, 177893, 178172, 178389, 178727, 179112, 179427, 179862, 180141, 180358, 180696, 181081, 181396, 181831, 182110, 182327, 182665, 183050, 183365, 183800, 184079, 184296, 184634, 185019, 185334, 185769, 186048, 186265, 186603, 186988, 187303, 187738, 188017, 188234, 188572, 188957, 189272, 189707, 189986, 190203, 190541, 190926, 191241, 191676, 191955, 192172, 192510, 192895, 193210, 193661, 193940, 194157, 194495, 194880, 195195, 195630, 195909, 196126, 196464, 196849, 197164, 197599, 197878, 198095, 198433, 198818, 199133, 199568, 199847, 200064, 200402, 200787, 201102, 201537, 201816, 202033, 202371, 202756, 203071, 203506, 203785, 204002, 204340, 204725, 205040, 205475, 205754, 205971, 206309, 206694, 207009, 207444, 207723, 207940, 208278, 208663, 208978, 209413, 209692, 209909, 210247, 210632, 210947, 211382, 211661, 211878, 212216, 212601, 212916, 213351, 213630, 213847, 214185, 214570, 214885, 215320, 215599, 215816, 216154, 216539, 216854, 217289, 217568, 217785, 218123, 218508, 218823, 219258, 219537, 219754, 220092, 220477, 220792, 221227, 221506, 221723, 222061, 222446, 222761, 223196, 223475, 223692, 224030, 224415, 224730, 225165, 225444, 225661, 225999, 226384, 226699, 227134, 227413, 227630, 227968, 228353, 228668, 229103, 229382, 229599, 229937, 230322, 230637, 231072, 231351, 231568, 231906, 232291, 232606, 233041, 233320, 233537, 233875, 234260, 234575, 235010, 235289, 235506, 235844, 236229, 236544, 236979, 237258, 237475, 237813, 238198, 238513, 238948, 239227, 239444, 239782, 240167, 240482, 240917, 241196, 241413, 241751, 242136, 242451, 242886, 243165, 243382, 243720, 244105, 244420, 244855, 245134, 245351, 245689, 246074, 246389, 246824, 247103, 247320, 247658, 248043, 248358, 248793, 249072, 249289, 249627, 250012, 250327, 250762, 251041, 251258, 251596, 251981, 252296, 252731, 253010, 253227, 253565, 253950, 254265, 254700, 254979, 255196, 255534, 255919, 256234, 256669, 256948, 257165, 257503, 257888, 258203, 258638, 258917, 259134, 259472, 259857, 260172, 260607, 260886, 261103, 261441, 261826, 262141, 262576, 262855, 263072, 263410, 263795, 264110, 264545, 264824, 265041, 265379, 265764, 266079, 266514, 266793, 267010, 267348, 267733, 268048, 268483, 268762, 268979, 269317, 269702, 270017, 270452, 270731, 270948, 271286, 271671, 271986, 272421, 272700, 272917, 273255, 273640, 273955, 274390, 274669, 274886, 275224, 275609, 275924, 276359, 276638, 276855, 277193, 277578, 277893, 278328, 278607, 278824, 279162, 279547, 279862, 280297, 280576, 280793, 281131, 281516, 281831, 282266, 282545, 282762, 283100, 283485, 283800, 284235, 284514, 284731, 285069, 285454, 285769, 286204, 286483, 286700, 287910, 288295, 288610, 289045, 289324, 289541, 289879, 290264, 290579, 291014, 291293, 291510, 291848, 292233, 292548, 292983, 293262, 293479, 293817, 294202, 294517, 294952, 295231, 295448, 295786, 296171, 296486, 296921, 297200, 297417, 297755, 298140, 298455, 298890, 299169, 299386, 299724, 300109, 300424, 300859, 301138, 301355, 301693, 302078, 302393, 302828, 303107, 303324, 303662, 304047, 304362, 304797, 305076, 305293, 305631, 306016, 306331, 306766, 307045, 307262, 307600, 307985, 308300, 308735, 309014, 309231, 309569, 309954, 310269, 310704, 310983, 311200, 311538, 311923, 312238, 312673, 312952, 313169, 313507, 313892, 314207, 314642, 314921, 315138, 315476, 315861, 316176, 316611, 316890, 317107, 317445, 317830, 318145, 318580, 318859, 319076, 319414, 319799, 320114, 320549, 320828, 321045, 321383, 321768, 322083, 322518, 322797, 323014, 323352, 323737, 324052, 324487, 324766, 324983, 325321, 325706, 326021, 326456, 326735, 326952, 327290, 327675, 327990, 328425, 328704, 328921, 329259, 329644, 329959, 330394, 330673, 330890, 331228, 331613, 331928, 332431, 332710, 332927, 333265, 333650, 333965, 334400, 334679, 334896, 335234, 335619, 335934, 336369, 336648, 336865, 337566, 337951, 338266, 338701, 338980, 339197, 339535, 339920, 340235, 340670, 340949, 341166, 341504, 341889, 342204, 342639, 342918, 343135, 343473, 343858, 344173, 344608, 344887, 345104, 345442, 345827, 346142, 346577, 346856, 347073, 347411, 347796, 348111, 348546, 348825, 349042, 349380, 349765, 350080, 350515, 350794, 351011, 351349, 351734, 352049, 352484, 352763, 352980, 353318, 353703, 354018, 354453, 354732, 354949, 355287, 355672, 355987, 356422, 356701, 356918, 357256, 357641, 357956, 358391, 358670, 358887, 359225, 359610, 359925, 360360, 360639, 360856, 361194, 361579, 361894, 362329, 362608, 362825, 363163, 363548, 363863, 364298, 364577, 364794, 365132, 365517, 365832, 366267, 366546, 366763, 367101, 367486, 367801, 368236, 368515, 368732, 369070, 369455, 369770, 370205, 370484, 370701, 371039, 371424, 371739, 372174, 372453, 372670, 373008, 373393, 373708, 374143, 374422, 374639, 374977, 375362, 375677, 376112, 376391, 376608, 376946, 377331, 377646, 378081, 378360, 378577, 378940, 379325, 379640, 380075, 380354, 380571, 380909, 381294, 381609, 382044, 382323, 382540, 382878, 383263, 383578, 384013, 384292, 384509, 384847, 385232, 385547, 385982, 386261, 386478, 386816, 387201, 387516, 387951, 388230, 388447, 388785, 389170, 389485, 389920, 390199, 390416, 390754, 391139, 391454, 391889, 392168, 392385, 392723, 393108, 393423, 393858, 394137, 394354, 394692, 395077, 395392, 395827, 396106, 396323, 396661, 397046, 397361, 397796, 398075, 398292, 398630, 399015, 399330, 399765, 400044, 400261, 400599, 400984, 401299, 401734, 402013, 402230, 402568, 402953, 403268, 403703, 403982, 404199, 404537, 404922, 405237, 405672, 405951, 406168, 406506, 406891, 407206, 407641, 407920, 408137, 408475, 408860, 409175, 409610, 409889, 410106, 410444, 410829, 411144, 411579, 411858, 412075, 412413, 412798, 413113, 413548, 413827, 414044, 414382, 414767, 415082, 415517, 415796, 416013, 416351, 416736, 417051, 417486, 417765, 417982, 418320, 418705, 419020, 419455, 419734, 419951, 420289, 420674, 420989, 421424, 421703, 421920, 422258, 422643, 422958, 423393, 423672, 423889, 424227, 424612, 424927, 425362, 425641, 425858, 426196, 426581, 426896, 427331, 427610, 427827, 428165, 428550, 428865, 429300, 429579, 429796, 430134, 430519, 430834, 431269, 431548, 431765, 432103, 432488, 432803, 433238, 433517, 433734, 434072, 434457, 434772, 435207, 435486, 435703, 436041, 436426, 436741, 437176, 437455, 437672, 438010, 438395, 438710, 439145, 439424, 439641, 439979, 440364, 440679, 441114, 441393, 441610, 441948, 442333, 442648, 443083, 443362, 443579, 443917, 444302, 444617, 445052, 445331, 445548, 445886, 446271, 446586, 447021, 447300, 447517, 447855, 448240, 448555, 448990, 449269, 449486, 449824, 450209, 450524, 450959, 451238, 451455, 451793, 452178, 452493, 452928, 453207, 453424, 453762, 454147, 454462, 454897, 455176, 455393, 455731, 456116, 456431, 456866, 457145, 457362, 457700, 458085, 458400, 458835, 459114, 459331, 459669, 460054, 460369, 460804, 461083, 461300, 461638, 462023, 462338, 462773, 463052, 463269, 463607, 463992, 464307, 464742, 465021, 465238, 465576, 465961, 466276, 466711, 466990, 467207, 467545, 467930, 468245, 468680, 468959, 469176, 469514, 469899, 470214, 470649, 470928, 471145, 471483, 471868, 472183, 472618, 472897, 473114, 473452, 473837, 474152, 474603, 474882, 475099, 475437, 475822, 476137, 476572, 476851, 477068, 477431, 477816, 478131, 478566, 478845, 479062, 479400, 479785, 480100, 480535, 480814, 481031, 481369, 481754, 482069, 482504, 482783, 483000, 483338, 483723, 484038, 484473, 484752, 484969, 485307, 485692, 486007, 486442, 486721, 486938, 487276, 487661, 487976, 488411, 488690, 488907, 489245, 489630, 489945, 490380, 490659, 490876, 491214, 491599, 491914, 492349, 492628, 492845, 493183, 493568, 493883, 494318, 494597, 494814, 495152, 495537, 495852, 496287, 496566, 496783, 497121, 497506, 497821, 498256, 498535, 498752, 499867, 500252, 500567, 501002, 501281, 501498, 501836, 502221, 502536, 502971, 503250, 503467, 503805, 504190, 504505, 504940, 505219, 505436, 505774, 506159, 506474, 506909, 507188, 507405, 507743, 508128, 508443, 508878, 509157, 509374, 509712, 510097, 510412, 510847, 511126, 511343, 511681, 512066, 512381, 512816, 513095, 513312, 513650, 514035, 514350, 514785, 515064, 515281, 515619, 516004, 516319, 516754, 517033, 517250, 517588, 517973, 518288, 518723, 519002, 519219, 519557, 519942, 520257, 520692, 520971, 521188, 521526, 521911, 522226, 522661, 522940, 523157, 523495, 523880, 524195, 524630, 524909, 525126, 525464, 525849, 526164, 526599, 526878, 527095, 527433, 527818, 528133, 528568, 528847, 529064, 529402, 529787, 530102, 530537, 530816, 531033, 531371, 531756, 532071, 532506, 532785, 533002, 533340, 533725, 534040, 534475, 534754, 534971, 535309, 535694, 536009, 536444, 536723, 536940, 537278, 537663, 537978, 538413, 538692, 538909, 539247, 539632, 539947, 540382, 540661, 540878, 541216, 541601, 541916, 542351, 542630, 542847, 543185, 543570, 543885, 544320, 544599, 544816, 545154, 545539, 545854, 546289, 546568, 546785, 547123, 547508, 547823, 548258, 548537, 548754, 549528, 549913, 550228, 550663, 550942, 551159, 551497, 551882, 552197, 552632, 552911, 553128, 553466, 553851, 554166, 554601, 554880, 555097, 555435, 555820, 556135, 556570, 556849, 557066, 557404, 557789, 558104, 558539, 558818, 559035, 559373, 559758, 560073, 560508, 560787, 561004, 561342, 561727, 562042, 562477, 562756, 562973, 563311, 563696, 564011, 564446, 564725, 564942, 565280, 565665, 565980, 566415, 566694, 566911, 567249, 567634, 567949, 568384, 568663, 568880, 569218, 569603, 569918, 570353, 570632, 570849, 571187, 571572, 571887, 572322, 572601, 572818, 573156, 573541, 573856, 574291, 574570, 574787, 575125, 575510, 575825, 576260, 576539, 576756, 577094, 577479, 577794, 578229, 578508, 578725, 579063, 579448, 579763, 580198, 580545, 580762, 581100, 581485, 581800, 582235, 582514, 582731, 583069, 583454, 583769, 584204, 584483, 584700, 585038, 585423, 585738, 586173, 586452, 586669, 587023, 587408, 587723, 588158, 588437, 588654, 588992, 589377, 589692, 590127, 590406, 590623, 590986, 591371, 591686, 592121, 592400, 592617, 592955, 593340, 593655, 594090, 594369, 594586, 594924, 595309, 595624, 596059, 596338, 596555, 596893, 597278, 597593, 598028, 598307, 598524, 598862, 599247, 599562, 599997, 600276, 600493, 600831, 601216, 601531, 601966, 602245, 602462, 602800, 603185, 603500, 603935, 604214, 604431, 604769, 605154, 605469, 605904, 606183, 606400, 606738, 607123, 607438, 607873, 608152, 608369, 608707, 609092, 609407, 609842, 610121, 610338, 610676, 611061, 611376, 611811, 612090, 612307, 612645, 613030, 613345, 613780, 614059, 614276, 614614, 614999, 615314, 615749, 616028, 616245, 616583, 616968, 617283, 617718, 617997, 618214, 618552, 618937, 619252, 619687, 619966, 620183, 620521, 620906, 621221, 621656, 621935, 622152, 622490, 622875, 623190, 623625, 623904, 624121, 624459, 624844, 625159, 625594, 625873, 626090, 626428, 626813, 627128, 627563, 627842, 628059, 628397, 628782, 629097, 629532, 629811, 630028, 630366, 630751, 631066, 631501, 631780, 631997, 632335, 632720, 633035, 633470, 633749, 633966, 634304, 634689, 635004, 635439, 635718, 635935, 636273, 636658, 636973, 637408, 637687, 637904, 638242, 638627, 638942, 639377, 639656, 639873, 640211, 640596, 640911, 641346, 641625, 641842, 642180, 642565, 642880, 643315, 643594, 643811, 644149, 644534, 644849, 645284, 645563, 645780, 646118, 646503, 646818, 647253, 647532, 647749, 648087, 648472, 648787, 649222, 649501, 649718, 650056, 650441, 650756, 651191, 651470, 651687, 652025, 652410, 652725, 653160, 653439, 653656, 653994, 654379, 654694, 655129, 655408, 655625, 655963, 656348, 656663, 657098, 657377, 657594, 657932, 658317, 658632, 659067, 659346, 659563, 659901, 660286, 660601, 661036, 661315, 661532, 661870, 662255, 662570, 663005, 663284, 663501, 663839, 664224, 664539, 664974, 665253, 665470, 665808, 666193, 666508, 666943, 667222, 667439, 667777, 668162, 668477, 668912, 669191, 669408, 669746, 670131, 670446, 670881, 671160, 671377, 671715, 672100, 672415, 672850, 673129, 673346, 673684, 674069, 674384, 674819, 675098, 675315, 675653, 676038, 676353, 676788, 677067, 677284, 677622, 678007, 678322, 678757, 679036, 679253, 679591, 679976, 680291, 680726, 681005, 681222, 681560, 681945, 682260, 682695, 682974, 683191, 683529, 683914, 684229, 684664, 684943, 685160, 685498, 685883, 686198, 686633, 686912, 687129, 687467, 687852, 688167, 688602, 688881, 689098, 689436, 689821, 690136, 690571, 690850, 691067, 691405, 691790, 692105, 692540, 692819, 693036, 693374, 693759, 694074, 694509, 694788, 695005, 695343, 695728, 696043, 696478, 696757, 696974, 697312, 697697, 698012, 698463, 698742, 698959, 699297, 699682, 699997, 700432, 700711, 700928, 701266, 701651, 701966, 702401, 702680, 702897, 703235, 703620, 703935, 704370, 704649, 704866, 705204, 705589, 705904, 706339, 706618, 706835, 707173, 707558, 707873, 708308, 708587, 708804, 709142, 709527, 709842, 710277, 710556, 710773, 711555, 711940, 712255, 712690, 712969, 713186, 713524, 713909, 714224, 714659, 714938, 715155, 715493, 715878, 716193, 716628, 716907, 717124, 717462, 717847, 718162, 718597, 718876, 719093, 719431, 719816, 720131, 720566, 720845, 721062, 721400, 721785, 722100, 722535, 722814, 723031, 723369, 723754, 724069, 724504, 724783, 725000, 725338, 725723, 726038, 726473, 726752, 726969, 727307, 727692, 728007, 728442, 728721, 728938, 729276, 729661, 729976, 730411, 730690, 730907, 731245, 731630, 731945, 732380, 732659, 732876, 733214, 733599, 733914, 734349, 734628, 734845, 735183, 735568, 735883, 736318, 736597, 736814, 737152, 737537, 737852, 738287, 738566, 738783, 739121, 739506, 739821, 740256, 740535, 740752, 741090, 741475, 741790, 742225, 742504, 742721, 743059, 743444, 743759, 744194, 744473, 744690, 745028, 745413, 745728, 746163, 746442, 746659, 746997, 747382, 747697, 748132, 748411, 748628, 748966, 749351, 749666, 750101, 750380, 750597, 750935, 751320, 751635, 752070, 752349, 752566, 752904, 753289, 753604, 754039, 754318, 754535, 754873, 755258, 755573, 756008, 756287, 756504, 756842, 757227, 757542, 757977, 758256, 758473, 758811, 759196, 759511, 760036, 760421, 760736, 761261, 761646, 761961, 762486, 762871, 763186, 763711, 764096, 764411, 764936, 765321, 765636, 766161, 766546, 766861, 767386, 767771, 768086, 768611, 768996, 769311, 769836, 770221, 770536, 771061, 771446, 771761, 772286, 772671, 772986, 773511, 773896, 774211, 774736, 775121, 775436, 775961, 776346, 776661, 777186, 777571, 777886, 778411, 778796, 779111, 779636, 780021, 780336, 780861, 781246, 781561, 782086, 782471, 782786, 783311, 783696, 784011, 784536, 784921, 785236, 785761, 786146, 786461, 786986, 787371, 787686, 788211, 788596, 788911, 789436, 789821, 790136, 790661, 791046, 791361, 791886, 792271, 792586, 793111, 793496, 793811, 794336, 794721, 795036, 795561, 795946, 796261, 796786, 797171, 797486, 798011, 798396, 798711, 799236, 799621, 799936, 800461, 800846, 801161, 801686, 802071, 802386, 802911, 803296, 803611, 804136, 804521, 804836, 805361, 805746, 806061, 806586, 806971, 807286, 807811, 808196, 808511, 809052, 809437, 809752, 810277, 810662, 810977, 811502, 811887, 812202, 812727, 813112, 813427, 813952, 814337, 814652, 815177, 815562, 815877, 816402, 816787, 817102, 817627, 818012, 818327, 818852, 819237, 819552, 820077, 820462, 820777, 821302, 821687, 822002, 822527, 822912, 823227, 823752, 824137, 824452, 824977, 825362, 825677, 826202, 826587, 826902, 827427, 827812, 828127, 828652, 829037, 829352, 829877, 830262, 830577, 831102, 831487, 831802, 832327, 832712, 833027, 833552, 833937, 834252, 834777, 835162, 835477, 836002, 836387, 836702, 837227, 837612, 837927, 838452, 838837, 839152, 839677, 840062, 840377, 840902, 841287, 841602, 842127, 842512, 842827, 843352, 843737, 844052, 844577, 844962, 845277, 845802, 846187, 846502, 847027, 847412, 847727, 848252, 848637, 848952, 849477, 849862, 850177, 850702, 851087, 851402, 851927, 852312, 852627, 853152, 853537, 853852, 854377, 854762, 855077, 855602, 855987, 856302, 856827, 857212, 857527, 858052, 858437, 858752, 859277, 859662, 859977, 860962, 861347, 861662, 862187, 862572, 862887, 863412, 863797, 864112, 864637, 865022, 865337, 865862, 866247, 866562, 867087, 867472, 867787, 868312, 868697, 869012, 869537, 869922, 870237, 870762, 871147, 871462, 871987, 872372, 872687, 873212, 873597, 873912, 874437, 874822, 875137, 875662, 876047, 876362, 876887, 877272, 877587, 878112, 878497, 878812, 879337, 879722, 880037, 880562, 880947, 881262, 881787, 882172, 882487, 883012, 883397, 883712, 884237, 884622, 884937, 885462, 885847, 886162, 886687, 887072, 887387, 887912, 888297, 888612, 889137, 889522, 889837, 895604, 895959, 896627, 897134, 897688, 898708, 899342, 902153, 902468, 903058, 903448, 903843, 905825, 906124, 906684, 907064, 909351, 909650, 910210, 910590, 912877, 913176, 913736, 914116, 916403, 916702, 917262, 917642, 918844, 919251, 919584, 920139, 920546, 920879, 921434, 921841, 922174, 922729, 923136, 923469, 924024, 924431, 924764, 925319, 925726, 926059, 926614, 927021, 927354, 927909, 928316, 928649, 929204, 929611, 929944, 930499, 930906, 931239, 931794, 932201, 932534, 933089, 933496, 933829, 934384, 934791, 935124, 935679, 936086, 936419, 936974, 937381, 937714, 938269, 938676, 939009, 939564, 939971, 940304, 940859, 941266, 941599, 942154, 942561, 942894, 943449, 943856, 944189, 944744, 945151, 945484, 946039, 946446, 946779, 947334, 947741, 948074, 948629, 949036, 949369, 949924, 950331, 950664, 951219, 951626, 951959, 952514, 952921, 953254, 953809, 954216, 954549, 955104, 955511, 955844, 956399, 956806, 957139, 957694, 958101, 958434, 958989, 959396, 959729, 960284, 960691, 961024, 961579, 961986, 962319, 962874, 963281, 963614, 964169, 964576, 964909, 965464, 965871, 966204, 966759, 967166, 967499, 968054, 968461, 968794, 969349, 969756, 970089, 970644, 971051, 971384, 971939, 972346, 972679, 973234, 973641, 973974, 974529, 974936, 975269, 975824, 976231, 976564, 977119, 977526, 977859, 978414, 978821, 979154, 979709, 980116, 980449, 981004, 981411, 981744, 982299, 982706, 983039, 983594, 984001, 984334, 984889, 985296, 985629, 986184, 986591, 986924, 987479, 987886, 988219, 988774, 989181, 989514, 990069, 990476, 990809, 991364, 991771, 992104, 992659, 993066, 993399, 993954, 994361, 994694, 995249, 995656, 995989, 996537, 996933, 997257, 997797, 998193, 998517, 999057, 999453, 999777, 1000317, 1000713, 1001037, 1001577, 1001973, 1002297, 1002837, 1003233, 1003557, 1004097, 1004493, 1004817, 1005357, 1005753, 1006077, 1006617, 1007013, 1007337, 1007877, 1008273, 1008597, 1009137, 1009533, 1009857, 1010397, 1010793, 1011117, 1011657, 1012053, 1012377, 1012917, 1013313, 1013637, 1014177, 1014573, 1014897, 1015437, 1015833, 1016157, 1016697, 1017093, 1017417, 1017957, 1018353, 1018677, 1019217, 1019613, 1019937, 1020477, 1020873, 1021197, 1021737, 1022133, 1022457, 1022997, 1023393, 1023717, 1024257, 1024653, 1024977, 1025517, 1025913, 1026237, 1027935, 1028217, 1030192, 1030474, 1032449, 1032731, 1033548, 1033944, 1034268, 1034808, 1035204, 1035528, 1036068, 1036464, 1036788, 1037328, 1037724, 1038048, 1038491, 1038770, 1038987, 1039235, 1039514, 1039731, 1039979, 1040258, 1040475, 1040820, 1041216, 1041540, 1042080, 1042476, 1042800, 1043340, 1043736, 1044060, 1044600, 1044996, 1045320, 1045763, 1046042, 1046259, 1046507, 1046786, 1047003, 1047251, 1047530, 1047747, 1048092, 1048488, 1048812, 1049352, 1049748, 1050072, 1050612, 1051008, 1051332, 1051872, 1052268, 1052592, 1053035, 1053314, 1053531, 1053779, 1054058, 1054275, 1054523, 1054802, 1055019, 1055364, 1055760, 1056084, 1056624, 1057020, 1057344, 1057884, 1058280, 1058604, 1059144, 1059540, 1059864, 1060307, 1060586, 1060803, 1061051, 1061330, 1061547, 1061795, 1062074, 1062291, 1062636, 1063032, 1063356, 1063896, 1064292, 1064616, 1065156, 1065552, 1065876, 1066416, 1066812, 1067136, 1067579, 1067858, 1068075, 1068323, 1068602, 1068819, 1069067, 1069346, 1069563, 1069908, 1070304, 1070628, 1071168, 1071564, 1071888, 1072428, 1072824, 1073148, 1073688, 1074084, 1074408, 1074851, 1075130, 1075347, 1075595, 1075874, 1076091, 1076339, 1076618, 1076835, 1077180, 1077576, 1077900, 1078440, 1078836, 1079160, 1079700, 1080096, 1080420, 1080960, 1081356, 1081680, 1082123, 1082402, 1082619, 1082867, 1083146, 1083363, 1083611, 1083890, 1084107, 1084452, 1084848, 1085172, 1085712, 1086108, 1086432, 1086972, 1087368, 1087692, 1088232, 1088628, 1088952, 1089395, 1089674, 1089891, 1090139, 1090418, 1090635, 1090883, 1091162, 1091379, 1091724, 1092120, 1092444, 1092984, 1093380, 1093704, 1094244, 1094640, 1094964, 1095504, 1095900, 1096224, 1096667, 1096946, 1097163, 1097411, 1097690, 1097907, 1098155, 1098434, 1098651, 1098996, 1099392, 1099716, 1100256, 1100652, 1100976, 1101516, 1101912, 1102236, 1102776, 1103172, 1103496, 1103939, 1104218, 1104435, 1104683, 1104962, 1105179, 1105427, 1105706, 1105923, 1106268, 1106664, 1106988, 1107528, 1107924, 1108248, 1108788, 1109184, 1109508, 1110048, 1110444, 1110768, 1111211, 1111490, 1111707, 1111955, 1112234, 1112451, 1112699, 1112978, 1113195, 1113540, 1113936, 1114260, 1114800, 1115196, 1115520, 1116060, 1116456, 1116780, 1117320, 1117716, 1118040, 1118483, 1118762, 1118979, 1119227, 1119506, 1119723, 1119971, 1120250, 1120467, 1120812, 1121208, 1121532, 1122072, 1122468, 1122792, 1123332, 1123728, 1124052, 1124592, 1124988, 1125312, 1125755, 1126034, 1126251, 1126499, 1126778, 1126995, 1127243, 1127522, 1127739, 1128084, 1128480, 1128804, 1129344, 1129740, 1130064, 1130604, 1131000, 1131324, 1131864, 1132260, 1132584, 1133027, 1133306, 1133523, 1133771, 1134050, 1134267, 1134515, 1134794, 1135011, 1135356, 1135752, 1136076, 1136616, 1137012, 1137336, 1137876, 1138272, 1138596, 1139136, 1139532, 1139856, 1140299, 1140578, 1140795, 1141043, 1141322, 1141539, 1141787, 1142066, 1142283, 1142628, 1143024, 1143348, 1143888, 1144284, 1144608, 1145148, 1145544, 1145868, 1146408, 1146804, 1147128, 1147571, 1147850, 1148067, 1148315, 1148594, 1148811, 1149059, 1149338, 1149555, 1149900, 1150296, 1150620, 1151160, 1151556, 1151880, 1152420, 1152816, 1153140, 1153680, 1154076, 1154400, 1154843, 1155122, 1155339, 1155587, 1155866, 1156083, 1156331, 1156610, 1156827, 1157172, 1157568, 1157892, 1158432, 1158828, 1159152, 1159692, 1160088, 1160412, 1160952, 1161348, 1161672, 1162115, 1162394, 1162611, 1162859, 1163138, 1163355, 1163603, 1163882, 1164099, 1164444, 1164840, 1165164, 1165704, 1166100, 1166424, 1166964, 1167360, 1167684, 1168224, 1168620, 1168944, 1169387, 1169666, 1169883, 1170131, 1170410, 1170627, 1170875, 1171154, 1171371, 1171716, 1172112, 1172436, 1172976, 1173372, 1173696, 1174236, 1174632, 1174956, 1175496, 1175892, 1176216, 1176659, 1176938, 1177155, 1177403, 1177682, 1177899, 1178147, 1178426, 1178643, 1185107, 1185453, 1186104, 1186598, 1187138, 1188132, 1188750, 1191556, 1191863, 1192438, 1192818, 1193203, 1195174, 1195473, 1196033, 1196413, 1198227, 1198634, 1198967, 1200643, 1200950, 1201525, 1201915, 1204869, 1205176, 1205751, 1206141, 1207974, 1208381, 1208714, 1209269, 1209676, 1210009, 1210564, 1210971, 1211304, 1211866, 1212284, 1212626, 1213189, 1213596, 1213929, 1214484, 1214891, 1215224, 1215779, 1216186, 1216519, 1217074, 1217481, 1217814, 1218369, 1218776, 1219109, 1219664, 1220071, 1220404, 1220959, 1221366, 1221699, 1222254, 1222661, 1222994, 1223549, 1223956, 1224289, 1224851, 1225269, 1225611, 1226174, 1226581, 1226914, 1227469, 1227876, 1228209, 1228764, 1229171, 1229504, 1230066, 1230484, 1230826, 1231396, 1231814, 1232156, 1232719, 1233126, 1233459, 1239108, 1239454, 1240105, 1240599, 1241139, 1242133, 1242751, 1245557, 1245864, 1246439, 1246819, 1247204, 1249175, 1249474, 1250034, 1250414, 1252228, 1252635, 1252968, 1253523, 1253930, 1254263, 1254818, 1255225, 1255558, 1256113, 1256520, 1256853, 1257408, 1257815, 1258148, 1263527, 1263873, 1264524, 1265018, 1265558, 1266552, 1267170, 1269926, 1270233, 1270808, 1271188, 1271573, 1273508, 1273799, 1274344, 1274714, 1276502, 1276898, 1277222, 1278818, 1279109, 1279654, 1280024, 1281812, 1282208, 1282532, 1283072, 1283468, 1283792, 1284332, 1284728, 1285052, 1285592, 1285988, 1286312, 1286852, 1287248, 1287572, 1293107, 1293453, 1294104, 1294598, 1295138, 1296132, 1296750, 1299556, 1299863, 1300438, 1300818, 1301203, 1303174, 1303473, 1304033, 1304413, 1311099, 1311445, 1312096, 1312590, 1313130, 1314124, 1314742, 1317498, 1317805, 1318380, 1318760, 1319145, 1321152, 1321459, 1322034, 1322424, 1324257, 1324664, 1324997, 1325552, 1325959, 1326292, 1326854, 1327272, 1327614, 1333097, 1333443, 1334094, 1334588, 1335128, 1336122, 1336740, 1339496, 1339803, 1340378, 1340758, 1341143, 1343114, 1343413, 1343973, 1344353, 1345555, 1345962, 1346295, 1346850, 1347257, 1347590, 1352701, 1353047, 1353698, 1354192, 1354732, 1355726, 1356344, 1359100, 1359407, 1359982, 1360362, 1360747, 1362682, 1362973, 1363518, 1363888, 1365676, 1366072, 1366396, 1366936, 1367332, 1367656, 1368196, 1368592, 1368916, 1370512, 1370803, 1371348, 1371718, 1373506, 1373902, 1374226, 1374766, 1375162, 1375486, 1376026, 1376422, 1376746, 1377286, 1377682, 1378006, 1378546, 1378942, 1379266, 1379806, 1380202, 1380526, 1381066, 1381462, 1381786, 1382326, 1382722, 1383046, 1383586, 1383982, 1384306, 1384846, 1385242, 1385566, 1386106, 1386502, 1386826, 1387366, 1387762, 1388086, 1388626, 1389022, 1389346, 1389886, 1390282, 1390606, 1391146, 1391542, 1391866, 1392406, 1392802, 1393126, 1398391, 1398737, 1399388, 1399882, 1400422, 1401416, 1402034, 1404790, 1405097, 1405672, 1406052, 1406437, 1408408, 1408707, 1409267, 1409647, 1410849, 1411256, 1411589, 1412204, 1412611, 1412944, 1418209, 1418555, 1419206, 1419700, 1420240, 1421234, 1421852, 1424608, 1424915, 1425490, 1425870, 1426255, 1428118, 1428393, 1428908, 1429258, 1430382, 1430756, 1431062, 1431565, 1431928, 1432225, 1432727, 1433101, 1433407, 1433910, 1434273, 1434570]"
"('StoreFile.java', 'org.apache.hadoop.hbase.regionserver.StoreFile', 'isHFile', '^([0-9a-f]+(?:_SeqId_[0-9]+_)?)', 'b198bcbf48a64e1bbcb56a795143a269')","[104450, 104503]"
"('Description.java', 'org.junit.runner.Description', 'methodAndClassNamePatternGroupOrDefault', '([\\s\\S]*)\\((.*)\\)', 'testDegenerateAdd2(com.salesforce.phoenix.compile.WhereClauseOptimizerTest)')","[21115, 59292]"
"('Description.java', 'org.junit.runner.Description', 'methodAndClassNamePatternGroupOrDefault', '([\\s\\S]*)\\((.*)\\)', 'com.salesforce.phoenix.end2end.NativeHBaseTypesTest')",[35868]
"('Description.java', 'org.junit.runner.Description', 'methodAndClassNamePatternGroupOrDefault', '([\\s\\S]*)\\((.*)\\)', 'testCompoundIndexKey(com.salesforce.phoenix.end2end.index.MutableIndexTest)')","[27956, 65782]"
"('Description.java', 'org.junit.runner.Description', 'methodAndClassNamePatternGroupOrDefault', '([\\s\\S]*)\\((.*)\\)', 'testValueComparisonInt(com.salesforce.phoenix.compile.WhereClauseOptimizerTest)')","[20569, 58720]"
"('Description.java', 'org.junit.runner.Description', 'methodAndClassNamePatternGroupOrDefault', '([\\s\\S]*)\\((.*)\\)', 'testDistinctGroupedAggregation[](com.salesforce.phoenix.end2end.QueryTest)')","[13923, 52312]"
"('Description.java', 'org.junit.runner.Description', 'methodAndClassNamePatternGroupOrDefault', '([\\s\\S]*)\\((.*)\\)', 'testKeyRangeExpression4(com.salesforce.phoenix.compile.WhereClauseOptimizerTest)')","[20380, 58522]"
"('Description.java', 'org.junit.runner.Description', 'methodAndClassNamePatternGroupOrDefault', '([\\s\\S]*)\\((.*)\\)', 'test[ScanRanges[[[a, b], [1, 2], [A, [C - D], G]]] [a1I - a2A)](com.salesforce.phoenix.compile.ScanRangesTest)')","[3041, 42077]"
"('Description.java', 'org.junit.runner.Description', 'methodAndClassNamePatternGroupOrDefault', '([\\s\\S]*)\\((.*)\\)', 'testUpperBoundRangeScan[CREATE INDEX ATABLE_IDX ON aTable (a_integer DESC) INCLUDE (    A_STRING,     B_STRING,     A_DATE)](com.salesforce.phoenix.end2end.QueryTest)')","[4775, 43227]"
"('Description.java', 'org.junit.runner.Description', 'methodAndClassNamePatternGroupOrDefault', '([\\s\\S]*)\\((.*)\\)', 'testCountIsNotNull[CREATE INDEX ATABLE_IDX ON aTable (a_integer DESC) INCLUDE (    A_STRING,     B_STRING,     A_DATE)](com.salesforce.phoenix.end2end.QueryTest)')","[6569, 45021]"
"('Description.java', 'org.junit.runner.Description', 'methodAndClassNamePatternGroupOrDefault', '([\\s\\S]*)\\((.*)\\)', 'testUpsert(com.salesforce.phoenix.end2end.DynamicUpsertTest)')","[27273, 65166]"
"('Description.java', 'org.junit.runner.Description', 'methodAndClassNamePatternGroupOrDefault', '([\\s\\S]*)\\((.*)\\)', 'testRangeQuery3(com.salesforce.phoenix.end2end.NativeHBaseTypesTest)')","[35931, 73460]"
"('Description.java', 'org.junit.runner.Description', 'methodAndClassNamePatternGroupOrDefault', '([\\s\\S]*)\\((.*)\\)', 'testLeftJoinWithPreFilters[[Ljava.lang.String;@1249ffc3](com.salesforce.phoenix.end2end.HashJoinTest)')","[14996, 53324]"
"('HFileLink.java', 'org.apache.hadoop.hbase.io.HFileLink', 'isHFileLink', '^((?:[a-zA-Z_0-9][a-zA-Z_0-9.-]*))=((?:[a-f0-9]+))-([0-9a-f]+(?:_SeqId_[0-9]+_)?)$', '9957f567b057408382eb92c0048b1f84')","[892099, 892161, 892285, 892299]"
"('Description.java', 'org.junit.runner.Description', 'methodAndClassNamePatternGroupOrDefault', '([\\s\\S]*)\\((.*)\\)', 'com.salesforce.phoenix.end2end.SkipRangeParallelIteratorRegionSplitterTest')",[3808]
"('Description.java', 'org.junit.runner.Description', 'methodAndClassNamePatternGroupOrDefault', '([\\s\\S]*)\\((.*)\\)', 'testAlterTableWithVarBinaryKey(com.salesforce.phoenix.end2end.AlterTableTest)')","[26403, 64374]"
"('Description.java', 'org.junit.runner.Description', 'methodAndClassNamePatternGroupOrDefault', '([\\s\\S]*)\\((.*)\\)', 'test[ScanRanges[[[b], [2], [C]]] [b0Y - b0Z]](com.salesforce.phoenix.compile.ScanRangesTest)')","[2689, 41893]"
"('Description.java', 'org.junit.runner.Description', 'methodAndClassNamePatternGroupOrDefault', '([\\s\\S]*)\\((.*)\\)', 'com.salesforce.phoenix.end2end.FunkyNamesTest')",[32488]
"('Description.java', 'org.junit.runner.Description', 'methodAndClassNamePatternGroupOrDefault', '([\\s\\S]*)\\((.*)\\)', 'testMultipleNonEqualitiesPkColumn(com.salesforce.phoenix.compile.WhereClauseOptimizerTest)')","[20044, 58170]"
"('StoreFile.java', 'org.apache.hadoop.hbase.regionserver.StoreFile', 'isReference', '^([0-9a-f]+(?:_SeqId_[0-9]+_)?|(?:[a-zA-Z_0-9][a-zA-Z_0-9.-]*)=(?:[a-f0-9]+)-[0-9a-f]+(?:_SeqId_[0-9]+_)?)\\.(.+)$', 'ea2502200ece4ec29045721a861c9d37')","[1306322, 1306375]"
"('Description.java', 'org.junit.runner.Description', 'methodAndClassNamePatternGroupOrDefault', '([\\s\\S]*)\\((.*)\\)', 'testScanUri(com.salesforce.phoenix.end2end.GroupByCaseTest)')","[30778, 68400]"
"('Description.java', 'org.junit.runner.Description', 'methodAndClassNamePatternGroupOrDefault', '([\\s\\S]*)\\((.*)\\)', 'testExceptionCode(com.salesforce.phoenix.schema.SchemaUtilTest)')","[38343, 75748]"
"('Description.java', 'org.junit.runner.Description', 'methodAndClassNamePatternGroupOrDefault', '([\\s\\S]*)\\((.*)\\)', 'testQueryMoreFunctionalityUsingAllPKColsInRowValueConstructor_Salted(com.salesforce.phoenix.end2end.RowValueConstructorTest)')","[24413, 62548]"
"('Description.java', 'org.junit.runner.Description', 'methodAndClassNamePatternGroupOrDefault', '([\\s\\S]*)\\((.*)\\)', 'testDropAllKVCols(com.salesforce.phoenix.end2end.QueryDatabaseMetaDataTest)')","[27439, 65320]"
"('Description.java', 'org.junit.runner.Description', 'methodAndClassNamePatternGroupOrDefault', '([\\s\\S]*)\\((.*)\\)', 'testSingleByteReverseAscending(com.salesforce.phoenix.end2end.ReverseFunctionTest)')","[27046, 64968]"
"('Description.java', 'org.junit.runner.Description', 'methodAndClassNamePatternGroupOrDefault', '([\\s\\S]*)\\((.*)\\)', '[[[[a - b]], [[1 - 2]], [[A - B]]] [I@38f52df8 [B@689d11fe LOWER {4}]')",[101]
"('Description.java', 'org.junit.runner.Description', 'methodAndClassNamePatternGroupOrDefault', '([\\s\\S]*)\\((.*)\\)', 'havingSumDescCompositePK(com.salesforce.phoenix.end2end.DescColumnSortOrderTest)')","[29051, 66750]"
"('StoreFile.java', 'org.apache.hadoop.hbase.regionserver.StoreFile', 'isHFile', '^([0-9a-f]+(?:_SeqId_[0-9]+_)?)', 'b0d74d3f04494ae59aa34d03f0e27590')","[1288231, 1288284]"
"('Description.java', 'org.junit.runner.Description', 'methodAndClassNamePatternGroupOrDefault', '([\\s\\S]*)\\((.*)\\)', 'testTrueFilter(com.salesforce.phoenix.compile.WhereClauseCompileTest)')","[23961, 62174]"
"('Description.java', 'org.junit.runner.Description', 'methodAndClassNamePatternGroupOrDefault', '([\\s\\S]*)\\((.*)\\)', 'testForUnSignedLongArray(com.salesforce.phoenix.schema.PDataTypeForArraysTest)')","[37385, 74824]"
"('Description.java', 'org.junit.runner.Description', 'methodAndClassNamePatternGroupOrDefault', '([\\s\\S]*)\\((.*)\\)', 'testOneInListStatement[](com.salesforce.phoenix.end2end.QueryTest)')","[12060, 50449]"
"('Description.java', 'org.junit.runner.Description', 'methodAndClassNamePatternGroupOrDefault', '([\\s\\S]*)\\((.*)\\)', 'testNegativeAgainstUnsignedNone(com.salesforce.phoenix.end2end.NativeHBaseTypesTest)')","[36015, 73548]"
"('Description.java', 'org.junit.runner.Description', 'methodAndClassNamePatternGroupOrDefault', '([\\s\\S]*)\\((.*)\\)', 'testIndexDefinitionWithNullableFixedWidthColInPK(com.salesforce.phoenix.end2end.index.IndexMetadataTest)')","[28370, 66156]"
"('StoreFile.java', 'org.apache.hadoop.hbase.regionserver.StoreFile', 'isHFile', '^([0-9a-f]+(?:_SeqId_[0-9]+_)?)', '72f3d4d7d9de49d7a6ddcb63ee52e3ce')","[1289786, 1289848, 1289972]"
"('Description.java', 'org.junit.runner.Description', 'methodAndClassNamePatternGroupOrDefault', '([\\s\\S]*)\\((.*)\\)', 'testPercentileDesc(com.salesforce.phoenix.end2end.PercentileTest)')","[30425, 68070]"
"('StoreFile.java', 'org.apache.hadoop.hbase.regionserver.StoreFile', 'isReference', '^([0-9a-f]+(?:_SeqId_[0-9]+_)?|(?:[a-zA-Z_0-9][a-zA-Z_0-9.-]*)=(?:[a-f0-9]+)-[0-9a-f]+(?:_SeqId_[0-9]+_)?)\\.(.+)$', 'b3d0af3a57ff4d0381f515b2aa7d2579')","[1287896, 1287949]"
"('Description.java', 'org.junit.runner.Description', 'methodAndClassNamePatternGroupOrDefault', '([\\s\\S]*)\\((.*)\\)', 'testInListWithAnd2Filter(com.salesforce.phoenix.compile.WhereClauseCompileTest)')","[23751, 61954]"
"('Description.java', 'org.junit.runner.Description', 'methodAndClassNamePatternGroupOrDefault', '([\\s\\S]*)\\((.*)\\)', 'testUnknownColumnInPKConstraint(com.salesforce.phoenix.compile.QueryCompileTest)')","[23144, 61338]"
"('Description.java', 'org.junit.runner.Description', 'methodAndClassNamePatternGroupOrDefault', '([\\s\\S]*)\\((.*)\\)', 'testDeleteFilterAutoCommit(com.salesforce.phoenix.end2end.DeleteTest)')","[32675, 70248]"
"('KerberosName.java', 'org.apache.hadoop.security.KerberosName', '<init>', '([^/@]*)(/([^/@]*))?@([^/@]*)', 'pwang7.hfs.1')","[105616, 105765, 193506, 286845, 474448, 548863, 586778, 698308, 808807, 860309]"
"('Description.java', 'org.junit.runner.Description', 'methodAndClassNamePatternGroupOrDefault', '([\\s\\S]*)\\((.*)\\)', 'testDecimalUpsertValue(com.salesforce.phoenix.end2end.ArithmeticQueryTest)')","[32988, 70556]"
"('StoreFile.java', 'org.apache.hadoop.hbase.regionserver.StoreFile', 'isHFile', '^([0-9a-f]+(?:_SeqId_[0-9]+_)?)', '9ecb9c0bc55447468f6c7d26a65f1aed')","[1234020, 1234073]"
"('Description.java', 'org.junit.runner.Description', 'methodAndClassNamePatternGroupOrDefault', '([\\s\\S]*)\\((.*)\\)', 'testPointInTimeGroupedAggregation[CREATE INDEX ATABLE_IDX ON aTable (a_integer) INCLUDE (    A_STRING,     B_STRING,     A_DATE)](com.salesforce.phoenix.end2end.QueryTest)')","[9371, 47781]"
"('Description.java', 'org.junit.runner.Description', 'methodAndClassNamePatternGroupOrDefault', '([\\s\\S]*)\\((.*)\\)', 'test[ScanRanges[[[b], [1], [B]]] b1A](com.salesforce.phoenix.compile.ScanRangesTest)')","[2425, 41755]"
"('Description.java', 'org.junit.runner.Description', 'methodAndClassNamePatternGroupOrDefault', '([\\s\\S]*)\\((.*)\\)', 'testParsingStatementWithExtraToken(com.salesforce.phoenix.parse.QueryParserTest)')","[16704, 54870]"
"('Description.java', 'org.junit.runner.Description', 'methodAndClassNamePatternGroupOrDefault', '([\\s\\S]*)\\((.*)\\)', 'testOrderByNotDroppedCompositeKey(com.salesforce.phoenix.compile.QueryOptimizerTest)')","[19227, 57334]"
"('Description.java', 'org.junit.runner.Description', 'methodAndClassNamePatternGroupOrDefault', '([\\s\\S]*)\\((.*)\\)', 'testJoinWithDifferentNumericJoinKeyTypes[[Ljava.lang.String;@1249ffc3](com.salesforce.phoenix.end2end.HashJoinTest)')","[14927, 53255]"
"('Description.java', 'org.junit.runner.Description', 'methodAndClassNamePatternGroupOrDefault', '([\\s\\S]*)\\((.*)\\)', 'testOrderByNonAggregation(com.salesforce.phoenix.end2end.ProductMetricsTest)')","[33952, 71546]"
"('StoreFile.java', 'org.apache.hadoop.hbase.regionserver.StoreFile', 'isReference', '^([0-9a-f]+(?:_SeqId_[0-9]+_)?|(?:[a-zA-Z_0-9][a-zA-Z_0-9.-]*)=(?:[a-f0-9]+)-[0-9a-f]+(?:_SeqId_[0-9]+_)?)\\.(.+)$', '95c95caf67e040d5b131ffab4a0388f1')","[287614, 287653]"
"('Description.java', 'org.junit.runner.Description', 'methodAndClassNamePatternGroupOrDefault', '([\\s\\S]*)\\((.*)\\)', 'testDecimalSubtraction2Expression[CREATE INDEX ATABLE_IDX ON aTable (a_integer) INCLUDE (    A_STRING,     B_STRING,     A_DATE)](com.salesforce.phoenix.end2end.QueryTest)')","[10797, 49207]"
"('Description.java', 'org.junit.runner.Description', 'methodAndClassNamePatternGroupOrDefault', '([\\s\\S]*)\\((.*)\\)', 'test[ScanRanges[[[(\\x01 - \\x01)], [(\\x01 - \\x01)], [(\\x01 - \\x01)]]] b2A](com.salesforce.phoenix.compile.ScanRangesTest)')","[3261, 42192]"
"('StoreFile.java', 'org.apache.hadoop.hbase.regionserver.StoreFile', 'isReference', '^([0-9a-f]+(?:_SeqId_[0-9]+_)?|(?:[a-zA-Z_0-9][a-zA-Z_0-9.-]*)=(?:[a-f0-9]+)-[0-9a-f]+(?:_SeqId_[0-9]+_)?)\\.(.+)$', '5c77b97569e64033bf9fb36cb234d10c')","[1393556, 1393609]"
"('Description.java', 'org.junit.runner.Description', 'methodAndClassNamePatternGroupOrDefault', '([\\s\\S]*)\\((.*)\\)', 'testCombiningRVCUsingOr2(com.salesforce.phoenix.compile.WhereClauseOptimizerTest)')","[20002, 58126]"
"('Description.java', 'org.junit.runner.Description', 'methodAndClassNamePatternGroupOrDefault', '([\\s\\S]*)\\((.*)\\)', 'testNotEqualsByFloat[CREATE INDEX ATABLE_IDX ON aTable (a_integer DESC) INCLUDE (    A_STRING,     B_STRING,     A_DATE)](com.salesforce.phoenix.end2end.QueryTest)')","[5189, 43641]"
"('HFileLink.java', 'org.apache.hadoop.hbase.io.HFileLink', 'isHFileLink', '^((?:[a-zA-Z_0-9][a-zA-Z_0-9.-]*))=((?:[a-f0-9]+))-([0-9a-f]+(?:_SeqId_[0-9]+_)?)$', 'ceacf678e9af42e6931aae9e9e3fbd10')","[1288090, 1288143]"
"('HFileLink.java', 'org.apache.hadoop.hbase.io.HFileLink', 'isHFileLink', '^((?:[a-zA-Z_0-9][a-zA-Z_0-9.-]*))=((?:[a-f0-9]+))-([0-9a-f]+(?:_SeqId_[0-9]+_)?)$', 'd9dc67861dcb438f9f955e3824bc7d39')","[104097, 104150]"
"('Description.java', 'org.junit.runner.Description', 'methodAndClassNamePatternGroupOrDefault', '([\\s\\S]*)\\((.*)\\)', 'testNegative1(com.salesforce.phoenix.parse.QueryParserTest)')","[16431, 54584]"
"('Description.java', 'org.junit.runner.Description', 'methodAndClassNamePatternGroupOrDefault', '([\\s\\S]*)\\((.*)\\)', 'testCombiningRVCWithNonRVCUsingOr(com.salesforce.phoenix.compile.WhereClauseOptimizerTest)')","[20884, 59050]"
"('Description.java', 'org.junit.runner.Description', 'methodAndClassNamePatternGroupOrDefault', '([\\s\\S]*)\\((.*)\\)', 'testDistinctCountOn2Columns(com.salesforce.phoenix.end2end.DistinctCountTest)')","[35078, 72646]"
"('Description.java', 'org.junit.runner.Description', 'methodAndClassNamePatternGroupOrDefault', '([\\s\\S]*)\\((.*)\\)', 'testDeleteAllFromTableWithIndexNoAutoCommitNoSalting(com.salesforce.phoenix.end2end.DeleteTest)')","[32780, 70358]"
"('Description.java', 'org.junit.runner.Description', 'methodAndClassNamePatternGroupOrDefault', '([\\s\\S]*)\\((.*)\\)', 'testCount(com.salesforce.phoenix.end2end.GroupByCaseTest)')","[30736, 68356]"
"('Description.java', 'org.junit.runner.Description', 'methodAndClassNamePatternGroupOrDefault', '([\\s\\S]*)\\((.*)\\)', 'testSameMultipleSequenceValues(com.salesforce.phoenix.end2end.SequenceTest)')","[29845, 67542]"
"('Description.java', 'org.junit.runner.Description', 'methodAndClassNamePatternGroupOrDefault', '([\\s\\S]*)\\((.*)\\)', 'testMultipleConcurrentGroupsUpdated(com.salesforce.hbase.index.covered.example.TestEndToEndCoveredIndexing)')","[39434, 76672]"
"('Description.java', 'org.junit.runner.Description', 'methodAndClassNamePatternGroupOrDefault', '([\\s\\S]*)\\((.*)\\)', 'testIndexWithNullableFixedWithCols(com.salesforce.phoenix.end2end.index.ImmutableIndexTest)')","[28162, 65958]"
"('Description.java', 'org.junit.runner.Description', 'methodAndClassNamePatternGroupOrDefault', '([\\s\\S]*)\\((.*)\\)', 'testUpsertSelectOnSameSaltedTableWithEmptyPKColumn(com.salesforce.phoenix.end2end.salted.SaltedTableUpsertSelectTest)')","[25165, 63296]"
"('Description.java', 'org.junit.runner.Description', 'methodAndClassNamePatternGroupOrDefault', '([\\s\\S]*)\\((.*)\\)', 'testDistinctUngroupedAggregation[CREATE INDEX ATABLE_IDX ON aTable (a_integer, a_string) INCLUDE (    B_STRING,     A_DATE)](com.salesforce.phoenix.end2end.QueryTest)')","[7372, 45803]"
"('Description.java', 'org.junit.runner.Description', 'methodAndClassNamePatternGroupOrDefault', '([\\s\\S]*)\\((.*)\\)', 'testDecimalSubtraction1Expression[CREATE INDEX ATABLE_IDX ON aTable (a_integer) INCLUDE (    A_STRING,     B_STRING,     A_DATE)](com.salesforce.phoenix.end2end.QueryTest)')","[9394, 47804]"
"('LikeExpression.java', 'com.salesforce.phoenix.expression.LikeExpression', 'evaluate', '\\Q00A2\\E.*\\Q\\E', '00A2')",[1411905]
"('Description.java', 'org.junit.runner.Description', 'methodAndClassNamePatternGroupOrDefault', '([\\s\\S]*)\\((.*)\\)', '[ScanRanges[[[a], [1], [[D - E]]]] (* - a1D]]')",[3458]
"('Description.java', 'org.junit.runner.Description', 'methodAndClassNamePatternGroupOrDefault', '([\\s\\S]*)\\((.*)\\)', 'testPercentileDiscOnDescPKColumn(com.salesforce.phoenix.end2end.PercentileTest)')","[30362, 68004]"
"('RegionCoprocessorHost.java', 'org.apache.hadoop.hbase.regionserver.RegionCoprocessorHost', 'loadTableCoprocessors', '(^[^\\|]*)\\|([^\\|]+)\\|[\\s]*([\\d]*)[\\s]*(\\|.*)?$', '|com.salesforce.phoenix.coprocessor.UngroupedAggregateRegionObserver|1|')","[86696, 87102, 90876, 94467, 94501, 94603, 94841, 95164, 95198, 95453, 113811, 114199, 117960, 121398, 121670, 121806, 122010, 124316, 287110, 287314, 337196, 499146, 499350, 549101, 711055, 711259, 860462, 860666, 900281, 900669, 904430, 907956, 911482, 915008, 918534, 1028714, 1030971, 1033228, 1189721, 1190108, 1193779, 1197305, 1197509, 1197713, 1197917, 1202826, 1203030, 1203234, 1203438, 1207137, 1207290, 1207460, 1207664, 1243722, 1244109, 1247780, 1251306, 1251493, 1251714, 1251918, 1268091, 1268478, 1272149, 1275587, 1275791, 1275995, 1276199, 1280897, 1281101, 1281305, 1281509, 1297721, 1298108, 1301779, 1305305, 1305509, 1305713, 1305917, 1315663, 1316050, 1319721, 1323335, 1323539, 1323743, 1323947, 1337661, 1338048, 1341719, 1345245, 1357265, 1357652, 1361323, 1364846, 1365050, 1365118, 1365373, 1372591, 1372795, 1372999, 1373203, 1402955, 1403342, 1407013, 1410539, 1422773, 1423160, 1426831, 1430093]"
"('Description.java', 'org.junit.runner.Description', 'methodAndClassNamePatternGroupOrDefault', '([\\s\\S]*)\\((.*)\\)', 'testRowValueConstructorOnRHSWithBuiltInFunctionOperatingOnColumnRefOnLHS(com.salesforce.phoenix.end2end.RowValueConstructorTest)')","[24476, 62614]"
"('Description.java', 'org.junit.runner.Description', 'methodAndClassNamePatternGroupOrDefault', '([\\s\\S]*)\\((.*)\\)', 'testDoubleAddExpression[CREATE INDEX ATABLE_IDX ON aTable (a_integer) INCLUDE (    A_STRING,     B_STRING,     A_DATE)](com.salesforce.phoenix.end2end.QueryTest)')","[10682, 49092]"
"('HTableDescriptor.java', 'org.apache.hadoop.hbase.HTableDescriptor', 'hasCoprocessor', '^coprocessor\\$([0-9]+)$', 'IS_META')","[80314, 80434, 80746, 80946, 81375, 81655, 82201, 82561, 83224, 83770, 84330, 85344, 85984, 87252, 87332, 87566, 87726, 88077, 88317, 88785, 89105, 89690, 90080, 90480, 91000, 91072, 91282, 91426, 91741, 91957, 92377, 92665, 93190, 93560, 107442, 107562, 107874, 108074, 108503, 108783, 109329, 109689, 110352, 110898, 111458, 112472, 113112, 114345, 114425, 114659, 114819, 115170, 115410, 115878, 116198, 116783, 117173, 117573, 118083, 118157, 118373, 118521, 118845, 119067, 119499, 119795, 120335, 120715, 122125, 122223, 122480, 122644, 122997, 123227, 123676, 123972, 893912, 894032, 894344, 894544, 894973, 895253, 895799, 896159, 896822, 897368, 897928, 898942, 899582, 900815, 900895, 901129, 901289, 901640, 901880, 902348, 902668, 903253, 903643, 904043, 904555, 904631, 904853, 905005, 905338, 905566, 906010, 906314, 906869, 907259, 908081, 908157, 908379, 908531, 908864, 909092, 909536, 909840, 910395, 910785, 911607, 911683, 911905, 912057, 912390, 912618, 913062, 913366, 913921, 914311, 915133, 915209, 915431, 915583, 915916, 916144, 916588, 916892, 917447, 917837, 1026587, 1026682, 1026931, 1027090, 1027432, 1027655, 1028090, 1028377, 1028844, 1028939, 1029188, 1029347, 1029689, 1029912, 1030347, 1030634, 1031101, 1031196, 1031445, 1031604, 1031946, 1032169, 1032604, 1032891, 1183458, 1183575, 1183879, 1184074, 1184492, 1184765, 1185297, 1185648, 1186294, 1186826, 1187372, 1188360, 1188984, 1190252, 1190330, 1190558, 1190714, 1191056, 1191290, 1191746, 1192058, 1192628, 1193008, 1193398, 1193904, 1193980, 1194202, 1194354, 1194687, 1194915, 1195359, 1195663, 1196218, 1196608, 1199339, 1199417, 1199645, 1199801, 1200143, 1200377, 1200833, 1201145, 1201715, 1202115, 1203565, 1203643, 1203871, 1204027, 1204369, 1204603, 1205059, 1205371, 1205941, 1206341, 1237459, 1237576, 1237880, 1238075, 1238493, 1238766, 1239298, 1239649, 1240295, 1240827, 1241373, 1242361, 1242985, 1244253, 1244331, 1244559, 1244715, 1245057, 1245291, 1245747, 1246059, 1246629, 1247009, 1247399, 1247905, 1247981, 1248203, 1248355, 1248688, 1248916, 1249360, 1249664, 1250219, 1250609, 1261878, 1261995, 1262299, 1262494, 1262912, 1263185, 1263717, 1264068, 1264714, 1265246, 1265792, 1266780, 1267404, 1268622, 1268700, 1268928, 1269084, 1269426, 1269660, 1270116, 1270428, 1270998, 1271378, 1271768, 1272272, 1272346, 1272562, 1272710, 1273034, 1273256, 1273688, 1273984, 1274524, 1274904, 1277582, 1277656, 1277872, 1278020, 1278344, 1278566, 1278998, 1279294, 1279834, 1280214, 1291458, 1291575, 1291879, 1292074, 1292492, 1292765, 1293297, 1293648, 1294294, 1294826, 1295372, 1296360, 1296984, 1298252, 1298330, 1298558, 1298714, 1299056, 1299290, 1299746, 1300058, 1300628, 1301008, 1301398, 1301904, 1301980, 1302202, 1302354, 1302687, 1302915, 1303359, 1303663, 1304218, 1304608, 1309450, 1309567, 1309871, 1310066, 1310484, 1310757, 1311289, 1311640, 1312286, 1312818, 1313364, 1314352, 1314976, 1316194, 1316272, 1316500, 1316656, 1316998, 1317232, 1317688, 1318000, 1318570, 1318950, 1319340, 1319848, 1319926, 1320154, 1320310, 1320652, 1320886, 1321342, 1321654, 1322224, 1322624, 1331448, 1331565, 1331869, 1332064, 1332482, 1332755, 1333287, 1333638, 1334284, 1334816, 1335362, 1336350, 1336974, 1338192, 1338270, 1338498, 1338654, 1338996, 1339230, 1339686, 1339998, 1340568, 1340948, 1341338, 1341844, 1341920, 1342142, 1342294, 1342627, 1342855, 1343299, 1343603, 1344158, 1344548, 1351052, 1351169, 1351473, 1351668, 1352086, 1352359, 1352891, 1353242, 1353888, 1354420, 1354966, 1355954, 1356578, 1357796, 1357874, 1358102, 1358258, 1358600, 1358834, 1359290, 1359602, 1360172, 1360552, 1360942, 1361446, 1361520, 1361736, 1361884, 1362208, 1362430, 1362862, 1363158, 1363698, 1364078, 1369276, 1369350, 1369566, 1369714, 1370038, 1370260, 1370692, 1370988, 1371528, 1371908, 1396742, 1396859, 1397163, 1397358, 1397776, 1398049, 1398581, 1398932, 1399578, 1400110, 1400656, 1401644, 1402268, 1403486, 1403564, 1403792, 1403948, 1404290, 1404524, 1404980, 1405292, 1405862, 1406242, 1406632, 1407138, 1407214, 1407436, 1407588, 1407921, 1408149, 1408593, 1408897, 1409452, 1409842, 1416560, 1416677, 1416981, 1417176, 1417594, 1417867, 1418399, 1418750, 1419396, 1419928, 1420474, 1421462, 1422086, 1423304, 1423382, 1423610, 1423766, 1424108, 1424342, 1424798, 1425110, 1425680, 1426060, 1426450, 1426950, 1427020, 1427224, 1427364, 1427670, 1427880, 1428288, 1428568, 1429078, 1429438]"
"('Description.java', 'org.junit.runner.Description', 'methodAndClassNamePatternGroupOrDefault', '([\\s\\S]*)\\((.*)\\)', 'testDegenerateAggregation(com.salesforce.phoenix.end2end.ProductMetricsTest)')","[33154, 70710]"
"('StoreFile.java', 'org.apache.hadoop.hbase.regionserver.StoreFile', 'isReference', '^([0-9a-f]+(?:_SeqId_[0-9]+_)?|(?:[a-zA-Z_0-9][a-zA-Z_0-9.-]*)=(?:[a-f0-9]+)-[0-9a-f]+(?:_SeqId_[0-9]+_)?)\\.(.+)$', '1da692dcd4af44449e4826883e6f04f1')","[1435188, 1435241]"
"('Description.java', 'org.junit.runner.Description', 'methodAndClassNamePatternGroupOrDefault', '([\\s\\S]*)\\((.*)\\)', 'testPointInTimeScan[CREATE INDEX ATABLE_IDX ON aTable (a_integer) INCLUDE (    A_STRING,     B_STRING,     A_DATE)](com.salesforce.phoenix.end2end.QueryTest)')","[9670, 48080]"
"('Description.java', 'org.junit.runner.Description', 'methodAndClassNamePatternGroupOrDefault', '([\\s\\S]*)\\((.*)\\)', 'testIntegerFilter(com.salesforce.phoenix.end2end.ToCharFunctionTest)')","[35328, 72888]"
"('Description.java', 'org.junit.runner.Description', 'methodAndClassNamePatternGroupOrDefault', '([\\s\\S]*)\\((.*)\\)', 'testSelectOnlySeesTenantData(com.salesforce.phoenix.end2end.TenantSpecificTablesDMLTest)')","[31028, 68642]"
"('StoreFile.java', 'org.apache.hadoop.hbase.regionserver.StoreFile', 'isHFile', '^([0-9a-f]+(?:_SeqId_[0-9]+_)?)', '6fe7b64288eb4da69b3842265b4ac45b')","[1179001, 1179054]"
"('Description.java', 'org.junit.runner.Description', 'methodAndClassNamePatternGroupOrDefault', '([\\s\\S]*)\\((.*)\\)', 'testPointInTimeGroupedAggregation[CREATE INDEX ATABLE_IDX ON aTable (a_integer DESC) INCLUDE (    A_STRING,     B_STRING,     A_DATE)](com.salesforce.phoenix.end2end.QueryTest)')","[4407, 42859]"
"('Description.java', 'org.junit.runner.Description', 'methodAndClassNamePatternGroupOrDefault', '([\\s\\S]*)\\((.*)\\)', 'testGreaterThan_NonRVCOnLHSAndRVCOnRHS_WithNonNullBindParams(com.salesforce.phoenix.compile.WhereClauseOptimizerTest)')","[20611, 58764]"
"('Description.java', 'org.junit.runner.Description', 'methodAndClassNamePatternGroupOrDefault', '([\\s\\S]*)\\((.*)\\)', 'testIndexDefinitionWithRepeatedColumns(com.salesforce.phoenix.end2end.index.IndexMetadataTest)')","[28412, 66200]"
"('Description.java', 'org.junit.runner.Description', 'methodAndClassNamePatternGroupOrDefault', '([\\s\\S]*)\\((.*)\\)', 'testKeyProjectionWithDecimalValue(com.salesforce.phoenix.end2end.ToNumberFunctionTest)')","[34620, 72206]"
"('Description.java', 'org.junit.runner.Description', 'methodAndClassNamePatternGroupOrDefault', '([\\s\\S]*)\\((.*)\\)', 'testDecimalProjection(com.salesforce.phoenix.end2end.ToCharFunctionTest)')","[35223, 72778]"
"('Description.java', 'org.junit.runner.Description', 'methodAndClassNamePatternGroupOrDefault', '([\\s\\S]*)\\((.*)\\)', 'testForVarCharArray(com.salesforce.phoenix.schema.PDataTypeForArraysTest)')","[36986, 74406]"
"('Description.java', 'org.junit.runner.Description', 'methodAndClassNamePatternGroupOrDefault', '([\\s\\S]*)\\((.*)\\)', '[ScanRanges[[[a], [1], [[B - E)]]] [[a1B - a1C), [a1C - a1D), [a1D - a1E)]]')","[4005, 4049]"
"('Description.java', 'org.junit.runner.Description', 'methodAndClassNamePatternGroupOrDefault', '([\\s\\S]*)\\((.*)\\)', 'testInt(com.salesforce.phoenix.schema.PDataTypeTest)')","[37719, 75154]"
"('Description.java', 'org.junit.runner.Description', 'methodAndClassNamePatternGroupOrDefault', '([\\s\\S]*)\\((.*)\\)', 'testSimpleSerialziationDeserialization(com.salesforce.hbase.index.covered.example.TestCoveredIndexSpecifierBuilder)')","[39186, 76452]"
"('Description.java', 'org.junit.runner.Description', 'methodAndClassNamePatternGroupOrDefault', '([\\s\\S]*)\\((.*)\\)', 'testVarBinaryInMultipartPK(com.salesforce.phoenix.compile.QueryCompileTest)')","[22871, 61052]"
"('Description.java', 'org.junit.runner.Description', 'methodAndClassNamePatternGroupOrDefault', '([\\s\\S]*)\\((.*)\\)', 'testInListFilter(com.salesforce.phoenix.compile.WhereClauseCompileTest)')","[23436, 61624]"
"('Description.java', 'org.junit.runner.Description', 'methodAndClassNamePatternGroupOrDefault', '([\\s\\S]*)\\((.*)\\)', 'testDouble(com.salesforce.phoenix.schema.PDataTypeTest)')","[38055, 75506]"
"('Description.java', 'org.junit.runner.Description', 'methodAndClassNamePatternGroupOrDefault', '([\\s\\S]*)\\((.*)\\)', 'testCollapseAnd(com.salesforce.phoenix.compile.SelectStatementRewriterTest)')","[21239, 59402]"
"('Description.java', 'org.junit.runner.Description', 'methodAndClassNamePatternGroupOrDefault', '([\\s\\S]*)\\((.*)\\)', 'com.salesforce.hbase.index.covered.example.TestFailWithoutRetries')",[39205]
"('StoreFile.java', 'org.apache.hadoop.hbase.regionserver.StoreFile', 'isHFile', '^([0-9a-f]+(?:_SeqId_[0-9]+_)?)', '0d185660e29d4f8ea190fe3dc409553f')","[1348151, 1348204]"
"('StoreFile.java', 'org.apache.hadoop.hbase.regionserver.StoreFile', 'isHFile', '^([0-9a-f]+(?:_SeqId_[0-9]+_)?)', '6714491762ef43799e0aa30c57291aeb')","[1235787, 1235849, 1235973]"
"('Description.java', 'org.junit.runner.Description', 'methodAndClassNamePatternGroupOrDefault', '([\\s\\S]*)\\((.*)\\)', 'testInFilterOnKey[CREATE INDEX ATABLE_IDX ON aTable (a_integer, a_string) INCLUDE (    B_STRING,     A_DATE)](com.salesforce.phoenix.end2end.QueryTest)')","[7234, 45665]"
"('Description.java', 'org.junit.runner.Description', 'methodAndClassNamePatternGroupOrDefault', '([\\s\\S]*)\\((.*)\\)', 'testServerExceptionBackToClient(com.salesforce.phoenix.end2end.ServerExceptionTest)')","[26964, 64902]"
"('Description.java', 'org.junit.runner.Description', 'methodAndClassNamePatternGroupOrDefault', '([\\s\\S]*)\\((.*)\\)', 'com.salesforce.hbase.index.covered.filter.TestNewerTimestampFilter')",[39722]
"('Description.java', 'org.junit.runner.Description', 'methodAndClassNamePatternGroupOrDefault', '([\\s\\S]*)\\((.*)\\)', 'testCheckRowKeyForAllNulls(com.salesforce.hbase.index.covered.example.TestCoveredColumnIndexCodec)')","[39022, 76320]"
"('TagLibConfiguration.java', 'org.mortbay.jetty.webapp.TagLibConfiguration', 'configureWebApp', 'start.jar|ant-.*\\.jar|dojo-.*\\.jar|jetty-.*\\.jar|jsp-api-.*\\.jar|junit-.*\\.jar|servlet-api-.*\\.jar|dnsns\\.jar|rt\\.jar|jsse\\.jar|tools\\.jar|sunpkcs11\\.jar|sunjce_provider\\.jar|xerces.*\\.jar', 'sunjce_provider.jar')","[77908, 78418, 104841, 105351, 891303, 891813, 1180963, 1181464, 1234964, 1235465, 1259335, 1259836, 1288963, 1289464, 1306859, 1307360, 1328809, 1329310, 1348565, 1349066, 1394199, 1394700, 1414025, 1414526, 1435513, 1436014]"
"('HFileLink.java', 'org.apache.hadoop.hbase.io.HFileLink', 'isHFileLink', '^((?:[a-zA-Z_0-9][a-zA-Z_0-9.-]*))=((?:[a-f0-9]+))-([0-9a-f]+(?:_SeqId_[0-9]+_)?)$', '37cf7a3e55314605bd94dca99986e36f')","[1307641, 1307703, 1307827, 1307841]"
"('Description.java', 'org.junit.runner.Description', 'methodAndClassNamePatternGroupOrDefault', '([\\s\\S]*)\\((.*)\\)', 'testSelectWithDivideExpression[CREATE INDEX ATABLE_IDX ON aTable (a_integer DESC) INCLUDE (    A_STRING,     B_STRING,     A_DATE)](com.salesforce.phoenix.end2end.QueryTest)')","[5925, 44377]"
"('Description.java', 'org.junit.runner.Description', 'methodAndClassNamePatternGroupOrDefault', '([\\s\\S]*)\\((.*)\\)', 'testBindTypeMismatch(com.salesforce.phoenix.compile.LimitClauseTest)')","[24104, 62284]"
"('HTableDescriptor.java', 'org.apache.hadoop.hbase.HTableDescriptor', 'hasCoprocessor', '(^[^\\|]*)\\|([^\\|]+)\\|[\\s]*([\\d]*)[\\s]*(\\|.*)?$', '|com.salesforce.hbase.index.Indexer|1073741823|com.salesforce.hbase.index.codec.class=com.salesforce.phoenix.index.PhoenixIndexCodec,index.builder=com.salesforce.phoenix.index.PhoenixIndexBuilder')","[95609, 95994, 96309, 96554, 96729, 96834, 97219, 97534, 97779, 97954, 98059, 98444, 98759, 99004, 99179, 99284, 99669, 99984, 100229, 100404, 100509, 100894, 101209, 101454, 101629, 101734, 102119, 102434, 102679, 102854, 102959, 103344, 103659, 103904, 104079, 124492, 124888, 125212, 125464, 125644, 126520, 126916, 127240, 127492, 127672, 128548, 128944, 129268, 129520, 129700, 130601, 130997, 131321, 131573, 131753, 132629, 133025, 133349, 133601, 133781, 134657, 135053, 135377, 135629, 135809, 136685, 137081, 137405, 137657, 137837, 138713, 139109, 139433, 139685, 139865, 140741, 141137, 141461, 141713, 141893, 142769, 143165, 143489, 143741, 143921, 144797, 145193, 145517, 145769, 145949, 146825, 147221, 147545, 147797, 147977, 148853, 149249, 149573, 149825, 150005, 150881, 151277, 151601, 151853, 152033, 152909, 153305, 153629, 153881, 154061, 154934, 155319, 155634, 155879, 156054, 156903, 157288, 157603, 157848, 158023, 158872, 159257, 159572, 159817, 159992, 160841, 161226, 161541, 161786, 161961, 162810, 163195, 163510, 163755, 163930, 164779, 165164, 165479, 165724, 165899, 166773, 167158, 167473, 167718, 167893, 168742, 169127, 169442, 169687, 169862, 170711, 171096, 171411, 171656, 171831, 172680, 173065, 173380, 173625, 173800, 174649, 175034, 175349, 175594, 175769, 176618, 177003, 177318, 177563, 177738, 178587, 178972, 179287, 179532, 179707, 180556, 180941, 181256, 181501, 181676, 182525, 182910, 183225, 183470, 183645, 184494, 184879, 185194, 185439, 185614, 186463, 186848, 187163, 187408, 187583, 188432, 188817, 189132, 189377, 189552, 190401, 190786, 191101, 191346, 191521, 192370, 192755, 193070, 193315, 193490, 194355, 194740, 195055, 195300, 195475, 196324, 196709, 197024, 197269, 197444, 198293, 198678, 198993, 199238, 199413, 200262, 200647, 200962, 201207, 201382, 202231, 202616, 202931, 203176, 203351, 204200, 204585, 204900, 205145, 205320, 206169, 206554, 206869, 207114, 207289, 208138, 208523, 208838, 209083, 209258, 210107, 210492, 210807, 211052, 211227, 212076, 212461, 212776, 213021, 213196, 214045, 214430, 214745, 214990, 215165, 216014, 216399, 216714, 216959, 217134, 217983, 218368, 218683, 218928, 219103, 219952, 220337, 220652, 220897, 221072, 221921, 222306, 222621, 222866, 223041, 223890, 224275, 224590, 224835, 225010, 225859, 226244, 226559, 226804, 226979, 227828, 228213, 228528, 228773, 228948, 229797, 230182, 230497, 230742, 230917, 231766, 232151, 232466, 232711, 232886, 233735, 234120, 234435, 234680, 234855, 235704, 236089, 236404, 236649, 236824, 237673, 238058, 238373, 238618, 238793, 239642, 240027, 240342, 240587, 240762, 241611, 241996, 242311, 242556, 242731, 243580, 243965, 244280, 244525, 244700, 245549, 245934, 246249, 246494, 246669, 247518, 247903, 248218, 248463, 248638, 249487, 249872, 250187, 250432, 250607, 251456, 251841, 252156, 252401, 252576, 253425, 253810, 254125, 254370, 254545, 255394, 255779, 256094, 256339, 256514, 257363, 257748, 258063, 258308, 258483, 259332, 259717, 260032, 260277, 260452, 261301, 261686, 262001, 262246, 262421, 263270, 263655, 263970, 264215, 264390, 265239, 265624, 265939, 266184, 266359, 267208, 267593, 267908, 268153, 268328, 269177, 269562, 269877, 270122, 270297, 271146, 271531, 271846, 272091, 272266, 273115, 273500, 273815, 274060, 274235, 275084, 275469, 275784, 276029, 276204, 277053, 277438, 277753, 277998, 278173, 279022, 279407, 279722, 279967, 280142, 280991, 281376, 281691, 281936, 282111, 282960, 283345, 283660, 283905, 284080, 284929, 285314, 285629, 285874, 286049, 287770, 288155, 288470, 288715, 288890, 289739, 290124, 290439, 290684, 290859, 291708, 292093, 292408, 292653, 292828, 293677, 294062, 294377, 294622, 294797, 295646, 296031, 296346, 296591, 296766, 297615, 298000, 298315, 298560, 298735, 299584, 299969, 300284, 300529, 300704, 301553, 301938, 302253, 302498, 302673, 303522, 303907, 304222, 304467, 304642, 305491, 305876, 306191, 306436, 306611, 307460, 307845, 308160, 308405, 308580, 309429, 309814, 310129, 310374, 310549, 311398, 311783, 312098, 312343, 312518, 313367, 313752, 314067, 314312, 314487, 315336, 315721, 316036, 316281, 316456, 317305, 317690, 318005, 318250, 318425, 319274, 319659, 319974, 320219, 320394, 321243, 321628, 321943, 322188, 322363, 323212, 323597, 323912, 324157, 324332, 325181, 325566, 325881, 326126, 326301, 327150, 327535, 327850, 328095, 328270, 329119, 329504, 329819, 330064, 330239, 331088, 331473, 331788, 332033, 332208, 333125, 333510, 333825, 334070, 334245, 335094, 335479, 335794, 336039, 336214, 337426, 337811, 338126, 338371, 338546, 339395, 339780, 340095, 340340, 340515, 341364, 341749, 342064, 342309, 342484, 343333, 343718, 344033, 344278, 344453, 345302, 345687, 346002, 346247, 346422, 347271, 347656, 347971, 348216, 348391, 349240, 349625, 349940, 350185, 350360, 351209, 351594, 351909, 352154, 352329, 353178, 353563, 353878, 354123, 354298, 355147, 355532, 355847, 356092, 356267, 357116, 357501, 357816, 358061, 358236, 359085, 359470, 359785, 360030, 360205, 361054, 361439, 361754, 361999, 362174, 363023, 363408, 363723, 363968, 364143, 364992, 365377, 365692, 365937, 366112, 366961, 367346, 367661, 367906, 368081, 368930, 369315, 369630, 369875, 370050, 370899, 371284, 371599, 371844, 372019, 372868, 373253, 373568, 373813, 373988, 374837, 375222, 375537, 375782, 375957, 376806, 377191, 377506, 377751, 377926, 378800, 379185, 379500, 379745, 379920, 380769, 381154, 381469, 381714, 381889, 382738, 383123, 383438, 383683, 383858, 384707, 385092, 385407, 385652, 385827, 386676, 387061, 387376, 387621, 387796, 388645, 389030, 389345, 389590, 389765, 390614, 390999, 391314, 391559, 391734, 392583, 392968, 393283, 393528, 393703, 394552, 394937, 395252, 395497, 395672, 396521, 396906, 397221, 397466, 397641, 398490, 398875, 399190, 399435, 399610, 400459, 400844, 401159, 401404, 401579, 402428, 402813, 403128, 403373, 403548, 404397, 404782, 405097, 405342, 405517, 406366, 406751, 407066, 407311, 407486, 408335, 408720, 409035, 409280, 409455, 410304, 410689, 411004, 411249, 411424, 412273, 412658, 412973, 413218, 413393, 414242, 414627, 414942, 415187, 415362, 416211, 416596, 416911, 417156, 417331, 418180, 418565, 418880, 419125, 419300, 420149, 420534, 420849, 421094, 421269, 422118, 422503, 422818, 423063, 423238, 424087, 424472, 424787, 425032, 425207, 426056, 426441, 426756, 427001, 427176, 428025, 428410, 428725, 428970, 429145, 429994, 430379, 430694, 430939, 431114, 431963, 432348, 432663, 432908, 433083, 433932, 434317, 434632, 434877, 435052, 435901, 436286, 436601, 436846, 437021, 437870, 438255, 438570, 438815, 438990, 439839, 440224, 440539, 440784, 440959, 441808, 442193, 442508, 442753, 442928, 443777, 444162, 444477, 444722, 444897, 445746, 446131, 446446, 446691, 446866, 447715, 448100, 448415, 448660, 448835, 449684, 450069, 450384, 450629, 450804, 451653, 452038, 452353, 452598, 452773, 453622, 454007, 454322, 454567, 454742, 455591, 455976, 456291, 456536, 456711, 457560, 457945, 458260, 458505, 458680, 459529, 459914, 460229, 460474, 460649, 461498, 461883, 462198, 462443, 462618, 463467, 463852, 464167, 464412, 464587, 465436, 465821, 466136, 466381, 466556, 467405, 467790, 468105, 468350, 468525, 469374, 469759, 470074, 470319, 470494, 471343, 471728, 472043, 472288, 472463, 473312, 473697, 474012, 474257, 474432, 475297, 475682, 475997, 476242, 476417, 477291, 477676, 477991, 478236, 478411, 479260, 479645, 479960, 480205, 480380, 481229, 481614, 481929, 482174, 482349, 483198, 483583, 483898, 484143, 484318, 485167, 485552, 485867, 486112, 486287, 487136, 487521, 487836, 488081, 488256, 489105, 489490, 489805, 490050, 490225, 491074, 491459, 491774, 492019, 492194, 493043, 493428, 493743, 493988, 494163, 495012, 495397, 495712, 495957, 496132, 496981, 497366, 497681, 497926, 498101, 499727, 500112, 500427, 500672, 500847, 501696, 502081, 502396, 502641, 502816, 503665, 504050, 504365, 504610, 504785, 505634, 506019, 506334, 506579, 506754, 507603, 507988, 508303, 508548, 508723, 509572, 509957, 510272, 510517, 510692, 511541, 511926, 512241, 512486, 512661, 513510, 513895, 514210, 514455, 514630, 515479, 515864, 516179, 516424, 516599, 517448, 517833, 518148, 518393, 518568, 519417, 519802, 520117, 520362, 520537, 521386, 521771, 522086, 522331, 522506, 523355, 523740, 524055, 524300, 524475, 525324, 525709, 526024, 526269, 526444, 527293, 527678, 527993, 528238, 528413, 529262, 529647, 529962, 530207, 530382, 531231, 531616, 531931, 532176, 532351, 533200, 533585, 533900, 534145, 534320, 535169, 535554, 535869, 536114, 536289, 537138, 537523, 537838, 538083, 538258, 539107, 539492, 539807, 540052, 540227, 541076, 541461, 541776, 542021, 542196, 543045, 543430, 543745, 543990, 544165, 545014, 545399, 545714, 545959, 546134, 546983, 547368, 547683, 547928, 548103, 549388, 549773, 550088, 550333, 550508, 551357, 551742, 552057, 552302, 552477, 553326, 553711, 554026, 554271, 554446, 555295, 555680, 555995, 556240, 556415, 557264, 557649, 557964, 558209, 558384, 559233, 559618, 559933, 560178, 560353, 561202, 561587, 561902, 562147, 562322, 563171, 563556, 563871, 564116, 564291, 565140, 565525, 565840, 566085, 566260, 567109, 567494, 567809, 568054, 568229, 569078, 569463, 569778, 570023, 570198, 571047, 571432, 571747, 571992, 572167, 573016, 573401, 573716, 573961, 574136, 574985, 575370, 575685, 575930, 576105, 576954, 577339, 577654, 577899, 578074, 578923, 579308, 579623, 579868, 580043, 580960, 581345, 581660, 581905, 582080, 582929, 583314, 583629, 583874, 584049, 584898, 585283, 585598, 585843, 586018, 586883, 587268, 587583, 587828, 588003, 588852, 589237, 589552, 589797, 589972, 590846, 591231, 591546, 591791, 591966, 592815, 593200, 593515, 593760, 593935, 594784, 595169, 595484, 595729, 595904, 596753, 597138, 597453, 597698, 597873, 598722, 599107, 599422, 599667, 599842, 600691, 601076, 601391, 601636, 601811, 602660, 603045, 603360, 603605, 603780, 604629, 605014, 605329, 605574, 605749, 606598, 606983, 607298, 607543, 607718, 608567, 608952, 609267, 609512, 609687, 610536, 610921, 611236, 611481, 611656, 612505, 612890, 613205, 613450, 613625, 614474, 614859, 615174, 615419, 615594, 616443, 616828, 617143, 617388, 617563, 618412, 618797, 619112, 619357, 619532, 620381, 620766, 621081, 621326, 621501, 622350, 622735, 623050, 623295, 623470, 624319, 624704, 625019, 625264, 625439, 626288, 626673, 626988, 627233, 627408, 628257, 628642, 628957, 629202, 629377, 630226, 630611, 630926, 631171, 631346, 632195, 632580, 632895, 633140, 633315, 634164, 634549, 634864, 635109, 635284, 636133, 636518, 636833, 637078, 637253, 638102, 638487, 638802, 639047, 639222, 640071, 640456, 640771, 641016, 641191, 642040, 642425, 642740, 642985, 643160, 644009, 644394, 644709, 644954, 645129, 645978, 646363, 646678, 646923, 647098, 647947, 648332, 648647, 648892, 649067, 649916, 650301, 650616, 650861, 651036, 651885, 652270, 652585, 652830, 653005, 653854, 654239, 654554, 654799, 654974, 655823, 656208, 656523, 656768, 656943, 657792, 658177, 658492, 658737, 658912, 659761, 660146, 660461, 660706, 660881, 661730, 662115, 662430, 662675, 662850, 663699, 664084, 664399, 664644, 664819, 665668, 666053, 666368, 666613, 666788, 667637, 668022, 668337, 668582, 668757, 669606, 669991, 670306, 670551, 670726, 671575, 671960, 672275, 672520, 672695, 673544, 673929, 674244, 674489, 674664, 675513, 675898, 676213, 676458, 676633, 677482, 677867, 678182, 678427, 678602, 679451, 679836, 680151, 680396, 680571, 681420, 681805, 682120, 682365, 682540, 683389, 683774, 684089, 684334, 684509, 685358, 685743, 686058, 686303, 686478, 687327, 687712, 688027, 688272, 688447, 689296, 689681, 689996, 690241, 690416, 691265, 691650, 691965, 692210, 692385, 693234, 693619, 693934, 694179, 694354, 695203, 695588, 695903, 696148, 696323, 697172, 697557, 697872, 698117, 698292, 699157, 699542, 699857, 700102, 700277, 701126, 701511, 701826, 702071, 702246, 703095, 703480, 703795, 704040, 704215, 705064, 705449, 705764, 706009, 706184, 707033, 707418, 707733, 707978, 708153, 709002, 709387, 709702, 709947, 710122, 711415, 711800, 712115, 712360, 712535, 713384, 713769, 714084, 714329, 714504, 715353, 715738, 716053, 716298, 716473, 717322, 717707, 718022, 718267, 718442, 719291, 719676, 719991, 720236, 720411, 721260, 721645, 721960, 722205, 722380, 723229, 723614, 723929, 724174, 724349, 725198, 725583, 725898, 726143, 726318, 727167, 727552, 727867, 728112, 728287, 729136, 729521, 729836, 730081, 730256, 731105, 731490, 731805, 732050, 732225, 733074, 733459, 733774, 734019, 734194, 735043, 735428, 735743, 735988, 736163, 737012, 737397, 737712, 737957, 738132, 738981, 739366, 739681, 739926, 740101, 740950, 741335, 741650, 741895, 742070, 742919, 743304, 743619, 743864, 744039, 744888, 745273, 745588, 745833, 746008, 746857, 747242, 747557, 747802, 747977, 748826, 749211, 749526, 749771, 749946, 750795, 751180, 751495, 751740, 751915, 752764, 753149, 753464, 753709, 753884, 754733, 755118, 755433, 755678, 755853, 756702, 757087, 757402, 757647, 757822, 758671, 759056, 759371, 759616, 759791, 759896, 760281, 760596, 760841, 761016, 761121, 761506, 761821, 762066, 762241, 762346, 762731, 763046, 763291, 763466, 763571, 763956, 764271, 764516, 764691, 764796, 765181, 765496, 765741, 765916, 766021, 766406, 766721, 766966, 767141, 767246, 767631, 767946, 768191, 768366, 768471, 768856, 769171, 769416, 769591, 769696, 770081, 770396, 770641, 770816, 770921, 771306, 771621, 771866, 772041, 772146, 772531, 772846, 773091, 773266, 773371, 773756, 774071, 774316, 774491, 774596, 774981, 775296, 775541, 775716, 775821, 776206, 776521, 776766, 776941, 777046, 777431, 777746, 777991, 778166, 778271, 778656, 778971, 779216, 779391, 779496, 779881, 780196, 780441, 780616, 780721, 781106, 781421, 781666, 781841, 781946, 782331, 782646, 782891, 783066, 783171, 783556, 783871, 784116, 784291, 784396, 784781, 785096, 785341, 785516, 785621, 786006, 786321, 786566, 786741, 786846, 787231, 787546, 787791, 787966, 788071, 788456, 788771, 789016, 789191, 789296, 789681, 789996, 790241, 790416, 790521, 790906, 791221, 791466, 791641, 791746, 792131, 792446, 792691, 792866, 792971, 793356, 793671, 793916, 794091, 794196, 794581, 794896, 795141, 795316, 795421, 795806, 796121, 796366, 796541, 796646, 797031, 797346, 797591, 797766, 797871, 798256, 798571, 798816, 798991, 799096, 799481, 799796, 800041, 800216, 800321, 800706, 801021, 801266, 801441, 801546, 801931, 802246, 802491, 802666, 802771, 803156, 803471, 803716, 803891, 803996, 804381, 804696, 804941, 805116, 805221, 805606, 805921, 806166, 806341, 806446, 806831, 807146, 807391, 807566, 807671, 808056, 808371, 808616, 808791, 808912, 809297, 809612, 809857, 810032, 810137, 810522, 810837, 811082, 811257, 811362, 811747, 812062, 812307, 812482, 812587, 812972, 813287, 813532, 813707, 813812, 814197, 814512, 814757, 814932, 815037, 815422, 815737, 815982, 816157, 816262, 816647, 816962, 817207, 817382, 817487, 817872, 818187, 818432, 818607, 818712, 819097, 819412, 819657, 819832, 819937, 820322, 820637, 820882, 821057, 821162, 821547, 821862, 822107, 822282, 822387, 822772, 823087, 823332, 823507, 823612, 823997, 824312, 824557, 824732, 824837, 825222, 825537, 825782, 825957, 826062, 826447, 826762, 827007, 827182, 827287, 827672, 827987, 828232, 828407, 828512, 828897, 829212, 829457, 829632, 829737, 830122, 830437, 830682, 830857, 830962, 831347, 831662, 831907, 832082, 832187, 832572, 832887, 833132, 833307, 833412, 833797, 834112, 834357, 834532, 834637, 835022, 835337, 835582, 835757, 835862, 836247, 836562, 836807, 836982, 837087, 837472, 837787, 838032, 838207, 838312, 838697, 839012, 839257, 839432, 839537, 839922, 840237, 840482, 840657, 840762, 841147, 841462, 841707, 841882, 841987, 842372, 842687, 842932, 843107, 843212, 843597, 843912, 844157, 844332, 844437, 844822, 845137, 845382, 845557, 845662, 846047, 846362, 846607, 846782, 846887, 847272, 847587, 847832, 848007, 848112, 848497, 848812, 849057, 849232, 849337, 849722, 850037, 850282, 850457, 850562, 850947, 851262, 851507, 851682, 851787, 852172, 852487, 852732, 852907, 853012, 853397, 853712, 853957, 854132, 854237, 854622, 854937, 855182, 855357, 855462, 855847, 856162, 856407, 856582, 856687, 857072, 857387, 857632, 857807, 857912, 858297, 858612, 858857, 859032, 859137, 859522, 859837, 860082, 860257, 860822, 861207, 861522, 861767, 861942, 862047, 862432, 862747, 862992, 863167, 863272, 863657, 863972, 864217, 864392, 864497, 864882, 865197, 865442, 865617, 865722, 866107, 866422, 866667, 866842, 866947, 867332, 867647, 867892, 868067, 868172, 868557, 868872, 869117, 869292, 869397, 869782, 870097, 870342, 870517, 870622, 871007, 871322, 871567, 871742, 871847, 872232, 872547, 872792, 872967, 873072, 873457, 873772, 874017, 874192, 874297, 874682, 874997, 875242, 875417, 875522, 875907, 876222, 876467, 876642, 876747, 877132, 877447, 877692, 877867, 877972, 878357, 878672, 878917, 879092, 879197, 879582, 879897, 880142, 880317, 880422, 880807, 881122, 881367, 881542, 881647, 882032, 882347, 882592, 882767, 882872, 883257, 883572, 883817, 883992, 884097, 884482, 884797, 885042, 885217, 885322, 885707, 886022, 886267, 886442, 886547, 886932, 887247, 887492, 887667, 887772, 888157, 888472, 888717, 888892, 888997, 889382, 889697, 889942, 890117, 918696, 919103, 919436, 919695, 919880, 919991, 920398, 920731, 920990, 921175, 921286, 921693, 922026, 922285, 922470, 922581, 922988, 923321, 923580, 923765, 923876, 924283, 924616, 924875, 925060, 925171, 925578, 925911, 926170, 926355, 926466, 926873, 927206, 927465, 927650, 927761, 928168, 928501, 928760, 928945, 929056, 929463, 929796, 930055, 930240, 930351, 930758, 931091, 931350, 931535, 931646, 932053, 932386, 932645, 932830, 932941, 933348, 933681, 933940, 934125, 934236, 934643, 934976, 935235, 935420, 935531, 935938, 936271, 936530, 936715, 936826, 937233, 937566, 937825, 938010, 938121, 938528, 938861, 939120, 939305, 939416, 939823, 940156, 940415, 940600, 940711, 941118, 941451, 941710, 941895, 942006, 942413, 942746, 943005, 943190, 943301, 943708, 944041, 944300, 944485, 944596, 945003, 945336, 945595, 945780, 945891, 946298, 946631, 946890, 947075, 947186, 947593, 947926, 948185, 948370, 948481, 948888, 949221, 949480, 949665, 949776, 950183, 950516, 950775, 950960, 951071, 951478, 951811, 952070, 952255, 952366, 952773, 953106, 953365, 953550, 953661, 954068, 954401, 954660, 954845, 954956, 955363, 955696, 955955, 956140, 956251, 956658, 956991, 957250, 957435, 957546, 957953, 958286, 958545, 958730, 958841, 959248, 959581, 959840, 960025, 960136, 960543, 960876, 961135, 961320, 961431, 961838, 962171, 962430, 962615, 962726, 963133, 963466, 963725, 963910, 964021, 964428, 964761, 965020, 965205, 965316, 965723, 966056, 966315, 966500, 966611, 967018, 967351, 967610, 967795, 967906, 968313, 968646, 968905, 969090, 969201, 969608, 969941, 970200, 970385, 970496, 970903, 971236, 971495, 971680, 971791, 972198, 972531, 972790, 972975, 973086, 973493, 973826, 974085, 974270, 974381, 974788, 975121, 975380, 975565, 975676, 976083, 976416, 976675, 976860, 976971, 977378, 977711, 977970, 978155, 978266, 978673, 979006, 979265, 979450, 979561, 979968, 980301, 980560, 980745, 980856, 981263, 981596, 981855, 982040, 982151, 982558, 982891, 983150, 983335, 983446, 983853, 984186, 984445, 984630, 984741, 985148, 985481, 985740, 985925, 986036, 986443, 986776, 987035, 987220, 987331, 987738, 988071, 988330, 988515, 988626, 989033, 989366, 989625, 989810, 989921, 990328, 990661, 990920, 991105, 991216, 991623, 991956, 992215, 992400, 992511, 992918, 993251, 993510, 993695, 993806, 994213, 994546, 994805, 994990, 995101, 995508, 995841, 996100, 996285, 996393, 996789, 997113, 997365, 997545, 997653, 998049, 998373, 998625, 998805, 998913, 999309, 999633, 999885, 1000065, 1000173, 1000569, 1000893, 1001145, 1001325, 1001433, 1001829, 1002153, 1002405, 1002585, 1002693, 1003089, 1003413, 1003665, 1003845, 1003953, 1004349, 1004673, 1004925, 1005105, 1005213, 1005609, 1005933, 1006185, 1006365, 1006473, 1006869, 1007193, 1007445, 1007625, 1007733, 1008129, 1008453, 1008705, 1008885, 1008993, 1009389, 1009713, 1009965, 1010145, 1010253, 1010649, 1010973, 1011225, 1011405, 1011513, 1011909, 1012233, 1012485, 1012665, 1012773, 1013169, 1013493, 1013745, 1013925, 1014033, 1014429, 1014753, 1015005, 1015185, 1015293, 1015689, 1016013, 1016265, 1016445, 1016553, 1016949, 1017273, 1017525, 1017705, 1017813, 1018209, 1018533, 1018785, 1018965, 1019073, 1019469, 1019793, 1020045, 1020225, 1020333, 1020729, 1021053, 1021305, 1021485, 1021593, 1021989, 1022313, 1022565, 1022745, 1022853, 1023249, 1023573, 1023825, 1024005, 1024113, 1024509, 1024833, 1025085, 1025265, 1025373, 1025769, 1026093, 1026345, 1026525, 1033404, 1033800, 1034124, 1034376, 1034556, 1034664, 1035060, 1035384, 1035636, 1035816, 1035924, 1036320, 1036644, 1036896, 1037076, 1037184, 1037580, 1037904, 1038156, 1038336, 1040676, 1041072, 1041396, 1041648, 1041828, 1041936, 1042332, 1042656, 1042908, 1043088, 1043196, 1043592, 1043916, 1044168, 1044348, 1044456, 1044852, 1045176, 1045428, 1045608, 1047948, 1048344, 1048668, 1048920, 1049100, 1049208, 1049604, 1049928, 1050180, 1050360, 1050468, 1050864, 1051188, 1051440, 1051620, 1051728, 1052124, 1052448, 1052700, 1052880, 1055220, 1055616, 1055940, 1056192, 1056372, 1056480, 1056876, 1057200, 1057452, 1057632, 1057740, 1058136, 1058460, 1058712, 1058892, 1059000, 1059396, 1059720, 1059972, 1060152, 1062492, 1062888, 1063212, 1063464, 1063644, 1063752, 1064148, 1064472, 1064724, 1064904, 1065012, 1065408, 1065732, 1065984, 1066164, 1066272, 1066668, 1066992, 1067244, 1067424, 1069764, 1070160, 1070484, 1070736, 1070916, 1071024, 1071420, 1071744, 1071996, 1072176, 1072284, 1072680, 1073004, 1073256, 1073436, 1073544, 1073940, 1074264, 1074516, 1074696, 1077036, 1077432, 1077756, 1078008, 1078188, 1078296, 1078692, 1079016, 1079268, 1079448, 1079556, 1079952, 1080276, 1080528, 1080708, 1080816, 1081212, 1081536, 1081788, 1081968, 1084308, 1084704, 1085028, 1085280, 1085460, 1085568, 1085964, 1086288, 1086540, 1086720, 1086828, 1087224, 1087548, 1087800, 1087980, 1088088, 1088484, 1088808, 1089060, 1089240, 1091580, 1091976, 1092300, 1092552, 1092732, 1092840, 1093236, 1093560, 1093812, 1093992, 1094100, 1094496, 1094820, 1095072, 1095252, 1095360, 1095756, 1096080, 1096332, 1096512, 1098852, 1099248, 1099572, 1099824, 1100004, 1100112, 1100508, 1100832, 1101084, 1101264, 1101372, 1101768, 1102092, 1102344, 1102524, 1102632, 1103028, 1103352, 1103604, 1103784, 1106124, 1106520, 1106844, 1107096, 1107276, 1107384, 1107780, 1108104, 1108356, 1108536, 1108644, 1109040, 1109364, 1109616, 1109796, 1109904, 1110300, 1110624, 1110876, 1111056, 1113396, 1113792, 1114116, 1114368, 1114548, 1114656, 1115052, 1115376, 1115628, 1115808, 1115916, 1116312, 1116636, 1116888, 1117068, 1117176, 1117572, 1117896, 1118148, 1118328, 1120668, 1121064, 1121388, 1121640, 1121820, 1121928, 1122324, 1122648, 1122900, 1123080, 1123188, 1123584, 1123908, 1124160, 1124340, 1124448, 1124844, 1125168, 1125420, 1125600, 1127940, 1128336, 1128660, 1128912, 1129092, 1129200, 1129596, 1129920, 1130172, 1130352, 1130460, 1130856, 1131180, 1131432, 1131612, 1131720, 1132116, 1132440, 1132692, 1132872, 1135212, 1135608, 1135932, 1136184, 1136364, 1136472, 1136868, 1137192, 1137444, 1137624, 1137732, 1138128, 1138452, 1138704, 1138884, 1138992, 1139388, 1139712, 1139964, 1140144, 1142484, 1142880, 1143204, 1143456, 1143636, 1143744, 1144140, 1144464, 1144716, 1144896, 1145004, 1145400, 1145724, 1145976, 1146156, 1146264, 1146660, 1146984, 1147236, 1147416, 1149756, 1150152, 1150476, 1150728, 1150908, 1151016, 1151412, 1151736, 1151988, 1152168, 1152276, 1152672, 1152996, 1153248, 1153428, 1153536, 1153932, 1154256, 1154508, 1154688, 1157028, 1157424, 1157748, 1158000, 1158180, 1158288, 1158684, 1159008, 1159260, 1159440, 1159548, 1159944, 1160268, 1160520, 1160700, 1160808, 1161204, 1161528, 1161780, 1161960, 1164300, 1164696, 1165020, 1165272, 1165452, 1165560, 1165956, 1166280, 1166532, 1166712, 1166820, 1167216, 1167540, 1167792, 1167972, 1168080, 1168476, 1168800, 1169052, 1169232, 1171572, 1171968, 1172292, 1172544, 1172724, 1172832, 1173228, 1173552, 1173804, 1173984, 1174092, 1174488, 1174812, 1175064, 1175244, 1175352, 1175748, 1176072, 1176324, 1176504, 1198079, 1198486, 1198819, 1199078, 1199263, 1207826, 1208233, 1208566, 1208825, 1209010, 1209121, 1209528, 1209861, 1210120, 1210305, 1210416, 1210823, 1211156, 1211415, 1211600, 1211714, 1212132, 1212474, 1212740, 1212930, 1213041, 1213448, 1213781, 1214040, 1214225, 1214336, 1214743, 1215076, 1215335, 1215520, 1215631, 1216038, 1216371, 1216630, 1216815, 1216926, 1217333, 1217666, 1217925, 1218110, 1218221, 1218628, 1218961, 1219220, 1219405, 1219516, 1219923, 1220256, 1220515, 1220700, 1220811, 1221218, 1221551, 1221810, 1221995, 1222106, 1222513, 1222846, 1223105, 1223290, 1223401, 1223808, 1224141, 1224400, 1224585, 1224699, 1225117, 1225459, 1225725, 1225915, 1226026, 1226433, 1226766, 1227025, 1227210, 1227321, 1227728, 1228061, 1228320, 1228505, 1228616, 1229023, 1229356, 1229615, 1229800, 1229914, 1230332, 1230674, 1230940, 1231130, 1231244, 1231662, 1232004, 1232270, 1232460, 1232571, 1232978, 1233311, 1233570, 1233755, 1252080, 1252487, 1252820, 1253079, 1253264, 1253375, 1253782, 1254115, 1254374, 1254559, 1254670, 1255077, 1255410, 1255669, 1255854, 1255965, 1256372, 1256705, 1256964, 1257149, 1257260, 1257667, 1258000, 1258259, 1258444, 1276358, 1276754, 1277078, 1277330, 1277510, 1281668, 1282064, 1282388, 1282640, 1282820, 1282928, 1283324, 1283648, 1283900, 1284080, 1284188, 1284584, 1284908, 1285160, 1285340, 1285448, 1285844, 1286168, 1286420, 1286600, 1286708, 1287104, 1287428, 1287680, 1287860, 1324109, 1324516, 1324849, 1325108, 1325293, 1325404, 1325811, 1326144, 1326403, 1326588, 1326702, 1327120, 1327462, 1327728, 1327918, 1345407, 1345814, 1346147, 1346406, 1346591, 1346702, 1347109, 1347442, 1347701, 1347886, 1365532, 1365928, 1366252, 1366504, 1366684, 1366792, 1367188, 1367512, 1367764, 1367944, 1368052, 1368448, 1368772, 1369024, 1369204, 1373362, 1373758, 1374082, 1374334, 1374514, 1374622, 1375018, 1375342, 1375594, 1375774, 1375882, 1376278, 1376602, 1376854, 1377034, 1377142, 1377538, 1377862, 1378114, 1378294, 1378402, 1378798, 1379122, 1379374, 1379554, 1379662, 1380058, 1380382, 1380634, 1380814, 1380922, 1381318, 1381642, 1381894, 1382074, 1382182, 1382578, 1382902, 1383154, 1383334, 1383442, 1383838, 1384162, 1384414, 1384594, 1384702, 1385098, 1385422, 1385674, 1385854, 1385962, 1386358, 1386682, 1386934, 1387114, 1387222, 1387618, 1387942, 1388194, 1388374, 1388482, 1388878, 1389202, 1389454, 1389634, 1389742, 1390138, 1390462, 1390714, 1390894, 1391002, 1391398, 1391722, 1391974, 1392154, 1392262, 1392658, 1392982, 1393234, 1393414, 1410701, 1411108, 1411441, 1411700, 1411885, 1412056, 1412463, 1412796, 1413055, 1413240, 1430246, 1430620, 1430926, 1431164, 1431334, 1431433, 1431796, 1432093, 1432324, 1432489, 1432591, 1432965, 1433271, 1433509, 1433679, 1433778, 1434141, 1434438, 1434669, 1434834]"
"('Description.java', 'org.junit.runner.Description', 'methodAndClassNamePatternGroupOrDefault', '([\\s\\S]*)\\((.*)\\)', 'testCompressedWALWithHLogReader(com.salesforce.hbase.index.util.TestIndexManagementUtil)')","[38589, 75946]"
"('Description.java', 'org.junit.runner.Description', 'methodAndClassNamePatternGroupOrDefault', '([\\s\\S]*)\\((.*)\\)', 'testSelectWithSubtractionExpression[CREATE INDEX ATABLE_IDX ON aTable (a_integer DESC) INCLUDE (    A_STRING,     B_STRING,     A_DATE)](com.salesforce.phoenix.end2end.QueryTest)')","[6270, 44722]"
"('StoreFile.java', 'org.apache.hadoop.hbase.regionserver.StoreFile', 'isHFile', '^([0-9a-f]+(?:_SeqId_[0-9]+_)?)', 'ea5ee0142ee542f2b182decd5f4cf622')","[1395022, 1395084, 1395208]"
"('Description.java', 'org.junit.runner.Description', 'methodAndClassNamePatternGroupOrDefault', '([\\s\\S]*)\\((.*)\\)', 'com.salesforce.phoenix.end2end.RowValueConstructorTest')","[24350, 1234744]"
"('Description.java', 'org.junit.runner.Description', 'methodAndClassNamePatternGroupOrDefault', '([\\s\\S]*)\\((.*)\\)', 'testStartKeyStopKey(com.salesforce.phoenix.end2end.CreateTableTest)')","[26136, 64154]"
"('Description.java', 'org.junit.runner.Description', 'methodAndClassNamePatternGroupOrDefault', '([\\s\\S]*)\\((.*)\\)', 'testDropColumnFromSaltedTable(com.salesforce.phoenix.end2end.AlterTableTest)')","[26508, 64484]"
"('Description.java', 'org.junit.runner.Description', 'methodAndClassNamePatternGroupOrDefault', '([\\s\\S]*)\\((.*)\\)', 'testMultiMixedTypeGroupBy(com.salesforce.phoenix.end2end.VariableLengthPKTest)')","[32387, 70006]"
"('Description.java', 'org.junit.runner.Description', 'methodAndClassNamePatternGroupOrDefault', '([\\s\\S]*)\\((.*)\\)', 'testPartiallyQualifiedRVCInList[CREATE INDEX ATABLE_IDX ON aTable (a_integer DESC) INCLUDE (    A_STRING,     B_STRING,     A_DATE)](com.salesforce.phoenix.end2end.QueryTest)')","[5097, 43549]"
"('Description.java', 'org.junit.runner.Description', 'methodAndClassNamePatternGroupOrDefault', '([\\s\\S]*)\\((.*)\\)', 'testNotInListOfFloat[CREATE INDEX ATABLE_IDX ON aTable (a_integer DESC) INCLUDE (    A_STRING,     B_STRING,     A_DATE)](com.salesforce.phoenix.end2end.QueryTest)')","[6247, 44699]"
"('Description.java', 'org.junit.runner.Description', 'methodAndClassNamePatternGroupOrDefault', '([\\s\\S]*)\\((.*)\\)', 'testNullInMiddleOfRVC(com.salesforce.phoenix.compile.WhereClauseOptimizerTest)')","[20737, 58896]"
"('Description.java', 'org.junit.runner.Description', 'methodAndClassNamePatternGroupOrDefault', '([\\s\\S]*)\\((.*)\\)', 'test[ScanRanges[[[a], [1], [[D - E]]]] (* - a2D]](com.salesforce.phoenix.compile.ScanRangesTest)')","[3525, 42330]"
"('Description.java', 'org.junit.runner.Description', 'methodAndClassNamePatternGroupOrDefault', '([\\s\\S]*)\\((.*)\\)', 'testUsableWithPut(com.salesforce.phoenix.client.TestClientKeyValueLocal)')","[36864, 74318]"
"('Description.java', 'org.junit.runner.Description', 'methodAndClassNamePatternGroupOrDefault', '([\\s\\S]*)\\((.*)\\)', 'testForUnsignedTimeArray(com.salesforce.phoenix.schema.PDataTypeForArraysTest)')","[37511, 74956]"
"('Description.java', 'org.junit.runner.Description', 'methodAndClassNamePatternGroupOrDefault', '([\\s\\S]*)\\((.*)\\)', 'testForVarcharArrayWith1Element(com.salesforce.phoenix.schema.PDataTypeForArraysTest)')","[37070, 74494]"
"('Description.java', 'org.junit.runner.Description', 'methodAndClassNamePatternGroupOrDefault', '([\\s\\S]*)\\((.*)\\)', 'testCreateNullableInPKMiddle(com.salesforce.phoenix.compile.QueryCompileTest)')","[22241, 60392]"
"('StoreFile.java', 'org.apache.hadoop.hbase.regionserver.StoreFile', 'isReference', '^([0-9a-f]+(?:_SeqId_[0-9]+_)?|(?:[a-zA-Z_0-9][a-zA-Z_0-9.-]*)=(?:[a-f0-9]+)-[0-9a-f]+(?:_SeqId_[0-9]+_)?)\\.(.+)$', '20b5128b7aac41579549f0eae9dbafad')","[78854, 78916, 79049]"
"('StoreFile.java', 'org.apache.hadoop.hbase.regionserver.StoreFile', 'isReference', '^([0-9a-f]+(?:_SeqId_[0-9]+_)?|(?:[a-zA-Z_0-9][a-zA-Z_0-9.-]*)=(?:[a-f0-9]+)-[0-9a-f]+(?:_SeqId_[0-9]+_)?)\\.(.+)$', '6714491762ef43799e0aa30c57291aeb')","[1235767, 1235829, 1235960]"
"('Description.java', 'org.junit.runner.Description', 'methodAndClassNamePatternGroupOrDefault', '([\\s\\S]*)\\((.*)\\)', 'testGroupByCount(com.salesforce.phoenix.end2end.index.ImmutableIndexTest)')","[28330, 66134]"
"('Description.java', 'org.junit.runner.Description', 'methodAndClassNamePatternGroupOrDefault', '([\\s\\S]*)\\((.*)\\)', 'testTypeMismatchInCase(com.salesforce.phoenix.compile.QueryCompileTest)')","[23081, 61272]"
"('HFileLink.java', 'org.apache.hadoop.hbase.io.HFileLink', 'isHFileLink', '^((?:[a-zA-Z_0-9][a-zA-Z_0-9.-]*))=((?:[a-f0-9]+))-([0-9a-f]+(?:_SeqId_[0-9]+_)?)$', 'a15c1ff147654ebc980d46346ae021e6')","[1413364, 1413470]"
"('Description.java', 'org.junit.runner.Description', 'methodAndClassNamePatternGroupOrDefault', '([\\s\\S]*)\\((.*)\\)', '[ScanRanges[[[b], [1], [[B - D]]]] [b0A - b1C]]')",[2446]
"('Description.java', 'org.junit.runner.Description', 'methodAndClassNamePatternGroupOrDefault', '([\\s\\S]*)\\((.*)\\)', 'testRowValueConstructorBindParamMetaData(com.salesforce.phoenix.compile.QueryMetaDataTest)')","[18223, 56322]"
"('Description.java', 'org.junit.runner.Description', 'methodAndClassNamePatternGroupOrDefault', '([\\s\\S]*)\\((.*)\\)', 'testLessThanOrEqualRound(com.salesforce.phoenix.compile.WhereClauseOptimizerTest)')","[19960, 58082]"
"('Description.java', 'org.junit.runner.Description', 'methodAndClassNamePatternGroupOrDefault', '([\\s\\S]*)\\((.*)\\)', 'subtractionOnDescCompositePK(com.salesforce.phoenix.end2end.DescColumnSortOrderTest)')","[29009, 66706]"
"('Description.java', 'org.junit.runner.Description', 'methodAndClassNamePatternGroupOrDefault', '([\\s\\S]*)\\((.*)\\)', 'testNullabilityMultiCondCaseStatement[CREATE INDEX ATABLE_IDX ON aTable (a_integer, a_string) INCLUDE (    B_STRING,     A_DATE)](com.salesforce.phoenix.end2end.QueryTest)')","[7901, 46332]"
"('Description.java', 'org.junit.runner.Description', 'methodAndClassNamePatternGroupOrDefault', '([\\s\\S]*)\\((.*)\\)', 'testLimitScan(com.salesforce.phoenix.end2end.salted.SaltedTableTest)')","[24894, 63032]"
"('Description.java', 'org.junit.runner.Description', 'methodAndClassNamePatternGroupOrDefault', '([\\s\\S]*)\\((.*)\\)', 'testCoerceTinyIntToSmallInt[CREATE INDEX ATABLE_IDX ON aTable (a_integer, a_string) INCLUDE (    B_STRING,     A_DATE)](com.salesforce.phoenix.end2end.QueryTest)')","[7073, 45504]"
"('Description.java', 'org.junit.runner.Description', 'methodAndClassNamePatternGroupOrDefault', '([\\s\\S]*)\\((.*)\\)', 'testUnsignedDouble(com.salesforce.phoenix.schema.PDataTypeTest)')","[37971, 75418]"
"('Description.java', 'org.junit.runner.Description', 'methodAndClassNamePatternGroupOrDefault', '([\\s\\S]*)\\((.*)\\)', 'testCoelesceFunctionTypeMismatch(com.salesforce.phoenix.compile.QueryCompileTest)')","[21779, 59908]"
"('Description.java', 'org.junit.runner.Description', 'methodAndClassNamePatternGroupOrDefault', '([\\s\\S]*)\\((.*)\\)', 'com.salesforce.phoenix.util.ByteUtilTest')","[15576, 1180126]"
"('Description.java', 'org.junit.runner.Description', 'methodAndClassNamePatternGroupOrDefault', '([\\s\\S]*)\\((.*)\\)', 'testRowValueConstructorInWhereWithUnEqualNumberArgs(com.salesforce.phoenix.end2end.RowValueConstructorTest)')","[24455, 62592]"
"('Description.java', 'org.junit.runner.Description', 'methodAndClassNamePatternGroupOrDefault', '([\\s\\S]*)\\((.*)\\)', 'testOnlyLoadsRequestedColumns(com.salesforce.hbase.index.covered.TestLocalTableState)')","[39865, 77024]"
"('Description.java', 'org.junit.runner.Description', 'methodAndClassNamePatternGroupOrDefault', '([\\s\\S]*)\\((.*)\\)', 'testRVCInCombinationWithOtherNonRVC(com.salesforce.phoenix.compile.WhereClauseOptimizerTest)')","[20128, 58258]"
"('HFileLink.java', 'org.apache.hadoop.hbase.io.HFileLink', 'isHFileLink', '^((?:[a-zA-Z_0-9][a-zA-Z_0-9.-]*))=((?:[a-f0-9]+))-([0-9a-f]+(?:_SeqId_[0-9]+_)?)$', '04eb9ac4da1a4a188e218f0eda5d1b29')","[1306198, 1306251]"
"('Description.java', 'org.junit.runner.Description', 'methodAndClassNamePatternGroupOrDefault', '([\\s\\S]*)\\((.*)\\)', 'testRowKeyMultiIn[CREATE INDEX ATABLE_IDX ON aTable (a_integer DESC) INCLUDE (    A_STRING,     B_STRING,     A_DATE)](com.salesforce.phoenix.end2end.QueryTest)')","[5511, 43963]"
"('Description.java', 'org.junit.runner.Description', 'methodAndClassNamePatternGroupOrDefault', '([\\s\\S]*)\\((.*)\\)', 'testScanWithNonFixedWidthArrayInWhereClause(com.salesforce.phoenix.end2end.ArrayTest)')","[25745, 63824]"
"('Description.java', 'org.junit.runner.Description', 'methodAndClassNamePatternGroupOrDefault', '([\\s\\S]*)\\((.*)\\)', 'testForBooleanArray(com.salesforce.phoenix.schema.PDataTypeForArraysTest)')","[37112, 74538]"
"('StoreFile.java', 'org.apache.hadoop.hbase.regionserver.StoreFile', 'isHFile', '^([0-9a-f]+(?:_SeqId_[0-9]+_)?)', '866c3490ab1e49dfb3408b1788efaaf1')","[1306021, 1306074]"
"('Description.java', 'org.junit.runner.Description', 'methodAndClassNamePatternGroupOrDefault', '([\\s\\S]*)\\((.*)\\)', 'testFloorDateInWhere(com.salesforce.phoenix.end2end.RoundFloorCeilFunctionsEnd2EndTest)')","[35828, 73372]"
"('Description.java', 'org.junit.runner.Description', 'methodAndClassNamePatternGroupOrDefault', '([\\s\\S]*)\\((.*)\\)', 'testCompositeDescRowKeyVarFixedDescIndex(com.salesforce.phoenix.index.IndexMaintainerTest)')","[16034, 54188]"
"('Description.java', 'org.junit.runner.Description', 'methodAndClassNamePatternGroupOrDefault', '([\\s\\S]*)\\((.*)\\)', 'testParsePreQuery3(com.salesforce.phoenix.parse.QueryParserTest)')","[16263, 54408]"
"('Description.java', 'org.junit.runner.Description', 'methodAndClassNamePatternGroupOrDefault', '([\\s\\S]*)\\((.*)\\)', 'testInQuery(com.salesforce.phoenix.end2end.SkipScanQueryTest)')","[29511, 67212]"
"('Description.java', 'org.junit.runner.Description', 'methodAndClassNamePatternGroupOrDefault', '([\\s\\S]*)\\((.*)\\)', 'testColumnCompare_prefix(com.salesforce.phoenix.client.TestClientKeyValueLocal)')","[36780, 74230]"
"('Description.java', 'org.junit.runner.Description', 'methodAndClassNamePatternGroupOrDefault', '([\\s\\S]*)\\((.*)\\)', 'getDefaultWriter(com.salesforce.hbase.index.write.TestIndexWriter)')","[40149, 77222]"
"('Description.java', 'org.junit.runner.Description', 'methodAndClassNamePatternGroupOrDefault', '([\\s\\S]*)\\((.*)\\)', 'com.salesforce.phoenix.end2end.AutoCommitTest')",[35368]
"('Description.java', 'org.junit.runner.Description', 'methodAndClassNamePatternGroupOrDefault', '([\\s\\S]*)\\((.*)\\)', 'com.salesforce.phoenix.end2end.UpsertSelectAutoCommitTest')",[27107]
"('Description.java', 'org.junit.runner.Description', 'methodAndClassNamePatternGroupOrDefault', '([\\s\\S]*)\\((.*)\\)', 'testDynamicFamilyFunctionException(com.salesforce.phoenix.end2end.DynamicFamilyTest)')","[31381, 68972]"
"('Description.java', 'org.junit.runner.Description', 'methodAndClassNamePatternGroupOrDefault', '([\\s\\S]*)\\((.*)\\)', 'testGroupedAggregation[CREATE INDEX ATABLE_IDX ON aTable (a_integer, a_string) INCLUDE (    B_STRING,     A_DATE)](com.salesforce.phoenix.end2end.QueryTest)')","[7763, 46194]"
"('StoreFile.java', 'org.apache.hadoop.hbase.regionserver.StoreFile', 'isReference', '^([0-9a-f]+(?:_SeqId_[0-9]+_)?|(?:[a-zA-Z_0-9][a-zA-Z_0-9.-]*)=(?:[a-f0-9]+)-[0-9a-f]+(?:_SeqId_[0-9]+_)?)\\.(.+)$', 'd3404f6b91f047a3b2d78fd348acb899')","[1413276, 1413329]"
"('Description.java', 'org.junit.runner.Description', 'methodAndClassNamePatternGroupOrDefault', '([\\s\\S]*)\\((.*)\\)', 'testColumnOnBothSides[CREATE INDEX ATABLE_IDX ON aTable (a_integer DESC) INCLUDE (    A_STRING,     B_STRING,     A_DATE)](com.salesforce.phoenix.end2end.QueryTest)')","[6132, 44584]"
"('Description.java', 'org.junit.runner.Description', 'methodAndClassNamePatternGroupOrDefault', '([\\s\\S]*)\\((.*)\\)', 'testGetTableName(com.salesforce.phoenix.schema.SchemaUtilTest)')","[38364, 75770]"
"('Description.java', 'org.junit.runner.Description', 'methodAndClassNamePatternGroupOrDefault', '([\\s\\S]*)\\((.*)\\)', 'com.salesforce.phoenix.end2end.MD5FunctionTest')",[28717]
"('Description.java', 'org.junit.runner.Description', 'methodAndClassNamePatternGroupOrDefault', '([\\s\\S]*)\\((.*)\\)', 'testRoundingUpDateInWhere(com.salesforce.phoenix.end2end.RoundFloorCeilFunctionsEnd2EndTest)')","[35429, 72954]"
"('Description.java', 'org.junit.runner.Description', 'methodAndClassNamePatternGroupOrDefault', '([\\s\\S]*)\\((.*)\\)', 'testMultiTableColumnsMetadataScan(com.salesforce.phoenix.end2end.QueryDatabaseMetaDataTest)')","[27565, 65452]"
"('Description.java', 'org.junit.runner.Description', 'methodAndClassNamePatternGroupOrDefault', '([\\s\\S]*)\\((.*)\\)', 'testMultipleTimestampsInSinglePut(com.salesforce.hbase.index.covered.example.TestEndToEndCoveredIndexing)')","[39350, 76584]"
"('Description.java', 'org.junit.runner.Description', 'methodAndClassNamePatternGroupOrDefault', '([\\s\\S]*)\\((.*)\\)', 'testDeleteColumnsInThePast(com.salesforce.hbase.index.covered.example.TestEndToEndCoveredIndexing)')","[39287, 76518]"
"('Description.java', 'org.junit.runner.Description', 'methodAndClassNamePatternGroupOrDefault', '([\\s\\S]*)\\((.*)\\)', 'testEssentialColumnFamilyForRowKeyFilter(com.salesforce.phoenix.end2end.MultiCfQueryExecTest)')","[30654, 68290]"
"('Description.java', 'org.junit.runner.Description', 'methodAndClassNamePatternGroupOrDefault', '([\\s\\S]*)\\((.*)\\)', 'testIntToDecimalDivideExpression[](com.salesforce.phoenix.end2end.QueryTest)')","[12750, 51139]"
"('Description.java', 'org.junit.runner.Description', 'methodAndClassNamePatternGroupOrDefault', '([\\s\\S]*)\\((.*)\\)', 'testNegativeAddNegativeValue(com.salesforce.phoenix.end2end.NativeHBaseTypesTest)')","[35952, 73482]"
"('Description.java', 'org.junit.runner.Description', 'methodAndClassNamePatternGroupOrDefault', '([\\s\\S]*)\\((.*)\\)', 'testNotEqualsBySmallInt[](com.salesforce.phoenix.end2end.QueryTest)')","[12474, 50863]"
"('Description.java', 'org.junit.runner.Description', 'methodAndClassNamePatternGroupOrDefault', '([\\s\\S]*)\\((.*)\\)', 'testNegativeAgainstUnsignedAll(com.salesforce.phoenix.end2end.NativeHBaseTypesTest)')","[35994, 73526]"
"('Description.java', 'org.junit.runner.Description', 'methodAndClassNamePatternGroupOrDefault', '([\\s\\S]*)\\((.*)\\)', 'testInnerJoin[[Ljava.lang.String;@1249ffc3](com.salesforce.phoenix.end2end.HashJoinTest)')","[14950, 53278]"
"('Description.java', 'org.junit.runner.Description', 'methodAndClassNamePatternGroupOrDefault', '([\\s\\S]*)\\((.*)\\)', 'testUnsignedDoubleAddExpression[CREATE INDEX ATABLE_IDX ON aTable (a_integer DESC) INCLUDE (    A_STRING,     B_STRING,     A_DATE)](com.salesforce.phoenix.end2end.QueryTest)')","[5235, 43687]"
"('Description.java', 'org.junit.runner.Description', 'methodAndClassNamePatternGroupOrDefault', '([\\s\\S]*)\\((.*)\\)', 'testFullUnbalancedUpsert(com.salesforce.phoenix.end2end.DynamicUpsertTest)')","[27294, 65188]"
"('Description.java', 'org.junit.runner.Description', 'methodAndClassNamePatternGroupOrDefault', '([\\s\\S]*)\\((.*)\\)', 'com.salesforce.phoenix.end2end.index.ImmutableIndexTest')",[28120]
"('Description.java', 'org.junit.runner.Description', 'methodAndClassNamePatternGroupOrDefault', '([\\s\\S]*)\\((.*)\\)', 'testChooseIndexFromOrderByAsc(com.salesforce.phoenix.compile.QueryOptimizerTest)')","[18996, 57092]"
"('Description.java', 'org.junit.runner.Description', 'methodAndClassNamePatternGroupOrDefault', '([\\s\\S]*)\\((.*)\\)', '[ScanRanges[[[(\\x01 - \\x01)]]] 1]')",[2578]
"('Description.java', 'org.junit.runner.Description', 'methodAndClassNamePatternGroupOrDefault', '([\\s\\S]*)\\((.*)\\)', 'testUnsignedFloat(com.salesforce.phoenix.schema.PDataTypeTest)')","[37740, 75176]"
"('Description.java', 'org.junit.runner.Description', 'methodAndClassNamePatternGroupOrDefault', '([\\s\\S]*)\\((.*)\\)', 'testCompatibility(com.salesforce.phoenix.util.MetaDataUtilTest)')","[15679, 53836]"
"('Description.java', 'org.junit.runner.Description', 'methodAndClassNamePatternGroupOrDefault', '([\\s\\S]*)\\((.*)\\)', 'testCorrectlyCleansUpResources(com.salesforce.hbase.index.write.TestParalleWriterIndexCommitter)')","[40067, 77156]"
"('Description.java', 'org.junit.runner.Description', 'methodAndClassNamePatternGroupOrDefault', '([\\s\\S]*)\\((.*)\\)', 'testCastingStringToDecimalInSelect(com.salesforce.phoenix.compile.QueryCompileTest)')","[22388, 60546]"
"('Description.java', 'org.junit.runner.Description', 'methodAndClassNamePatternGroupOrDefault', '([\\s\\S]*)\\((.*)\\)', 'testDegenerateSub2(com.salesforce.phoenix.compile.WhereClauseOptimizerTest)')","[21157, 59336]"
"('Description.java', 'org.junit.runner.Description', 'methodAndClassNamePatternGroupOrDefault', '([\\s\\S]*)\\((.*)\\)', 'testUsableWithDelete(com.salesforce.phoenix.client.TestClientKeyValueLocal)')","[36843, 74296]"
"('Description.java', 'org.junit.runner.Description', 'methodAndClassNamePatternGroupOrDefault', '([\\s\\S]*)\\((.*)\\)', 'testValidArithmetic[](com.salesforce.phoenix.end2end.QueryTest)')","[13417, 51806]"
"('Description.java', 'org.junit.runner.Description', 'methodAndClassNamePatternGroupOrDefault', '([\\s\\S]*)\\((.*)\\)', 'testUsingNonComparableDataTypesInRowValueConstructorFails(com.salesforce.phoenix.compile.QueryCompileTest)')","[21716, 59842]"
"('Description.java', 'org.junit.runner.Description', 'methodAndClassNamePatternGroupOrDefault', '([\\s\\S]*)\\((.*)\\)', 'testMultiFixedLengthNull(com.salesforce.phoenix.end2end.VariableLengthPKTest)')","[32198, 69808]"
"('Description.java', 'org.junit.runner.Description', 'methodAndClassNamePatternGroupOrDefault', '([\\s\\S]*)\\((.*)\\)', 'testNonNullMultiCondCaseStatement[CREATE INDEX ATABLE_IDX ON aTable (a_integer) INCLUDE (    A_STRING,     B_STRING,     A_DATE)](com.salesforce.phoenix.end2end.QueryTest)')","[9808, 48218]"
"('Description.java', 'org.junit.runner.Description', 'methodAndClassNamePatternGroupOrDefault', '([\\s\\S]*)\\((.*)\\)', 'testIndexDefinitionWithSameColumnNamesInTwoFamily(com.salesforce.phoenix.end2end.index.IndexMetadataTest)')","[28433, 66222]"
"('Description.java', 'org.junit.runner.Description', 'methodAndClassNamePatternGroupOrDefault', '([\\s\\S]*)\\((.*)\\)', 'testSingleFixedLengthNull(com.salesforce.phoenix.end2end.VariableLengthPKTest)')","[32093, 69698]"
"('ServerName.java', 'org.apache.hadoop.hbase.ServerName', 'parseServerName', '[^,]+,[\\d]+,[\\d]+$', 'bn19-236.dcs.mcnc.org,33086,1516005552383')","[1260229, 1260253, 1260355, 1260375, 1260395, 1260419, 1260443, 1260467, 1260491, 1260515, 1260539, 1260563, 1260587, 1260611, 1260635, 1260659, 1260683, 1260707, 1260731, 1260755, 1260779, 1260803, 1260827, 1260851, 1260875, 1260899, 1260923, 1260947, 1260971, 1260995, 1261019, 1261043, 1261067, 1261091, 1261115, 1261139, 1261163, 1261187, 1261211, 1261235, 1261259, 1261283, 1261307, 1261331, 1261355, 1261379, 1261403, 1261424, 1261445, 1261503, 1261527, 1261545, 1261563, 1261587, 1261611, 1261635, 1261659, 1261678, 1261700, 1261722, 1261764, 1267870, 1268179, 1268227, 1288716]"
"('Description.java', 'org.junit.runner.Description', 'methodAndClassNamePatternGroupOrDefault', '([\\s\\S]*)\\((.*)\\)', 'testOverGlobalMemoryLimit(com.salesforce.phoenix.memory.MemoryManagerTest)')","[17954, 56080]"
"('Description.java', 'org.junit.runner.Description', 'methodAndClassNamePatternGroupOrDefault', '([\\s\\S]*)\\((.*)\\)', 'testSmallIntDivideExpression[CREATE INDEX ATABLE_IDX ON aTable (a_integer DESC) INCLUDE (    A_STRING,     B_STRING,     A_DATE)](com.salesforce.phoenix.end2end.QueryTest)')","[5120, 43572]"
"('Description.java', 'org.junit.runner.Description', 'methodAndClassNamePatternGroupOrDefault', '([\\s\\S]*)\\((.*)\\)', 'testIsNullQuery(com.salesforce.phoenix.parse.QueryParserTest)')","[16872, 55046]"
"('Description.java', 'org.junit.runner.Description', 'methodAndClassNamePatternGroupOrDefault', '([\\s\\S]*)\\((.*)\\)', 'testSetSaltBucketOnAlterTable(com.salesforce.phoenix.compile.QueryCompileTest)')","[21884, 60018]"
"('HFileLink.java', 'org.apache.hadoop.hbase.io.HFileLink', 'isHFileLink', '^((?:[a-zA-Z_0-9][a-zA-Z_0-9.-]*))=((?:[a-f0-9]+))-([0-9a-f]+(?:_SeqId_[0-9]+_)?)$', '80d6ab725bff41b8a72bd2b5271cc2e9')","[890983, 891036]"
"('Description.java', 'org.junit.runner.Description', 'methodAndClassNamePatternGroupOrDefault', '([\\s\\S]*)\\((.*)\\)', 'testCoalesce(com.salesforce.phoenix.end2end.CoalesceFunctionTest)')","[26075, 64110]"
"('Description.java', 'org.junit.runner.Description', 'methodAndClassNamePatternGroupOrDefault', '([\\s\\S]*)\\((.*)\\)', 'testInListParameterMetaData1(com.salesforce.phoenix.compile.QueryMetaDataTest)')","[18076, 56168]"
"('Description.java', 'org.junit.runner.Description', 'methodAndClassNamePatternGroupOrDefault', '([\\s\\S]*)\\((.*)\\)', 'test[[[AAA, [abc - def], [dzz - xyz)], [[AB - AX], [EB - EZ), [PO - PP)]] [I@5c797bc6 [rowkey=aaaAA, expected seek next using hint: abcAB, rowkey=abcZZ, expected seek next using hint: abdAB, rowkey=abdZZ, expected seek next using hint: abeAB, rowkey=dea\\xFF\\xFF, expected seek next using hint: debAB, rowkey=defAB, expected include, rowkey=defAC, expected include, rowkey=defAW, expected include, rowkey=defAX, expected include, rowkey=defEB, expected include, rowkey=defPO, expected include, rowkey=degAB, expected seek next using hint: dzzAB, rowkey=dzzAX, expected include, rowkey=dzzEY, expected include, rowkey=dzzEZ, expected seek next using hint: dzzPO, rowkey=eeeAB, expected include, rowkey=eeeAC, expected include, rowkey=eeeEA, expected seek next using hint: eeeEB, rowkey=eeeEF, expected include, rowkey=eeeEZ, expected seek next using hint: eeePO, rowkey=xyzAA, expected finished]](com.salesforce.phoenix.filter.SkipScanFilterTest)')","[1419, 41249]"
"('Description.java', 'org.junit.runner.Description', 'methodAndClassNamePatternGroupOrDefault', '([\\s\\S]*)\\((.*)\\)', 'com.salesforce.phoenix.end2end.UpsertSelectTest')",[31068]
"('Description.java', 'org.junit.runner.Description', 'methodAndClassNamePatternGroupOrDefault', '([\\s\\S]*)\\((.*)\\)', 'testDoubleSubtractionExpression[CREATE INDEX ATABLE_IDX ON aTable (a_integer DESC) INCLUDE (    A_STRING,     B_STRING,     A_DATE)](com.salesforce.phoenix.end2end.QueryTest)')","[5603, 44055]"
"('Description.java', 'org.junit.runner.Description', 'methodAndClassNamePatternGroupOrDefault', '([\\s\\S]*)\\((.*)\\)', 'com.salesforce.hbase.index.covered.filter.TestFamilyOnlyFilter')",[39495]
"('Description.java', 'org.junit.runner.Description', 'methodAndClassNamePatternGroupOrDefault', '([\\s\\S]*)\\((.*)\\)', 'testCancelingUpdates(com.salesforce.hbase.index.covered.update.TestIndexUpdateManager)')","[39804, 76980]"
"('StoreFile.java', 'org.apache.hadoop.hbase.regionserver.StoreFile', 'isHFile', '^([0-9a-f]+(?:_SeqId_[0-9]+_)?)', '58615c2e39524917bbee3d8eb175e61c')","[1328289, 1328342]"
"('Description.java', 'org.junit.runner.Description', 'methodAndClassNamePatternGroupOrDefault', '([\\s\\S]*)\\((.*)\\)', 'testUpsertSelectRunOnServer(com.salesforce.phoenix.end2end.UpsertSelectTest)')","[31152, 68752]"
"('Description.java', 'org.junit.runner.Description', 'methodAndClassNamePatternGroupOrDefault', '([\\s\\S]*)\\((.*)\\)', 'testConstantDivideExpression[CREATE INDEX ATABLE_IDX ON aTable (a_integer) INCLUDE (    A_STRING,     B_STRING,     A_DATE)](com.salesforce.phoenix.end2end.QueryTest)')","[11372, 49782]"
"('Description.java', 'org.junit.runner.Description', 'methodAndClassNamePatternGroupOrDefault', '([\\s\\S]*)\\((.*)\\)', 'multiply(com.salesforce.phoenix.expression.DescColumnSortOrderExpressionTest)')","[17624, 55794]"
"('Description.java', 'org.junit.runner.Description', 'methodAndClassNamePatternGroupOrDefault', '([\\s\\S]*)\\((.*)\\)', 'testCommentQuery(com.salesforce.phoenix.parse.QueryParserTest)')","[16914, 55090]"
"('Description.java', 'org.junit.runner.Description', 'methodAndClassNamePatternGroupOrDefault', '([\\s\\S]*)\\((.*)\\)', 'testDefaultHConnectionFactory(com.salesforce.phoenix.query.HBaseFactoryProviderTest)')","[24310, 62460]"
"('Description.java', 'org.junit.runner.Description', 'methodAndClassNamePatternGroupOrDefault', '([\\s\\S]*)\\((.*)\\)', 'testKeyOrderedAggregation1(com.salesforce.phoenix.end2end.ProductMetricsTest)')","[33196, 70754]"
"('Description.java', 'org.junit.runner.Description', 'methodAndClassNamePatternGroupOrDefault', '([\\s\\S]*)\\((.*)\\)', 'testKeyProjectionWithIntegerValue(com.salesforce.phoenix.end2end.ToNumberFunctionTest)')","[34473, 72052]"
"('Description.java', 'org.junit.runner.Description', 'methodAndClassNamePatternGroupOrDefault', '([\\s\\S]*)\\((.*)\\)', '[ScanRanges[[[(\\x01 - \\x01)], [(\\x01 - \\x01)], [(\\x01 - \\x01)]]] b2A]')",[3238]
"('Description.java', 'org.junit.runner.Description', 'methodAndClassNamePatternGroupOrDefault', '([\\s\\S]*)\\((.*)\\)', 'test[[[a], [[1 - 2)]] [I@2bcc6e39 [B@7a5876a5 UPPER {4}](com.salesforce.phoenix.util.ScanUtilTest)')","[740, 40904]"
"('Description.java', 'org.junit.runner.Description', 'methodAndClassNamePatternGroupOrDefault', '([\\s\\S]*)\\((.*)\\)', 'com.salesforce.phoenix.end2end.ReverseFunctionTest')",[26983]
"('HTableDescriptor.java', 'org.apache.hadoop.hbase.HTableDescriptor', 'hasCoprocessor', '(^[^\\|]*)\\|([^\\|]+)\\|[\\s]*([\\d]*)[\\s]*(\\|.*)?$', '|com.salesforce.phoenix.coprocessor.UngroupedAggregateRegionObserver|1|')","[81258, 81535, 82084, 82441, 83107, 83614, 84170, 85188, 85824, 87960, 88197, 88668, 88985, 89573, 89963, 90360, 91636, 91849, 92272, 92557, 93085, 93449, 95819, 96204, 97044, 97429, 98269, 98654, 99494, 99879, 100719, 101104, 101944, 102329, 103169, 103554, 108386, 108663, 109212, 109569, 110235, 110742, 111298, 112316, 112952, 115053, 115290, 115761, 116078, 116666, 117056, 117453, 118737, 118956, 119391, 119684, 120227, 120601, 122901, 123128, 123580, 123873, 124708, 125104, 125868, 126156, 126736, 127132, 127896, 128184, 128764, 129160, 129924, 130212, 130817, 131213, 131977, 132265, 132845, 133241, 134005, 134293, 134873, 135269, 136033, 136321, 136901, 137297, 138061, 138349, 138929, 139325, 140089, 140377, 140957, 141353, 142117, 142405, 142985, 143381, 144145, 144433, 145013, 145409, 146173, 146461, 147041, 147437, 148201, 148489, 149069, 149465, 150229, 150517, 151097, 151493, 152257, 152545, 153125, 153521, 154285, 154573, 155144, 155529, 156271, 156550, 157113, 157498, 158240, 158519, 159082, 159467, 160209, 160488, 161051, 161436, 162178, 162457, 163020, 163405, 164147, 164426, 164989, 165374, 166116, 166395, 166983, 167368, 168110, 168389, 168952, 169337, 170079, 170358, 170921, 171306, 172048, 172327, 172890, 173275, 174017, 174296, 174859, 175244, 175986, 176265, 176828, 177213, 177955, 178234, 178797, 179182, 179924, 180203, 180766, 181151, 181893, 182172, 182735, 183120, 183862, 184141, 184704, 185089, 185831, 186110, 186673, 187058, 187800, 188079, 188642, 189027, 189769, 190048, 190611, 190996, 191738, 192017, 192580, 192965, 193723, 194002, 194565, 194950, 195692, 195971, 196534, 196919, 197661, 197940, 198503, 198888, 199630, 199909, 200472, 200857, 201599, 201878, 202441, 202826, 203568, 203847, 204410, 204795, 205537, 205816, 206379, 206764, 207506, 207785, 208348, 208733, 209475, 209754, 210317, 210702, 211444, 211723, 212286, 212671, 213413, 213692, 214255, 214640, 215382, 215661, 216224, 216609, 217351, 217630, 218193, 218578, 219320, 219599, 220162, 220547, 221289, 221568, 222131, 222516, 223258, 223537, 224100, 224485, 225227, 225506, 226069, 226454, 227196, 227475, 228038, 228423, 229165, 229444, 230007, 230392, 231134, 231413, 231976, 232361, 233103, 233382, 233945, 234330, 235072, 235351, 235914, 236299, 237041, 237320, 237883, 238268, 239010, 239289, 239852, 240237, 240979, 241258, 241821, 242206, 242948, 243227, 243790, 244175, 244917, 245196, 245759, 246144, 246886, 247165, 247728, 248113, 248855, 249134, 249697, 250082, 250824, 251103, 251666, 252051, 252793, 253072, 253635, 254020, 254762, 255041, 255604, 255989, 256731, 257010, 257573, 257958, 258700, 258979, 259542, 259927, 260669, 260948, 261511, 261896, 262638, 262917, 263480, 263865, 264607, 264886, 265449, 265834, 266576, 266855, 267418, 267803, 268545, 268824, 269387, 269772, 270514, 270793, 271356, 271741, 272483, 272762, 273325, 273710, 274452, 274731, 275294, 275679, 276421, 276700, 277263, 277648, 278390, 278669, 279232, 279617, 280359, 280638, 281201, 281586, 282328, 282607, 283170, 283555, 284297, 284576, 285139, 285524, 286266, 286545, 287980, 288365, 289107, 289386, 289949, 290334, 291076, 291355, 291918, 292303, 293045, 293324, 293887, 294272, 295014, 295293, 295856, 296241, 296983, 297262, 297825, 298210, 298952, 299231, 299794, 300179, 300921, 301200, 301763, 302148, 302890, 303169, 303732, 304117, 304859, 305138, 305701, 306086, 306828, 307107, 307670, 308055, 308797, 309076, 309639, 310024, 310766, 311045, 311608, 311993, 312735, 313014, 313577, 313962, 314704, 314983, 315546, 315931, 316673, 316952, 317515, 317900, 318642, 318921, 319484, 319869, 320611, 320890, 321453, 321838, 322580, 322859, 323422, 323807, 324549, 324828, 325391, 325776, 326518, 326797, 327360, 327745, 328487, 328766, 329329, 329714, 330456, 330735, 331298, 331683, 332493, 332772, 333335, 333720, 334462, 334741, 335304, 335689, 336431, 336710, 337636, 338021, 338763, 339042, 339605, 339990, 340732, 341011, 341574, 341959, 342701, 342980, 343543, 343928, 344670, 344949, 345512, 345897, 346639, 346918, 347481, 347866, 348608, 348887, 349450, 349835, 350577, 350856, 351419, 351804, 352546, 352825, 353388, 353773, 354515, 354794, 355357, 355742, 356484, 356763, 357326, 357711, 358453, 358732, 359295, 359680, 360422, 360701, 361264, 361649, 362391, 362670, 363233, 363618, 364360, 364639, 365202, 365587, 366329, 366608, 367171, 367556, 368298, 368577, 369140, 369525, 370267, 370546, 371109, 371494, 372236, 372515, 373078, 373463, 374205, 374484, 375047, 375432, 376174, 376453, 377016, 377401, 378143, 378422, 379010, 379395, 380137, 380416, 380979, 381364, 382106, 382385, 382948, 383333, 384075, 384354, 384917, 385302, 386044, 386323, 386886, 387271, 388013, 388292, 388855, 389240, 389982, 390261, 390824, 391209, 391951, 392230, 392793, 393178, 393920, 394199, 394762, 395147, 395889, 396168, 396731, 397116, 397858, 398137, 398700, 399085, 399827, 400106, 400669, 401054, 401796, 402075, 402638, 403023, 403765, 404044, 404607, 404992, 405734, 406013, 406576, 406961, 407703, 407982, 408545, 408930, 409672, 409951, 410514, 410899, 411641, 411920, 412483, 412868, 413610, 413889, 414452, 414837, 415579, 415858, 416421, 416806, 417548, 417827, 418390, 418775, 419517, 419796, 420359, 420744, 421486, 421765, 422328, 422713, 423455, 423734, 424297, 424682, 425424, 425703, 426266, 426651, 427393, 427672, 428235, 428620, 429362, 429641, 430204, 430589, 431331, 431610, 432173, 432558, 433300, 433579, 434142, 434527, 435269, 435548, 436111, 436496, 437238, 437517, 438080, 438465, 439207, 439486, 440049, 440434, 441176, 441455, 442018, 442403, 443145, 443424, 443987, 444372, 445114, 445393, 445956, 446341, 447083, 447362, 447925, 448310, 449052, 449331, 449894, 450279, 451021, 451300, 451863, 452248, 452990, 453269, 453832, 454217, 454959, 455238, 455801, 456186, 456928, 457207, 457770, 458155, 458897, 459176, 459739, 460124, 460866, 461145, 461708, 462093, 462835, 463114, 463677, 464062, 464804, 465083, 465646, 466031, 466773, 467052, 467615, 468000, 468742, 469021, 469584, 469969, 470711, 470990, 471553, 471938, 472680, 472959, 473522, 473907, 474665, 474944, 475507, 475892, 476634, 476913, 477501, 477886, 478628, 478907, 479470, 479855, 480597, 480876, 481439, 481824, 482566, 482845, 483408, 483793, 484535, 484814, 485377, 485762, 486504, 486783, 487346, 487731, 488473, 488752, 489315, 489700, 490442, 490721, 491284, 491669, 492411, 492690, 493253, 493638, 494380, 494659, 495222, 495607, 496349, 496628, 497191, 497576, 498318, 498597, 499937, 500322, 501064, 501343, 501906, 502291, 503033, 503312, 503875, 504260, 505002, 505281, 505844, 506229, 506971, 507250, 507813, 508198, 508940, 509219, 509782, 510167, 510909, 511188, 511751, 512136, 512878, 513157, 513720, 514105, 514847, 515126, 515689, 516074, 516816, 517095, 517658, 518043, 518785, 519064, 519627, 520012, 520754, 521033, 521596, 521981, 522723, 523002, 523565, 523950, 524692, 524971, 525534, 525919, 526661, 526940, 527503, 527888, 528630, 528909, 529472, 529857, 530599, 530878, 531441, 531826, 532568, 532847, 533410, 533795, 534537, 534816, 535379, 535764, 536506, 536785, 537348, 537733, 538475, 538754, 539317, 539702, 540444, 540723, 541286, 541671, 542413, 542692, 543255, 543640, 544382, 544661, 545224, 545609, 546351, 546630, 547193, 547578, 548320, 548599, 549598, 549983, 550725, 551004, 551567, 551952, 552694, 552973, 553536, 553921, 554663, 554942, 555505, 555890, 556632, 556911, 557474, 557859, 558601, 558880, 559443, 559828, 560570, 560849, 561412, 561797, 562539, 562818, 563381, 563766, 564508, 564787, 565350, 565735, 566477, 566756, 567319, 567704, 568446, 568725, 569288, 569673, 570415, 570694, 571257, 571642, 572384, 572663, 573226, 573611, 574353, 574632, 575195, 575580, 576322, 576601, 577164, 577549, 578291, 578570, 579133, 579518, 580260, 580607, 581170, 581555, 582297, 582576, 583139, 583524, 584266, 584545, 585108, 585493, 586235, 586514, 587093, 587478, 588220, 588499, 589062, 589447, 590189, 590468, 591056, 591441, 592183, 592462, 593025, 593410, 594152, 594431, 594994, 595379, 596121, 596400, 596963, 597348, 598090, 598369, 598932, 599317, 600059, 600338, 600901, 601286, 602028, 602307, 602870, 603255, 603997, 604276, 604839, 605224, 605966, 606245, 606808, 607193, 607935, 608214, 608777, 609162, 609904, 610183, 610746, 611131, 611873, 612152, 612715, 613100, 613842, 614121, 614684, 615069, 615811, 616090, 616653, 617038, 617780, 618059, 618622, 619007, 619749, 620028, 620591, 620976, 621718, 621997, 622560, 622945, 623687, 623966, 624529, 624914, 625656, 625935, 626498, 626883, 627625, 627904, 628467, 628852, 629594, 629873, 630436, 630821, 631563, 631842, 632405, 632790, 633532, 633811, 634374, 634759, 635501, 635780, 636343, 636728, 637470, 637749, 638312, 638697, 639439, 639718, 640281, 640666, 641408, 641687, 642250, 642635, 643377, 643656, 644219, 644604, 645346, 645625, 646188, 646573, 647315, 647594, 648157, 648542, 649284, 649563, 650126, 650511, 651253, 651532, 652095, 652480, 653222, 653501, 654064, 654449, 655191, 655470, 656033, 656418, 657160, 657439, 658002, 658387, 659129, 659408, 659971, 660356, 661098, 661377, 661940, 662325, 663067, 663346, 663909, 664294, 665036, 665315, 665878, 666263, 667005, 667284, 667847, 668232, 668974, 669253, 669816, 670201, 670943, 671222, 671785, 672170, 672912, 673191, 673754, 674139, 674881, 675160, 675723, 676108, 676850, 677129, 677692, 678077, 678819, 679098, 679661, 680046, 680788, 681067, 681630, 682015, 682757, 683036, 683599, 683984, 684726, 685005, 685568, 685953, 686695, 686974, 687537, 687922, 688664, 688943, 689506, 689891, 690633, 690912, 691475, 691860, 692602, 692881, 693444, 693829, 694571, 694850, 695413, 695798, 696540, 696819, 697382, 697767, 698525, 698804, 699367, 699752, 700494, 700773, 701336, 701721, 702463, 702742, 703305, 703690, 704432, 704711, 705274, 705659, 706401, 706680, 707243, 707628, 708370, 708649, 709212, 709597, 710339, 710618, 711625, 712010, 712752, 713031, 713594, 713979, 714721, 715000, 715563, 715948, 716690, 716969, 717532, 717917, 718659, 718938, 719501, 719886, 720628, 720907, 721470, 721855, 722597, 722876, 723439, 723824, 724566, 724845, 725408, 725793, 726535, 726814, 727377, 727762, 728504, 728783, 729346, 729731, 730473, 730752, 731315, 731700, 732442, 732721, 733284, 733669, 734411, 734690, 735253, 735638, 736380, 736659, 737222, 737607, 738349, 738628, 739191, 739576, 740318, 740597, 741160, 741545, 742287, 742566, 743129, 743514, 744256, 744535, 745098, 745483, 746225, 746504, 747067, 747452, 748194, 748473, 749036, 749421, 750163, 750442, 751005, 751390, 752132, 752411, 752974, 753359, 754101, 754380, 754943, 755328, 756070, 756349, 756912, 757297, 758039, 758318, 758881, 759266, 760106, 760491, 761331, 761716, 762556, 762941, 763781, 764166, 765006, 765391, 766231, 766616, 767456, 767841, 768681, 769066, 769906, 770291, 771131, 771516, 772356, 772741, 773581, 773966, 774806, 775191, 776031, 776416, 777256, 777641, 778481, 778866, 779706, 780091, 780931, 781316, 782156, 782541, 783381, 783766, 784606, 784991, 785831, 786216, 787056, 787441, 788281, 788666, 789506, 789891, 790731, 791116, 791956, 792341, 793181, 793566, 794406, 794791, 795631, 796016, 796856, 797241, 798081, 798466, 799306, 799691, 800531, 800916, 801756, 802141, 802981, 803366, 804206, 804591, 805431, 805816, 806656, 807041, 807881, 808266, 809122, 809507, 810347, 810732, 811572, 811957, 812797, 813182, 814022, 814407, 815247, 815632, 816472, 816857, 817697, 818082, 818922, 819307, 820147, 820532, 821372, 821757, 822597, 822982, 823822, 824207, 825047, 825432, 826272, 826657, 827497, 827882, 828722, 829107, 829947, 830332, 831172, 831557, 832397, 832782, 833622, 834007, 834847, 835232, 836072, 836457, 837297, 837682, 838522, 838907, 839747, 840132, 840972, 841357, 842197, 842582, 843422, 843807, 844647, 845032, 845872, 846257, 847097, 847482, 848322, 848707, 849547, 849932, 850772, 851157, 851997, 852382, 853222, 853607, 854447, 854832, 855672, 856057, 856897, 857282, 858122, 858507, 859347, 859732, 861032, 861417, 862257, 862642, 863482, 863867, 864707, 865092, 865932, 866317, 867157, 867542, 868382, 868767, 869607, 869992, 870832, 871217, 872057, 872442, 873282, 873667, 874507, 874892, 875732, 876117, 876957, 877342, 878182, 878567, 879407, 879792, 880632, 881017, 881857, 882242, 883082, 883467, 884307, 884692, 885532, 885917, 886757, 887142, 887982, 888367, 889207, 889592, 894856, 895133, 895682, 896039, 896705, 897212, 897768, 898786, 899422, 901523, 901760, 902231, 902548, 903136, 903526, 903923, 905227, 905452, 905899, 906200, 906758, 907142, 908753, 908978, 909425, 909726, 910284, 910668, 912279, 912504, 912951, 913252, 913810, 914194, 915805, 916030, 916477, 916778, 917336, 917720, 918918, 919325, 920213, 920620, 921508, 921915, 922803, 923210, 924098, 924505, 925393, 925800, 926688, 927095, 927983, 928390, 929278, 929685, 930573, 930980, 931868, 932275, 933163, 933570, 934458, 934865, 935753, 936160, 937048, 937455, 938343, 938750, 939638, 940045, 940933, 941340, 942228, 942635, 943523, 943930, 944818, 945225, 946113, 946520, 947408, 947815, 948703, 949110, 949998, 950405, 951293, 951700, 952588, 952995, 953883, 954290, 955178, 955585, 956473, 956880, 957768, 958175, 959063, 959470, 960358, 960765, 961653, 962060, 962948, 963355, 964243, 964650, 965538, 965945, 966833, 967240, 968128, 968535, 969423, 969830, 970718, 971125, 972013, 972420, 973308, 973715, 974603, 975010, 975898, 976305, 977193, 977600, 978488, 978895, 979783, 980190, 981078, 981485, 982373, 982780, 983668, 984075, 984963, 985370, 986258, 986665, 987553, 987960, 988848, 989255, 990143, 990550, 991438, 991845, 992733, 993140, 994028, 994435, 995323, 995730, 996609, 997005, 997869, 998265, 999129, 999525, 1000389, 1000785, 1001649, 1002045, 1002909, 1003305, 1004169, 1004565, 1005429, 1005825, 1006689, 1007085, 1007949, 1008345, 1009209, 1009605, 1010469, 1010865, 1011729, 1012125, 1012989, 1013385, 1014249, 1014645, 1015509, 1015905, 1016769, 1017165, 1018029, 1018425, 1019289, 1019685, 1020549, 1020945, 1021809, 1022205, 1023069, 1023465, 1024329, 1024725, 1025589, 1025985, 1027339, 1027559, 1027997, 1028281, 1029596, 1029816, 1030254, 1030538, 1031853, 1032073, 1032511, 1032795, 1033620, 1034016, 1034880, 1035276, 1036140, 1036536, 1037400, 1037796, 1038553, 1038832, 1039297, 1039576, 1040041, 1040320, 1040892, 1041288, 1042152, 1042548, 1043412, 1043808, 1044672, 1045068, 1045825, 1046104, 1046569, 1046848, 1047313, 1047592, 1048164, 1048560, 1049424, 1049820, 1050684, 1051080, 1051944, 1052340, 1053097, 1053376, 1053841, 1054120, 1054585, 1054864, 1055436, 1055832, 1056696, 1057092, 1057956, 1058352, 1059216, 1059612, 1060369, 1060648, 1061113, 1061392, 1061857, 1062136, 1062708, 1063104, 1063968, 1064364, 1065228, 1065624, 1066488, 1066884, 1067641, 1067920, 1068385, 1068664, 1069129, 1069408, 1069980, 1070376, 1071240, 1071636, 1072500, 1072896, 1073760, 1074156, 1074913, 1075192, 1075657, 1075936, 1076401, 1076680, 1077252, 1077648, 1078512, 1078908, 1079772, 1080168, 1081032, 1081428, 1082185, 1082464, 1082929, 1083208, 1083673, 1083952, 1084524, 1084920, 1085784, 1086180, 1087044, 1087440, 1088304, 1088700, 1089457, 1089736, 1090201, 1090480, 1090945, 1091224, 1091796, 1092192, 1093056, 1093452, 1094316, 1094712, 1095576, 1095972, 1096729, 1097008, 1097473, 1097752, 1098217, 1098496, 1099068, 1099464, 1100328, 1100724, 1101588, 1101984, 1102848, 1103244, 1104001, 1104280, 1104745, 1105024, 1105489, 1105768, 1106340, 1106736, 1107600, 1107996, 1108860, 1109256, 1110120, 1110516, 1111273, 1111552, 1112017, 1112296, 1112761, 1113040, 1113612, 1114008, 1114872, 1115268, 1116132, 1116528, 1117392, 1117788, 1118545, 1118824, 1119289, 1119568, 1120033, 1120312, 1120884, 1121280, 1122144, 1122540, 1123404, 1123800, 1124664, 1125060, 1125817, 1126096, 1126561, 1126840, 1127305, 1127584, 1128156, 1128552, 1129416, 1129812, 1130676, 1131072, 1131936, 1132332, 1133089, 1133368, 1133833, 1134112, 1134577, 1134856, 1135428, 1135824, 1136688, 1137084, 1137948, 1138344, 1139208, 1139604, 1140361, 1140640, 1141105, 1141384, 1141849, 1142128, 1142700, 1143096, 1143960, 1144356, 1145220, 1145616, 1146480, 1146876, 1147633, 1147912, 1148377, 1148656, 1149121, 1149400, 1149972, 1150368, 1151232, 1151628, 1152492, 1152888, 1153752, 1154148, 1154905, 1155184, 1155649, 1155928, 1156393, 1156672, 1157244, 1157640, 1158504, 1158900, 1159764, 1160160, 1161024, 1161420, 1162177, 1162456, 1162921, 1163200, 1163665, 1163944, 1164516, 1164912, 1165776, 1166172, 1167036, 1167432, 1168296, 1168692, 1169449, 1169728, 1170193, 1170472, 1170937, 1171216, 1171788, 1172184, 1173048, 1173444, 1174308, 1174704, 1175568, 1175964, 1176721, 1177000, 1177465, 1177744, 1178209, 1178488, 1184378, 1184648, 1185183, 1185531, 1186180, 1186674, 1187216, 1188208, 1188828, 1190942, 1191173, 1191632, 1191941, 1192514, 1192894, 1193281, 1194576, 1194801, 1195248, 1195549, 1196107, 1196491, 1198301, 1198708, 1200029, 1200260, 1200719, 1201028, 1201601, 1201995, 1204255, 1204486, 1204945, 1205254, 1205827, 1206221, 1208048, 1208455, 1209343, 1209750, 1210638, 1211045, 1211942, 1212360, 1213263, 1213670, 1214558, 1214965, 1215853, 1216260, 1217148, 1217555, 1218443, 1218850, 1219738, 1220145, 1221033, 1221440, 1222328, 1222735, 1223623, 1224030, 1224927, 1225345, 1226248, 1226655, 1227543, 1227950, 1228838, 1229245, 1230142, 1230560, 1231472, 1231890, 1232793, 1233200, 1238379, 1238649, 1239184, 1239532, 1240181, 1240675, 1241217, 1242209, 1242829, 1244943, 1245174, 1245633, 1245942, 1246515, 1246895, 1247282, 1248577, 1248802, 1249249, 1249550, 1250108, 1250492, 1252302, 1252709, 1253597, 1254004, 1254892, 1255299, 1256187, 1256594, 1257482, 1257889, 1262798, 1263068, 1263603, 1263951, 1264600, 1265094, 1265636, 1266628, 1267248, 1269312, 1269543, 1270002, 1270311, 1270884, 1271264, 1271651, 1272926, 1273145, 1273580, 1273873, 1274416, 1274790, 1276574, 1276970, 1278236, 1278455, 1278890, 1279183, 1279726, 1280100, 1281884, 1282280, 1283144, 1283540, 1284404, 1284800, 1285664, 1286060, 1286924, 1287320, 1292378, 1292648, 1293183, 1293531, 1294180, 1294674, 1295216, 1296208, 1296828, 1298942, 1299173, 1299632, 1299941, 1300514, 1300894, 1301281, 1302576, 1302801, 1303248, 1303549, 1304107, 1304491, 1310370, 1310640, 1311175, 1311523, 1312172, 1312666, 1313208, 1314200, 1314820, 1316884, 1317115, 1317574, 1317883, 1318456, 1318836, 1319223, 1320538, 1320769, 1321228, 1321537, 1322110, 1322504, 1324331, 1324738, 1325626, 1326033, 1326930, 1327348, 1332368, 1332638, 1333173, 1333521, 1334170, 1334664, 1335206, 1336198, 1336818, 1338882, 1339113, 1339572, 1339881, 1340454, 1340834, 1341221, 1342516, 1342741, 1343188, 1343489, 1344047, 1344431, 1345629, 1346036, 1346924, 1347331, 1351972, 1352242, 1352777, 1353125, 1353774, 1354268, 1354810, 1355802, 1356422, 1358486, 1358717, 1359176, 1359485, 1360058, 1360438, 1360825, 1362100, 1362319, 1362754, 1363047, 1363590, 1363964, 1365748, 1366144, 1367008, 1367404, 1368268, 1368664, 1369930, 1370149, 1370584, 1370877, 1371420, 1371794, 1373578, 1373974, 1374838, 1375234, 1376098, 1376494, 1377358, 1377754, 1378618, 1379014, 1379878, 1380274, 1381138, 1381534, 1382398, 1382794, 1383658, 1384054, 1384918, 1385314, 1386178, 1386574, 1387438, 1387834, 1388698, 1389094, 1389958, 1390354, 1391218, 1391614, 1392478, 1392874, 1397662, 1397932, 1398467, 1398815, 1399464, 1399958, 1400500, 1401492, 1402112, 1404176, 1404407, 1404866, 1405175, 1405748, 1406128, 1406515, 1407810, 1408035, 1408482, 1408783, 1409341, 1409725, 1410923, 1411330, 1412278, 1412685, 1417480, 1417750, 1418285, 1418633, 1419282, 1419776, 1420318, 1421310, 1421930, 1423994, 1424225, 1424684, 1424993, 1425566, 1425946, 1426333, 1427568, 1427775, 1428186, 1428463, 1428976, 1429330, 1430450, 1430824, 1431631, 1431994, 1432795, 1433169, 1433976, 1434339]"
"('HFileLink.java', 'org.apache.hadoop.hbase.io.HFileLink', 'isHFileLink', '^((?:[a-zA-Z_0-9][a-zA-Z_0-9.-]*))=((?:[a-f0-9]+))-([0-9a-f]+(?:_SeqId_[0-9]+_)?)$', '039c759b08714b8f84cafe03ad7dbdf0')","[1329591, 1329653, 1329777, 1329791]"
"('Description.java', 'org.junit.runner.Description', 'methodAndClassNamePatternGroupOrDefault', '([\\s\\S]*)\\((.*)\\)', 'com.salesforce.phoenix.query.HBaseFactoryProviderTest')","[24268, 1180743]"
"('Description.java', 'org.junit.runner.Description', 'methodAndClassNamePatternGroupOrDefault', '([\\s\\S]*)\\((.*)\\)', 'testIntAddExpression[CREATE INDEX ATABLE_IDX ON aTable (a_integer DESC) INCLUDE (    A_STRING,     B_STRING,     A_DATE)](com.salesforce.phoenix.end2end.QueryTest)')","[5327, 43779]"
"('Description.java', 'org.junit.runner.Description', 'methodAndClassNamePatternGroupOrDefault', '([\\s\\S]*)\\((.*)\\)', 'testPartiallyEvaluableAnd(com.salesforce.phoenix.end2end.ProductMetricsTest)')","[34288, 71898]"
"('Description.java', 'org.junit.runner.Description', 'methodAndClassNamePatternGroupOrDefault', '([\\s\\S]*)\\((.*)\\)', 'testWaitForMemoryAvailable(com.salesforce.phoenix.memory.MemoryManagerTest)')","[17891, 56014]"
"('Description.java', 'org.junit.runner.Description', 'methodAndClassNamePatternGroupOrDefault', '([\\s\\S]*)\\((.*)\\)', 'testFunkyColumnNames(com.salesforce.phoenix.compile.QueryCompileTest)')","[22766, 60942]"
"('Description.java', 'org.junit.runner.Description', 'methodAndClassNamePatternGroupOrDefault', '([\\s\\S]*)\\((.*)\\)', 'lower(com.salesforce.phoenix.expression.DescColumnSortOrderExpressionTest)')","[17477, 55640]"
"('Description.java', 'org.junit.runner.Description', 'methodAndClassNamePatternGroupOrDefault', '([\\s\\S]*)\\((.*)\\)', 'testNotEquals[CREATE INDEX ATABLE_IDX ON aTable (a_integer, a_string) INCLUDE (    B_STRING,     A_DATE)](com.salesforce.phoenix.end2end.QueryTest)')","[8660, 47091]"
"('Description.java', 'org.junit.runner.Description', 'methodAndClassNamePatternGroupOrDefault', '([\\s\\S]*)\\((.*)\\)', 'testLikeExtractAllKeyExpression(com.salesforce.phoenix.compile.WhereClauseOptimizerTest)')","[20632, 58786]"
"('Description.java', 'org.junit.runner.Description', 'methodAndClassNamePatternGroupOrDefault', '([\\s\\S]*)\\((.*)\\)', 'testRVCExpressionThroughOr(com.salesforce.phoenix.compile.WhereClauseOptimizerTest)')","[20275, 58412]"
