"('Description.java', 'org.junit.runner.Description', 'getClassName', '(.*)\\((.*)\\)', 'testResponseWithNullHref(io.motown.utils.rest.response.ResponseTest)')","[5963, 6001, 6039, 8547, 8585, 8623, 10533, 10564, 10595, 12548, 12574, 12600, 14140, 14171, 14202, 16248, 16279, 16310, 17814, 17838, 17862, 25156, 25186, 25216, 26980, 27015, 27050, 29360, 29395, 29430, 31166, 31194, 31222, 45524, 45559, 45594, 47638, 47678, 47718, 50358, 50398, 50438, 52464, 52497, 52530, 54625, 54653, 54681, 56333, 56366, 56399, 58577, 58610, 58643, 60263, 60289, 60315, 67326, 67358, 67390, 69266, 69303, 69340, 71782, 71819, 71856, 73708, 73738, 73768, 88908, 88945, 88982, 91138, 91180, 91222, 93994, 94036, 94078, 96220, 96255, 96290, 98762, 98797, 98832, 100876, 100916, 100956, 103596, 103636, 103676, 105702, 105735, 105768, 108286, 108323, 108360, 110516, 110558, 110600, 113372, 113414, 113456, 116648, 116688, 116728, 118292, 118334, 118376]"
"('Description.java', 'org.junit.runner.Description', 'getClassName', '(.*)\\((.*)\\)', 'testPersistenceExceptionMapper(io.motown.utils.rest.jax_rs.PersistenceExceptionMapperTest)')","[989, 1022, 1055, 2735, 2775, 2815, 3215, 3255, 3295, 4341, 4374, 4407, 19679, 19707, 19735, 19808, 19834, 19860, 21456, 21489, 21522, 21852, 21885, 21918, 22754, 22780, 22806, 23677, 33926, 33958, 33990, 34075, 34105, 34135, 35939, 35976, 36013, 36383, 36420, 36457, 37413, 37443, 37473, 39540, 39577, 39614, 39714, 39749, 39784, 41848, 41890, 41932, 42352, 42394, 42436, 43542, 43577, 43612, 62274, 62304, 62334, 62413, 62441, 62469, 64169, 64204, 64239, 64589, 64624, 64659, 65555, 65583, 65611, 76658, 76692, 76726, 76817, 76849, 76881, 78789, 78828, 78867, 79257, 79296, 79335, 80351, 80383, 80415, 82604, 82643, 82682, 82788, 82825, 82862, 85030, 85074, 85118, 85558, 85602, 85646, 86812, 86849, 86886, 121556, 121593, 121630, 121730, 121765, 121800, 123864, 123906, 123948, 124368, 124410, 124452, 125558, 125593, 125628, 127666, 127705, 127744, 127850, 127887, 127924, 130092, 130136, 130180, 130620, 130664, 130708, 133620, 133660, 133700, 133784, 133826, 133868]"
"('Description.java', 'org.junit.runner.Description', 'getClassName', '(.*)\\((.*)\\)', 'testJsonParseExceptionMapper(io.motown.utils.rest.jax_rs.JsonParseExceptionMapperTest)')","[1309, 1342, 1375, 3375, 3415, 3455, 4605, 4638, 4671, 20153, 20181, 20209, 20282, 20308, 20334, 21984, 22017, 22050, 22962, 22988, 23014, 23759, 34472, 34504, 34536, 34621, 34651, 34681, 36531, 36568, 36605, 37653, 37683, 37713, 40176, 40213, 40250, 40350, 40385, 40420, 42520, 42562, 42604, 43822, 43857, 43892, 62784, 62814, 62844, 62923, 62951, 62979, 64729, 64764, 64799, 65779, 65807, 65835, 77240, 77274, 77308, 77399, 77431, 77463, 79413, 79452, 79491, 80607, 80639, 80671, 83276, 83315, 83354, 83460, 83497, 83534, 85734, 85778, 85822, 87108, 87145, 87182, 122192, 122229, 122266, 122366, 122401, 122436, 124536, 124578, 124620, 125838, 125873, 125908, 128338, 128377, 128416, 128522, 128559, 128596, 130796, 130840, 130884, 134696, 134736, 134776, 134860, 134902, 134944]"
"('Description.java', 'org.junit.runner.Description', 'getClassName', '(.*)\\((.*)\\)', 'testResponseBuilderInvalidTotal(io.motown.utils.rest.response.ResponseBuilderTest)')","[6875, 6913, 6951, 9417, 9448, 9479, 11495, 11521, 11547, 14884, 14915, 14946, 16950, 16974, 16998, 23939, 23969, 23999, 27820, 27855, 27890, 30158, 30186, 30214, 32082, 32110, 32138, 44102, 44137, 44172, 48598, 48638, 48678, 51276, 51309, 51342, 53490, 53518, 53546, 57125, 57158, 57191, 59327, 59353, 59379, 66027, 66059, 66091, 70154, 70191, 70228, 72628, 72658, 72688, 74690, 74720, 74750, 87404, 87441, 87478, 92146, 92188, 92230, 94960, 94995, 95030, 97340, 97375, 97410, 101836, 101876, 101916, 104514, 104547, 104580, 106782, 106819, 106856, 111524, 111566, 111608, 114368, 114408, 114448, 115180, 115222, 115264]"
"('Description.java', 'org.junit.runner.Description', 'parseMethod', '(.*)\\((.*)\\)', 'io.motown.utils.rest.response.ResponseTest')","[4851, 13037, 25721, 46184, 55152, 67929, 89606, 99422, 108984]"
"('Description.java', 'org.junit.runner.Description', 'parseMethod', '(.*)\\((.*)\\)', 'io.motown.utils.rest.jax_rs.PersistenceExceptionMapperTest')","[923, 19756, 34015, 39644, 62357, 76753, 82714, 121660, 127776]"
"('Description.java', 'org.junit.runner.Description', 'getClassName', '(.*)\\((.*)\\)', 'io.motown.utils.rest.response.ResponseBuilderTest')","[119072, 119095, 119119, 119142]"
"('Description.java', 'org.junit.runner.Description', 'parseMethod', '(.*)\\((.*)\\)', 'testResponseBuilderInvalidTotal(io.motown.utils.rest.response.ResponseBuilderTest)')","[6837, 9386, 11469, 14853, 16926, 23076, 23909, 27785, 30130, 32054, 44067, 48558, 51243, 53462, 57092, 59301, 65995, 70117, 72598, 74660, 87367, 92104, 94925, 97305, 101796, 104481, 106745, 111482, 114328, 115138]"
"('Description.java', 'org.junit.runner.Description', 'parseMethod', '(.*)\\((.*)\\)', 'testResponseWithEmptyFirst(io.motown.utils.rest.response.ResponseTest)')","[4882, 5165, 7749, 9882, 12002, 13061, 13489, 15597, 17310, 23160, 24526, 25749, 26245, 28625, 30578, 44789, 46217, 46798, 49518, 51771, 54037, 55178, 55640, 57884, 59717, 66654, 67959, 68489, 71005, 73078, 88131, 89641, 90256, 93112, 95485, 98027, 99455, 100036, 102756, 105009, 107509, 109019, 109634, 112490, 115808, 117410]"
"('Description.java', 'org.junit.runner.Description', 'parseMethod', '(.*)\\((.*)\\)', 'testResponseWithNullHref(io.motown.utils.rest.response.ResponseTest)')","[5925, 8509, 10502, 12522, 14109, 16217, 17790, 23285, 25126, 26945, 29325, 31138, 45489, 47598, 50318, 52431, 54597, 56300, 58544, 60237, 67294, 69229, 71745, 73678, 88871, 91096, 93952, 96185, 98727, 100836, 103556, 105669, 108249, 110474, 113330, 116608, 118250]"
"('Description.java', 'org.junit.runner.Description', 'parseMethod', '(.*)\\((.*)\\)', 'testEntityNotFoundExceptionMapper(io.motown.utils.rest.jax_rs.EntityNotFoundExceptionMapperTest)')","[796, 2375, 2855, 4176, 19414, 19545, 21159, 21555, 22624, 23616, 33621, 33772, 35606, 36050, 37263, 39185, 39361, 41470, 41974, 43367, 61989, 62130, 63854, 64274, 65415, 76333, 76494, 78438, 78906, 80191, 82229, 82415, 84634, 85162, 86627, 121201, 121377, 123486, 123990, 125383, 127291, 127477, 129696, 130224, 133042, 133204]"
"('Description.java', 'org.junit.runner.Description', 'parseMethod', '(.*)\\((.*)\\)', 'testGenericExceptionMapper(io.motown.utils.rest.jax_rs.GenericExceptionMapperTest)')","[1116, 3015, 3495, 4440, 19888, 20019, 21687, 22083, 22832, 23698, 34167, 34318, 36198, 36642, 37503, 39821, 39997, 42142, 42646, 43647, 62499, 62640, 64414, 64834, 65639, 76915, 77076, 79062, 79530, 80447, 82901, 83087, 85338, 85866, 86923, 121837, 122013, 124158, 124662, 125663, 127963, 128149, 130400, 130928, 134118, 134280]"
"('Description.java', 'org.junit.runner.Description', 'getClassName', '(.*)\\((.*)\\)', 'testJsonIOExceptionMapper(io.motown.utils.rest.jax_rs.JsonIOExceptionMapperTest)')","[509, 542, 575, 1775, 1815, 1855, 2255, 2295, 2335, 3945, 3978, 4011, 18968, 18996, 19024, 19097, 19123, 19149, 20664, 20697, 20730, 21060, 21093, 21126, 22442, 22468, 22494, 23554, 33107, 33139, 33171, 33256, 33286, 33316, 35051, 35088, 35125, 35495, 35532, 35569, 37053, 37083, 37113, 38586, 38623, 38660, 38760, 38795, 38830, 40840, 40882, 40924, 41344, 41386, 41428, 43122, 43157, 43192, 61509, 61539, 61569, 61648, 61676, 61704, 63329, 63364, 63399, 63749, 63784, 63819, 65219, 65247, 65275, 75785, 75819, 75853, 75944, 75976, 76008, 77853, 77892, 77931, 78321, 78360, 78399, 79967, 79999, 80031, 81596, 81635, 81674, 81780, 81817, 81854, 83974, 84018, 84062, 84502, 84546, 84590, 86368, 86405, 86442, 120602, 120639, 120676, 120776, 120811, 120846, 122856, 122898, 122940, 123360, 123402, 123444, 125138, 125173, 125208, 126658, 126697, 126736, 126842, 126879, 126916, 129036, 129080, 129124, 129564, 129608, 129652, 132006, 132046, 132086, 132170, 132212, 132254]"
"('Description.java', 'org.junit.runner.Description', 'parseMethod', '(.*)\\((.*)\\)', 'io.motown.utils.rest.jax_rs.JsonParseExceptionMapperTest')","[1243, 20230, 34561, 40280, 62867, 77335, 83386, 122296, 128448]"
"('Description.java', 'org.junit.runner.Description', 'getClassName', '(.*)\\((.*)\\)', 'testResponseWithNullNext(io.motown.utils.rest.response.ResponseTest)')","[6419, 6457, 6495, 9003, 9041, 9079, 10905, 10936, 10967, 12860, 12886, 12912, 14512, 14543, 14574, 16620, 16651, 16682, 18102, 18126, 18150, 25516, 25546, 25576, 27400, 27435, 27470, 29780, 29815, 29850, 31502, 31530, 31558, 45944, 45979, 46014, 48118, 48158, 48198, 50838, 50878, 50918, 52860, 52893, 52926, 54961, 54989, 55017, 56729, 56762, 56795, 58973, 59006, 59039, 60575, 60601, 60627, 67710, 67742, 67774, 69710, 69747, 69784, 72226, 72263, 72300, 74068, 74098, 74128, 89352, 89389, 89426, 91642, 91684, 91726, 94498, 94540, 94582, 96640, 96675, 96710, 99182, 99217, 99252, 101356, 101396, 101436, 104076, 104116, 104156, 106098, 106131, 106164, 108730, 108767, 108804, 111020, 111062, 111104, 113876, 113918, 113960, 117128, 117168, 117208, 118796, 118838, 118880]"
"('Description.java', 'org.junit.runner.Description', 'parseMethod', '(.*)\\((.*)\\)', 'io.motown.utils.rest.response.NavigationItemTest')","[5003, 13362, 26098, 46626, 55503, 68332, 90074, 99864, 109452]"
"('Description.java', 'org.junit.runner.Description', 'parseMethod', '(.*)\\((.*)\\)', 'testResponseBuilderInvalidOffset(io.motown.utils.rest.response.ResponseBuilderTest)')","[7293, 9758, 11781, 15225, 17214, 23139, 24269, 28205, 30466, 32390, 44487, 49038, 51639, 53798, 57488, 59613, 66379, 70561, 72958, 75020, 87811, 92608, 95345, 97725, 102276, 104877, 107189, 111986, 114808, 115642]"
"('Description.java', 'org.junit.runner.Description', 'getClassName', '(.*)\\((.*)\\)', 'testResponseWithEmptyLast(io.motown.utils.rest.response.ResponseTest)')","[5355, 5393, 5431, 7939, 7977, 8015, 10037, 10068, 10099, 12132, 12158, 12184, 13644, 13675, 13706, 15752, 15783, 15814, 17430, 17454, 17478, 24676, 24706, 24736, 26420, 26455, 26490, 28800, 28835, 28870, 30718, 30746, 30774, 44964, 44999, 45034, 46998, 47038, 47078, 49718, 49758, 49798, 51936, 51969, 52002, 54177, 54205, 54233, 55805, 55838, 55871, 58049, 58082, 58115, 59847, 59873, 59899, 66814, 66846, 66878, 68674, 68711, 68748, 71190, 71227, 71264, 73228, 73258, 73288, 88316, 88353, 88390, 90466, 90508, 90550, 93322, 93364, 93406, 95660, 95695, 95730, 98202, 98237, 98272, 100236, 100276, 100316, 102956, 102996, 103036, 105174, 105207, 105240, 107694, 107731, 107768, 109844, 109886, 109928, 112700, 112742, 112784, 116008, 116048, 116088, 117620, 117662, 117704]"
"('Description.java', 'org.junit.runner.Description', 'parseMethod', '(.*)\\((.*)\\)', 'testResponseBuilderInvalidLimit(io.motown.utils.rest.response.ResponseBuilderTest)')","[7141, 9634, 11677, 15101, 17118, 23118, 24149, 28065, 30354, 32278, 44347, 48878, 51507, 53686, 57356, 59509, 66251, 70413, 72838, 74900, 87663, 92440, 95205, 97585, 102116, 104745, 107041, 111818, 114648, 115474]"
"('Description.java', 'org.junit.runner.Description', 'getClassName', '(.*)\\((.*)\\)', 'io.motown.utils.rest.jax_rs.NoResultExceptionMapperTest')","[133383, 133435, 133488, 133540]"
"('Description.java', 'org.junit.runner.Description', 'getClassName', '(.*)\\((.*)\\)', 'io.motown.utils.rest.response.ResponseTest')","[119822, 119845, 119869, 119892]"
"('Description.java', 'org.junit.runner.Description', 'getClassName', '(.*)\\((.*)\\)', 'testResponseWithNullFirst(io.motown.utils.rest.response.ResponseTest)')","[6571, 6609, 6647, 9155, 9193, 9231, 11029, 11060, 11091, 12964, 12990, 13016, 14636, 14667, 14698, 16744, 16775, 16806, 18198, 18222, 18246, 25636, 25666, 25696, 27540, 27575, 27610, 29920, 29955, 29990, 31614, 31642, 31670, 46084, 46119, 46154, 48278, 48318, 48358, 50998, 51038, 51078, 52992, 53025, 53058, 55073, 55101, 55129, 56861, 56894, 56927, 59105, 59138, 59171, 60679, 60705, 60731, 67838, 67870, 67902, 69858, 69895, 69932, 72374, 72411, 72448, 74188, 74218, 74248, 89500, 89537, 89574, 91810, 91852, 91894, 94666, 94708, 94750, 96780, 96815, 96850, 99322, 99357, 99392, 101516, 101556, 101596, 104236, 104276, 104316, 106230, 106263, 106296, 108878, 108915, 108952, 111188, 111230, 111272, 114044, 114086, 114128, 117288, 117328, 117368, 118964, 119006, 119048]"
"('Description.java', 'org.junit.runner.Description', 'parseMethod', '(.*)\\((.*)\\)', 'testResponse(io.motown.utils.rest.response.ResponseTest)')","[6229, 8813, 10750, 12730, 14357, 16465, 17982, 23327, 25366, 27225, 29605, 31362, 45769, 47918, 50638, 52695, 54821, 56564, 58808, 60445, 67550, 69525, 72041, 73918, 89167, 91432, 94288, 96465, 99007, 101156, 103876, 105933, 108545, 110810, 113666, 116928, 118586]"
"('Description.java', 'org.junit.runner.Description', 'parseMethod', '(.*)\\((.*)\\)', 'null')","[17, 35, 74, 31914, 37733, 74510, 80693]"
"('Description.java', 'org.junit.runner.Description', 'parseMethod', '(.*)\\((.*)\\)', 'testResponseWithEmptyLast(io.motown.utils.rest.response.ResponseTest)')","[5317, 7901, 10006, 12106, 13613, 15721, 17406, 23201, 24646, 26385, 28765, 30690, 44929, 46958, 49678, 51903, 54149, 55772, 58016, 59821, 66782, 68637, 71153, 73198, 88279, 90424, 93280, 95625, 98167, 100196, 102916, 105141, 107657, 109802, 112658, 115968, 117578]"
"('Description.java', 'org.junit.runner.Description', 'getClassName', '(.*)\\((.*)\\)', 'io.motown.utils.rest.response.NavigationItemTest')","[135257, 135277, 135298, 135318]"
"('Description.java', 'org.junit.runner.Description', 'getClassName', '(.*)\\((.*)\\)', 'io.motown.utils.rest.jax_rs.PersistenceExceptionMapperTest')","[134459, 134511, 134564, 134616]"
"('Description.java', 'org.junit.runner.Description', 'parseMethod', '(.*)\\((.*)\\)', 'io.motown.utils.rest.jax_rs.JsonIOExceptionMapperTest')","[443, 19045, 33196, 38690, 61592, 75880, 81706, 120706, 126768]"
"('Description.java', 'org.junit.runner.Description', 'getClassName', '(.*)\\((.*)\\)', 'io.motown.utils.rest.jax_rs.GenericExceptionMapperTest')","[134997, 135049, 135102, 135154]"
"('Description.java', 'org.junit.runner.Description', 'parseMethod', '(.*)\\((.*)\\)', 'io.motown.utils.rest.response.ResponseBuilderTest')","[56, 4699, 11880, 24384, 32497, 44622, 53905, 66502, 75135, 87954, 97860, 107332]"
"('Description.java', 'org.junit.runner.Description', 'getClassName', '(.*)\\((.*)\\)', 'io.motown.utils.rest.jax_rs.EntityNotFoundExceptionMapperTest')","[133921, 133973, 134026, 134078]"
"('Description.java', 'org.junit.runner.Description', 'getClassName', '(.*)\\((.*)\\)', 'io.motown.utils.rest.jax_rs.JsonIOExceptionMapperTest')","[132845, 132897, 132950, 133002]"
"('Description.java', 'org.junit.runner.Description', 'parseMethod', '(.*)\\((.*)\\)', 'testJsonSyntaxExceptionMapper(io.motown.utils.rest.jax_rs.JsonSyntaxExceptionMapperTest)')","[156, 1575, 3648, 18466, 18597, 20499, 22208, 23452, 32529, 32680, 34866, 36783, 37763, 37913, 38089, 40630, 42807, 60969, 61110, 63154, 64967, 75169, 75330, 77658, 79679, 80725, 80885, 81071, 83754, 86035, 119929, 120105, 122646, 124823, 125947, 126133, 128816, 131100, 131262]"
"('Description.java', 'org.junit.runner.Description', 'getClassName', '(.*)\\((.*)\\)', 'testNavigationItemWithNullHref(io.motown.utils.rest.response.NavigationItemTest)')","[7635, 7673, 7711, 11277, 11308, 11339, 13289, 13315, 13341, 15504, 15535, 15566, 18390, 18414, 18438, 26013, 26043, 26073, 28520, 28555, 28590, 31838, 31866, 31894, 46526, 46561, 46596, 49398, 49438, 49478, 53256, 53289, 53322, 55424, 55452, 55480, 57785, 57818, 57851, 60887, 60913, 60939, 68241, 68273, 68305, 70894, 70931, 70968, 74428, 74458, 74488, 89968, 90005, 90042, 92986, 93028, 93070, 97060, 97095, 97130, 99764, 99799, 99834, 102636, 102676, 102716, 106494, 106527, 106560, 109346, 109383, 109420, 112364, 112406, 112448, 119382, 119422, 119462, 119714, 119756, 119798]"
"('Description.java', 'org.junit.runner.Description', 'getClassName', '(.*)\\((.*)\\)', 'testResponse(io.motown.utils.rest.response.ResponseTest)')","[6267, 6305, 6343, 8851, 8889, 8927, 10781, 10812, 10843, 12756, 12782, 12808, 14388, 14419, 14450, 16496, 16527, 16558, 18006, 18030, 18054, 25396, 25426, 25456, 27260, 27295, 27330, 29640, 29675, 29710, 31390, 31418, 31446, 45804, 45839, 45874, 47958, 47998, 48038, 50678, 50718, 50758, 52728, 52761, 52794, 54849, 54877, 54905, 56597, 56630, 56663, 58841, 58874, 58907, 60471, 60497, 60523, 67582, 67614, 67646, 69562, 69599, 69636, 72078, 72115, 72152, 73948, 73978, 74008, 89204, 89241, 89278, 91474, 91516, 91558, 94330, 94372, 94414, 96500, 96535, 96570, 99042, 99077, 99112, 101196, 101236, 101276, 103916, 103956, 103996, 105966, 105999, 106032, 108582, 108619, 108656, 110852, 110894, 110936, 113708, 113750, 113792, 116968, 117008, 117048, 118628, 118670, 118712]"
"('Description.java', 'org.junit.runner.Description', 'getClassName', '(.*)\\((.*)\\)', 'testResponseBuilderInvalidLimit(io.motown.utils.rest.response.ResponseBuilderTest)')","[7179, 7217, 7255, 9665, 9696, 9727, 11703, 11729, 11755, 15132, 15163, 15194, 17142, 17166, 17190, 24179, 24209, 24239, 28100, 28135, 28170, 30382, 30410, 30438, 32306, 32334, 32362, 44382, 44417, 44452, 48918, 48958, 48998, 51540, 51573, 51606, 53714, 53742, 53770, 57389, 57422, 57455, 59535, 59561, 59587, 66283, 66315, 66347, 70450, 70487, 70524, 72868, 72898, 72928, 74930, 74960, 74990, 87700, 87737, 87774, 92482, 92524, 92566, 95240, 95275, 95310, 97620, 97655, 97690, 102156, 102196, 102236, 104778, 104811, 104844, 107078, 107115, 107152, 111860, 111902, 111944, 114688, 114728, 114768, 115516, 115558, 115600]"
"('Description.java', 'org.junit.runner.Description', 'getClassName', '(.*)\\((.*)\\)', 'testResponseBuilderInvalidOffset(io.motown.utils.rest.response.ResponseBuilderTest)')","[7331, 7369, 7407, 9789, 9820, 9851, 11807, 11833, 11859, 15256, 15287, 15318, 17238, 17262, 17286, 24299, 24329, 24359, 28240, 28275, 28310, 30494, 30522, 30550, 32418, 32446, 32474, 44522, 44557, 44592, 49078, 49118, 49158, 51672, 51705, 51738, 53826, 53854, 53882, 57521, 57554, 57587, 59639, 59665, 59691, 66411, 66443, 66475, 70598, 70635, 70672, 72988, 73018, 73048, 75050, 75080, 75110, 87848, 87885, 87922, 92650, 92692, 92734, 95380, 95415, 95450, 97760, 97795, 97830, 102316, 102356, 102396, 104910, 104943, 104976, 107226, 107263, 107300, 112028, 112070, 112112, 114848, 114888, 114928, 115684, 115726, 115768]"
"('Description.java', 'org.junit.runner.Description', 'parseMethod', '(.*)\\((.*)\\)', 'testResponseBuilderOffsetEqualToTotalWhenTotalGreaterThanZero(io.motown.utils.rest.response.ResponseBuilderTest)')","[6989, 9510, 11573, 14977, 17022, 23097, 24029, 27925, 30242, 32166, 44207, 48718, 51375, 53574, 57224, 59405, 66123, 70265, 72718, 74780, 87515, 92272, 95065, 97445, 101956, 104613, 106893, 111650, 114488, 115306]"
"('Description.java', 'org.junit.runner.Description', 'getClassName', '(.*)\\((.*)\\)', 'io.motown.utils.rest.jax_rs.NonUniqueResultExceptionMapperTest')","[132307, 132359, 132412, 132464]"
"('Description.java', 'org.junit.runner.Description', 'getClassName', '(.*)\\((.*)\\)', 'testNonUniqueResultExceptionMapper(io.motown.utils.rest.jax_rs.NonUniqueResultExceptionMapperTest)')","[349, 382, 415, 1455, 1495, 1535, 1935, 1975, 2015, 3813, 3846, 3879, 18731, 18759, 18787, 18860, 18886, 18912, 20400, 20433, 20466, 20796, 20829, 20862, 22338, 22364, 22390, 23513, 32834, 32866, 32898, 32983, 33013, 33043, 34755, 34792, 34829, 35199, 35236, 35273, 36933, 36963, 36993, 38268, 38305, 38342, 38442, 38477, 38512, 40504, 40546, 40588, 41008, 41050, 41092, 42982, 43017, 43052, 61254, 61284, 61314, 61393, 61421, 61449, 63049, 63084, 63119, 63469, 63504, 63539, 65107, 65135, 65163, 75494, 75528, 75562, 75653, 75685, 75717, 77541, 77580, 77619, 78009, 78048, 78087, 79839, 79871, 79903, 81260, 81299, 81338, 81444, 81481, 81518, 83622, 83666, 83710, 84150, 84194, 84238, 86220, 86257, 86294, 120284, 120321, 120358, 120458, 120493, 120528, 122520, 122562, 122604, 123024, 123066, 123108, 124998, 125033, 125068, 126322, 126361, 126400, 126506, 126543, 126580, 128684, 128728, 128772, 129212, 129256, 129300, 131468, 131508, 131548, 131632, 131674, 131716]"
"('Description.java', 'org.junit.runner.Description', 'parseMethod', '(.*)\\((.*)\\)', 'testResponseWithNullPrevious(io.motown.utils.rest.response.ResponseTest)')","[6077, 8661, 10626, 12626, 14233, 16341, 17886, 23306, 25246, 27085, 29465, 31250, 45629, 47758, 50478, 52563, 54709, 56432, 58676, 60341, 67422, 69377, 71893, 73798, 89019, 91264, 94120, 96325, 98867, 100996, 103716, 105801, 108397, 110642, 113498, 116768, 118418]"
"('Description.java', 'org.junit.runner.Description', 'getClassName', '(.*)\\((.*)\\)', 'testResponseBuilder(io.motown.utils.rest.response.ResponseBuilderTest)')","[4761, 4792, 4823, 6723, 6761, 6799, 9293, 9324, 9355, 11391, 11417, 11443, 11928, 11952, 11976, 14760, 14791, 14822, 16854, 16878, 16902, 23055, 23819, 23849, 23879, 24440, 24468, 24496, 27680, 27715, 27750, 30046, 30074, 30102, 31970, 31998, 32026, 43962, 43997, 44032, 44688, 44721, 44754, 48438, 48478, 48518, 51144, 51177, 51210, 53378, 53406, 53434, 53957, 53983, 54009, 56993, 57026, 57059, 59223, 59249, 59275, 65899, 65931, 65963, 66562, 66592, 66622, 70006, 70043, 70080, 72508, 72538, 72568, 74570, 74600, 74630, 87256, 87293, 87330, 88024, 88059, 88094, 91978, 92020, 92062, 94820, 94855, 94890, 97200, 97235, 97270, 97926, 97959, 97992, 101676, 101716, 101756, 104382, 104415, 104448, 106634, 106671, 106708, 107402, 107437, 107472, 111356, 111398, 111440, 114208, 114248, 114288, 115012, 115054, 115096]"
"('Description.java', 'org.junit.runner.Description', 'parseMethod', '(.*)\\((.*)\\)', 'testResponseWithNullLast(io.motown.utils.rest.response.ResponseTest)')","[5469, 8053, 10130, 12210, 13737, 15845, 17502, 23222, 24766, 26525, 28905, 30802, 45069, 47118, 49838, 52035, 54261, 55904, 58148, 59925, 66910, 68785, 71301, 73318, 88427, 90592, 93448, 95765, 98307, 100356, 103076, 105273, 107805, 109970, 112826, 116128, 117746]"
"('Description.java', 'org.junit.runner.Description', 'parseMethod', '(.*)\\((.*)\\)', 'testJsonIOExceptionMapper(io.motown.utils.rest.jax_rs.JsonIOExceptionMapperTest)')","[476, 1735, 2215, 3912, 18940, 19071, 20631, 21027, 22416, 23534, 33075, 33226, 35014, 35458, 37023, 38549, 38725, 40798, 41302, 43087, 61479, 61620, 63294, 63714, 65191, 75751, 75912, 77814, 78282, 79935, 81557, 81743, 83930, 84458, 86331, 120565, 120741, 122814, 123318, 125103, 126619, 126805, 128992, 129520, 131966, 132128]"
"('Description.java', 'org.junit.runner.Description', 'getClassName', '(.*)\\((.*)\\)', 'testGenericExceptionMapper(io.motown.utils.rest.jax_rs.GenericExceptionMapperTest)')","[1149, 1182, 1215, 3055, 3095, 3135, 3535, 3575, 3615, 4473, 4506, 4539, 19916, 19944, 19972, 20045, 20071, 20097, 21720, 21753, 21786, 22116, 22149, 22182, 22858, 22884, 22910, 23718, 34199, 34231, 34263, 34348, 34378, 34408, 36235, 36272, 36309, 36679, 36716, 36753, 37533, 37563, 37593, 39858, 39895, 39932, 40032, 40067, 40102, 42184, 42226, 42268, 42688, 42730, 42772, 43682, 43717, 43752, 62529, 62559, 62589, 62668, 62696, 62724, 64449, 64484, 64519, 64869, 64904, 64939, 65667, 65695, 65723, 76949, 76983, 77017, 77108, 77140, 77172, 79101, 79140, 79179, 79569, 79608, 79647, 80479, 80511, 80543, 82940, 82979, 83018, 83124, 83161, 83198, 85382, 85426, 85470, 85910, 85954, 85998, 86960, 86997, 87034, 121874, 121911, 121948, 122048, 122083, 122118, 124200, 124242, 124284, 124704, 124746, 124788, 125698, 125733, 125768, 128002, 128041, 128080, 128186, 128223, 128260, 130444, 130488, 130532, 130972, 131016, 131060, 134158, 134198, 134238, 134322, 134364, 134406]"
"('Description.java', 'org.junit.runner.Description', 'parseMethod', '(.*)\\((.*)\\)', 'io.motown.utils.rest.jax_rs.JsonSyntaxExceptionMapperTest')","[95, 123, 18571, 32650, 37876, 38054, 61082, 75298, 80846, 81034, 120070, 126096]"
"('Description.java', 'org.junit.runner.Description', 'getClassName', '(.*)\\((.*)\\)', 'testResponseBuilderOffsetEqualToTotalWhenTotalGreaterThanZero(io.motown.utils.rest.response.ResponseBuilderTest)')","[7027, 7065, 7103, 9541, 9572, 9603, 11599, 11625, 11651, 15008, 15039, 15070, 17046, 17070, 17094, 24059, 24089, 24119, 27960, 27995, 28030, 30270, 30298, 30326, 32194, 32222, 32250, 44242, 44277, 44312, 48758, 48798, 48838, 51408, 51441, 51474, 53602, 53630, 53658, 57257, 57290, 57323, 59431, 59457, 59483, 66155, 66187, 66219, 70302, 70339, 70376, 72748, 72778, 72808, 74810, 74840, 74870, 87552, 87589, 87626, 92314, 92356, 92398, 95100, 95135, 95170, 97480, 97515, 97550, 101996, 102036, 102076, 104646, 104679, 104712, 106930, 106967, 107004, 111692, 111734, 111776, 114528, 114568, 114608, 115348, 115390, 115432]"
"('Description.java', 'org.junit.runner.Description', 'getClassName', '(.*)\\((.*)\\)', 'testJsonSyntaxExceptionMapper(io.motown.utils.rest.jax_rs.JsonSyntaxExceptionMapperTest)')","[189, 222, 255, 1615, 1655, 1695, 3681, 3714, 3747, 18494, 18522, 18550, 18623, 18649, 18675, 20532, 20565, 20598, 22234, 22260, 22286, 23472, 32561, 32593, 32625, 32710, 32740, 32770, 34903, 34940, 34977, 36813, 36843, 36873, 37793, 37823, 37853, 37950, 37987, 38024, 38124, 38159, 38194, 40672, 40714, 40756, 42842, 42877, 42912, 60999, 61029, 61059, 61138, 61166, 61194, 63189, 63224, 63259, 64995, 65023, 65051, 75203, 75237, 75271, 75362, 75394, 75426, 77697, 77736, 77775, 79711, 79743, 79775, 80757, 80789, 80821, 80924, 80963, 81002, 81108, 81145, 81182, 83798, 83842, 83886, 86072, 86109, 86146, 119966, 120003, 120040, 120140, 120175, 120210, 122688, 122730, 122772, 124858, 124893, 124928, 125986, 126025, 126064, 126170, 126207, 126244, 128860, 128904, 128948, 131140, 131180, 131220, 131304, 131346, 131388]"
"('Description.java', 'org.junit.runner.Description', 'getClassName', '(.*)\\((.*)\\)', 'testNoResultExceptionMapper(io.motown.utils.rest.jax_rs.NoResultExceptionMapperTest)')","[669, 702, 735, 2095, 2135, 2175, 2575, 2615, 2655, 4077, 4110, 4143, 19205, 19233, 19261, 19334, 19360, 19386, 20928, 20961, 20994, 21324, 21357, 21390, 22546, 22572, 22598, 23595, 33380, 33412, 33444, 33529, 33559, 33589, 35347, 35384, 35421, 35791, 35828, 35865, 37173, 37203, 37233, 38904, 38941, 38978, 39078, 39113, 39148, 41176, 41218, 41260, 41680, 41722, 41764, 43262, 43297, 43332, 61764, 61794, 61824, 61903, 61931, 61959, 63609, 63644, 63679, 64029, 64064, 64099, 65331, 65359, 65387, 76076, 76110, 76144, 76235, 76267, 76299, 78165, 78204, 78243, 78633, 78672, 78711, 80095, 80127, 80159, 81932, 81971, 82010, 82116, 82153, 82190, 84326, 84370, 84414, 84854, 84898, 84942, 86516, 86553, 86590, 120920, 120957, 120994, 121094, 121129, 121164, 123192, 123234, 123276, 123696, 123738, 123780, 125278, 125313, 125348, 126994, 127033, 127072, 127178, 127215, 127252, 129388, 129432, 129476, 129916, 129960, 130004, 132544, 132584, 132624, 132708, 132750, 132792]"
"('Description.java', 'org.junit.runner.Description', 'getClassName', '(.*)\\((.*)\\)', 'testResponseWithEmptyFirst(io.motown.utils.rest.response.ResponseTest)')","[4913, 4944, 4975, 5203, 5241, 5279, 7787, 7825, 7863, 9913, 9944, 9975, 12028, 12054, 12080, 13085, 13109, 13133, 13520, 13551, 13582, 15628, 15659, 15690, 17334, 17358, 17382, 23180, 24556, 24586, 24616, 25777, 25805, 25833, 26280, 26315, 26350, 28660, 28695, 28730, 30606, 30634, 30662, 44824, 44859, 44894, 46250, 46283, 46316, 46838, 46878, 46918, 49558, 49598, 49638, 51804, 51837, 51870, 54065, 54093, 54121, 55204, 55230, 55256, 55673, 55706, 55739, 57917, 57950, 57983, 59743, 59769, 59795, 66686, 66718, 66750, 67989, 68019, 68049, 68526, 68563, 68600, 71042, 71079, 71116, 73108, 73138, 73168, 88168, 88205, 88242, 89676, 89711, 89746, 90298, 90340, 90382, 93154, 93196, 93238, 95520, 95555, 95590, 98062, 98097, 98132, 99488, 99521, 99554, 100076, 100116, 100156, 102796, 102836, 102876, 105042, 105075, 105108, 107546, 107583, 107620, 109054, 109089, 109124, 109676, 109718, 109760, 112532, 112574, 112616, 115848, 115888, 115928, 117452, 117494, 117536]"
"('Description.java', 'org.junit.runner.Description', 'parseMethod', '(.*)\\((.*)\\)', 'testResponseWithNullFirst(io.motown.utils.rest.response.ResponseTest)')","[6533, 9117, 10998, 12938, 14605, 16713, 18174, 23369, 25606, 27505, 29885, 31586, 46049, 48238, 50958, 52959, 55045, 56828, 59072, 60653, 67806, 69821, 72337, 74158, 89463, 91768, 94624, 96745, 99287, 101476, 104196, 106197, 108841, 111146, 114002, 117248, 118922]"
"('Description.java', 'org.junit.runner.Description', 'parseMethod', '(.*)\\((.*)\\)', 'io.motown.utils.rest.jax_rs.EntityNotFoundExceptionMapperTest')","[763, 19519, 33742, 39326, 62102, 76462, 82378, 121342, 127440]"
"('Description.java', 'org.junit.runner.Description', 'parseMethod', '(.*)\\((.*)\\)', 'testResponseBuilder(io.motown.utils.rest.response.ResponseBuilderTest)')","[4730, 6685, 9262, 11365, 11904, 14729, 16830, 23035, 23789, 24412, 27645, 30018, 31942, 43927, 44655, 48398, 51111, 53350, 53931, 56960, 59197, 65867, 66532, 69969, 72478, 74540, 87219, 87989, 91936, 94785, 97165, 97893, 101636, 104349, 106597, 107367, 111314, 114168, 114970]"
"('Description.java', 'org.junit.runner.Description', 'parseMethod', '(.*)\\((.*)\\)', 'io.motown.utils.rest.jax_rs.GenericExceptionMapperTest')","[1083, 19993, 34288, 39962, 62612, 77044, 83050, 121978, 128112]"
"('Description.java', 'org.junit.runner.Description', 'parseMethod', '(.*)\\((.*)\\)', 'testNonUniqueResultExceptionMapper(io.motown.utils.rest.jax_rs.NonUniqueResultExceptionMapperTest)')","[316, 1415, 1895, 3780, 18703, 18834, 20367, 20763, 22312, 23493, 32802, 32953, 34718, 35162, 36903, 38231, 38407, 40462, 40966, 42947, 61224, 61365, 63014, 63434, 65079, 75460, 75621, 77502, 77970, 79807, 81221, 81407, 83578, 84106, 86183, 120247, 120423, 122478, 122982, 124963, 126283, 126469, 128640, 129168, 131428, 131590]"
"('Description.java', 'org.junit.runner.Description', 'getClassName', '(.*)\\((.*)\\)', 'testResponseWithNullPrevious(io.motown.utils.rest.response.ResponseTest)')","[6115, 6153, 6191, 8699, 8737, 8775, 10657, 10688, 10719, 12652, 12678, 12704, 14264, 14295, 14326, 16372, 16403, 16434, 17910, 17934, 17958, 25276, 25306, 25336, 27120, 27155, 27190, 29500, 29535, 29570, 31278, 31306, 31334, 45664, 45699, 45734, 47798, 47838, 47878, 50518, 50558, 50598, 52596, 52629, 52662, 54737, 54765, 54793, 56465, 56498, 56531, 58709, 58742, 58775, 60367, 60393, 60419, 67454, 67486, 67518, 69414, 69451, 69488, 71930, 71967, 72004, 73828, 73858, 73888, 89056, 89093, 89130, 91306, 91348, 91390, 94162, 94204, 94246, 96360, 96395, 96430, 98902, 98937, 98972, 101036, 101076, 101116, 103756, 103796, 103836, 105834, 105867, 105900, 108434, 108471, 108508, 110684, 110726, 110768, 113540, 113582, 113624, 116808, 116848, 116888, 118460, 118502, 118544]"
"('Description.java', 'org.junit.runner.Description', 'parseMethod', '(.*)\\((.*)\\)', 'testJsonParseExceptionMapper(io.motown.utils.rest.jax_rs.JsonParseExceptionMapperTest)')","[1276, 3335, 4572, 20125, 20256, 21951, 22936, 23739, 34440, 34591, 36494, 37623, 40139, 40315, 42478, 43787, 62754, 62895, 64694, 65751, 77206, 77367, 79374, 80575, 83237, 83423, 85690, 87071, 122155, 122331, 124494, 125803, 128299, 128485, 130752, 134656, 134818]"
"('Description.java', 'org.junit.runner.Description', 'parseMethod', '(.*)\\((.*)\\)', 'testResponseWithEmptyHref(io.motown.utils.rest.response.ResponseTest)')","[5773, 8357, 10378, 12418, 13985, 16093, 17694, 23264, 25006, 26805, 29185, 31026, 45349, 47438, 50158, 52299, 54485, 56168, 58412, 60133, 67166, 69081, 71597, 73558, 88723, 90928, 93784, 96045, 98587, 100676, 103396, 105537, 108101, 110306, 113162, 116448, 118082]"
"('Description.java', 'org.junit.runner.Description', 'getClassName', '(.*)\\((.*)\\)', 'io.motown.utils.rest.jax_rs.JsonParseExceptionMapperTest')","[135175, 135195, 135216, 135236]"
"('Description.java', 'org.junit.runner.Description', 'getClassName', '(.*)\\((.*)\\)', 'testResponseWithNullElements(io.motown.utils.rest.response.ResponseTest)')","[5659, 5697, 5735, 8243, 8281, 8319, 10285, 10316, 10347, 12340, 12366, 12392, 13892, 13923, 13954, 16000, 16031, 16062, 17622, 17646, 17670, 24916, 24946, 24976, 26700, 26735, 26770, 29080, 29115, 29150, 30942, 30970, 30998, 45244, 45279, 45314, 47318, 47358, 47398, 50038, 50078, 50118, 52200, 52233, 52266, 54401, 54429, 54457, 56069, 56102, 56135, 58313, 58346, 58379, 60055, 60081, 60107, 67070, 67102, 67134, 68970, 69007, 69044, 71486, 71523, 71560, 73468, 73498, 73528, 88612, 88649, 88686, 90802, 90844, 90886, 93658, 93700, 93742, 95940, 95975, 96010, 98482, 98517, 98552, 100556, 100596, 100636, 103276, 103316, 103356, 105438, 105471, 105504, 107990, 108027, 108064, 110180, 110222, 110264, 113036, 113078, 113120, 116328, 116368, 116408, 117956, 117998, 118040]"
"('Description.java', 'org.junit.runner.Description', 'parseMethod', '(.*)\\((.*)\\)', 'testNavigationItem(io.motown.utils.rest.response.NavigationItemTest)')","[5034, 7445, 11122, 13159, 13386, 15349, 18270, 23390, 25863, 26126, 28345, 31698, 46351, 46659, 49198, 53091, 55284, 55529, 57620, 60757, 68081, 68362, 70709, 74278, 89783, 90109, 92776, 96885, 99589, 99897, 102436, 106329, 109161, 109487, 112154, 119182, 119504]"
"('Description.java', 'org.junit.runner.Description', 'parseMethod', '(.*)\\((.*)\\)', 'io.motown.utils.rest.jax_rs.NoResultExceptionMapperTest')","[603, 19282, 33469, 39008, 61847, 76171, 82042, 121024, 127104]"
"('Description.java', 'org.junit.runner.Description', 'parseMethod', '(.*)\\((.*)\\)', 'testNoResultExceptionMapper(io.motown.utils.rest.jax_rs.NoResultExceptionMapperTest)')","[636, 2055, 2535, 4044, 19177, 19308, 20895, 21291, 22520, 23575, 33348, 33499, 35310, 35754, 37143, 38867, 39043, 41134, 41638, 43227, 61734, 61875, 63574, 63994, 65303, 76042, 76203, 78126, 78594, 80063, 81893, 82079, 84282, 84810, 86479, 120883, 121059, 123150, 123654, 125243, 126955, 127141, 129344, 129872, 132504, 132666]"
"('Description.java', 'org.junit.runner.Description', 'getClassName', '(.*)\\((.*)\\)', 'testEntityNotFoundExceptionMapper(io.motown.utils.rest.jax_rs.EntityNotFoundExceptionMapperTest)')","[829, 862, 895, 2415, 2455, 2495, 2895, 2935, 2975, 4209, 4242, 4275, 19442, 19470, 19498, 19571, 19597, 19623, 21192, 21225, 21258, 21588, 21621, 21654, 22650, 22676, 22702, 23636, 33653, 33685, 33717, 33802, 33832, 33862, 35643, 35680, 35717, 36087, 36124, 36161, 37293, 37323, 37353, 39222, 39259, 39296, 39396, 39431, 39466, 41512, 41554, 41596, 42016, 42058, 42100, 43402, 43437, 43472, 62019, 62049, 62079, 62158, 62186, 62214, 63889, 63924, 63959, 64309, 64344, 64379, 65443, 65471, 65499, 76367, 76401, 76435, 76526, 76558, 76590, 78477, 78516, 78555, 78945, 78984, 79023, 80223, 80255, 80287, 82268, 82307, 82346, 82452, 82489, 82526, 84678, 84722, 84766, 85206, 85250, 85294, 86664, 86701, 86738, 121238, 121275, 121312, 121412, 121447, 121482, 123528, 123570, 123612, 124032, 124074, 124116, 125418, 125453, 125488, 127330, 127369, 127408, 127514, 127551, 127588, 129740, 129784, 129828, 130268, 130312, 130356, 133082, 133122, 133162, 133246, 133288, 133330]"
"('Description.java', 'org.junit.runner.Description', 'getClassName', '(.*)\\((.*)\\)', 'testResponseWithEmptyHref(io.motown.utils.rest.response.ResponseTest)')","[5811, 5849, 5887, 8395, 8433, 8471, 10409, 10440, 10471, 12444, 12470, 12496, 14016, 14047, 14078, 16124, 16155, 16186, 17718, 17742, 17766, 25036, 25066, 25096, 26840, 26875, 26910, 29220, 29255, 29290, 31054, 31082, 31110, 45384, 45419, 45454, 47478, 47518, 47558, 50198, 50238, 50278, 52332, 52365, 52398, 54513, 54541, 54569, 56201, 56234, 56267, 58445, 58478, 58511, 60159, 60185, 60211, 67198, 67230, 67262, 69118, 69155, 69192, 71634, 71671, 71708, 73588, 73618, 73648, 88760, 88797, 88834, 90970, 91012, 91054, 93826, 93868, 93910, 96080, 96115, 96150, 98622, 98657, 98692, 100716, 100756, 100796, 103436, 103476, 103516, 105570, 105603, 105636, 108138, 108175, 108212, 110348, 110390, 110432, 113204, 113246, 113288, 116488, 116528, 116568, 118124, 118166, 118208]"
"('Description.java', 'org.junit.runner.Description', 'parseMethod', '(.*)\\((.*)\\)', 'testNavigationItemWithNullHref(io.motown.utils.rest.response.NavigationItemTest)')","[7597, 11246, 13263, 15473, 18366, 23431, 25983, 28485, 31810, 46491, 49358, 53223, 55396, 57752, 60861, 68209, 70857, 74398, 89931, 92944, 97025, 99729, 102596, 106461, 109309, 112322, 119342, 119672]"
"('Description.java', 'org.junit.runner.Description', 'parseMethod', '(.*)\\((.*)\\)', 'testPersistenceExceptionMapper(io.motown.utils.rest.jax_rs.PersistenceExceptionMapperTest)')","[956, 2695, 3175, 4308, 19651, 19782, 21423, 21819, 22728, 23657, 33894, 34045, 35902, 36346, 37383, 39503, 39679, 41806, 42310, 43507, 62244, 62385, 64134, 64554, 65527, 76624, 76785, 78750, 79218, 80319, 82565, 82751, 84986, 85514, 86775, 121519, 121695, 123822, 124326, 125523, 127627, 127813, 130048, 130576, 133580, 133742]"
"('Description.java', 'org.junit.runner.Description', 'getClassName', '(.*)\\((.*)\\)', 'io.motown.utils.rest.jax_rs.JsonSyntaxExceptionMapperTest')","[131769, 131821, 131874, 131926]"
"('Description.java', 'org.junit.runner.Description', 'parseMethod', '(.*)\\((.*)\\)', 'testResponseWithNullElements(io.motown.utils.rest.response.ResponseTest)')","[5621, 8205, 10254, 12314, 13861, 15969, 17598, 23243, 24886, 26665, 29045, 30914, 45209, 47278, 49998, 52167, 54373, 56036, 58280, 60029, 67038, 68933, 71449, 73438, 88575, 90760, 93616, 95905, 98447, 100516, 103236, 105405, 107953, 110138, 112994, 116288, 117914]"
"('Description.java', 'org.junit.runner.Description', 'parseMethod', '(.*)\\((.*)\\)', 'io.motown.utils.rest.jax_rs.NonUniqueResultExceptionMapperTest')","[283, 18808, 32923, 38372, 61337, 75589, 81370, 120388, 126432]"
"('Description.java', 'org.junit.runner.Description', 'getClassName', '(.*)\\((.*)\\)', 'testNavigationItem(io.motown.utils.rest.response.NavigationItemTest)')","[5065, 5096, 5127, 7483, 7521, 7559, 11153, 11184, 11215, 13185, 13211, 13237, 13410, 13434, 13458, 15380, 15411, 15442, 18294, 18318, 18342, 23410, 25893, 25923, 25953, 26154, 26182, 26210, 28380, 28415, 28450, 31726, 31754, 31782, 46386, 46421, 46456, 46692, 46725, 46758, 49238, 49278, 49318, 53124, 53157, 53190, 55312, 55340, 55368, 55555, 55581, 55607, 57653, 57686, 57719, 60783, 60809, 60835, 68113, 68145, 68177, 68392, 68422, 68452, 70746, 70783, 70820, 74308, 74338, 74368, 89820, 89857, 89894, 90144, 90179, 90214, 92818, 92860, 92902, 96920, 96955, 96990, 99624, 99659, 99694, 99930, 99963, 99996, 102476, 102516, 102556, 106362, 106395, 106428, 109198, 109235, 109272, 109522, 109557, 109592, 112196, 112238, 112280, 119222, 119262, 119302, 119546, 119588, 119630]"
"('Description.java', 'org.junit.runner.Description', 'parseMethod', '(.*)\\((.*)\\)', 'testResponseWithNullNext(io.motown.utils.rest.response.ResponseTest)')","[6381, 8965, 10874, 12834, 14481, 16589, 18078, 23348, 25486, 27365, 29745, 31474, 45909, 48078, 50798, 52827, 54933, 56696, 58940, 60549, 67678, 69673, 72189, 74038, 89315, 91600, 94456, 96605, 99147, 101316, 104036, 106065, 108693, 110978, 113834, 117088, 118754]"
"('Description.java', 'org.junit.runner.Description', 'getClassName', '(.*)\\((.*)\\)', 'testResponseWithNullLast(io.motown.utils.rest.response.ResponseTest)')","[5507, 5545, 5583, 8091, 8129, 8167, 10161, 10192, 10223, 12236, 12262, 12288, 13768, 13799, 13830, 15876, 15907, 15938, 17526, 17550, 17574, 24796, 24826, 24856, 26560, 26595, 26630, 28940, 28975, 29010, 30830, 30858, 30886, 45104, 45139, 45174, 47158, 47198, 47238, 49878, 49918, 49958, 52068, 52101, 52134, 54289, 54317, 54345, 55937, 55970, 56003, 58181, 58214, 58247, 59951, 59977, 60003, 66942, 66974, 67006, 68822, 68859, 68896, 71338, 71375, 71412, 73348, 73378, 73408, 88464, 88501, 88538, 90634, 90676, 90718, 93490, 93532, 93574, 95800, 95835, 95870, 98342, 98377, 98412, 100396, 100436, 100476, 103116, 103156, 103196, 105306, 105339, 105372, 107842, 107879, 107916, 110012, 110054, 110096, 112868, 112910, 112952, 116168, 116208, 116248, 117788, 117830, 117872]"
