"('Description.java', 'org.junit.runner.Description', 'parseMethod', '(.*)\\((.*)\\)', 'io.motown.domain.utils.axon.MotownRoutingKeyResolverTest')","[194, 6964, 15840, 23947, 33527, 43493]"
"('Description.java', 'org.junit.runner.Description', 'getClassName', '(.*)\\((.*)\\)', 'verifyCorrelationUnitOfWorkListenerIsRegistered(io.motown.domain.utils.axon.CorrelationCommandHandlerInterceptorTest)')","[593, 617, 641, 3307, 3338, 3369, 5505, 5529, 5553, 6160, 8490, 8520, 8550, 8871, 8899, 8927, 11937, 11972, 12007, 14471, 14499, 14527, 17262, 17290, 17318, 17617, 17643, 17669, 20507, 20540, 20573, 22873, 22899, 22925, 25577, 25609, 25641, 25984, 26014, 26044, 29226, 29263, 29300, 31928, 31958, 31988, 35313, 35348, 35383, 35759, 35792, 35825, 39265, 39305, 39345, 42219, 42252, 42285, 45383, 45420, 45457, 45855, 45890, 45925, 49537, 49579, 49621, 55583, 55623, 55663, 56067, 56109, 56151]"
"('Description.java', 'org.junit.runner.Description', 'getClassName', '(.*)\\((.*)\\)', 'nullPointerExceptionThrownWhenCreatingWithCommandNull(io.motown.domain.utils.axon.CorrelationUnitOfWorkListenerTest)')","[476, 500, 524, 2191, 2222, 2253, 3679, 3710, 3741, 5121, 5145, 5169, 6056, 7873, 7903, 7933, 8374, 8402, 8430, 10677, 10712, 10747, 12357, 12392, 12427, 14023, 14051, 14079, 16687, 16715, 16743, 17154, 17180, 17206, 19319, 19352, 19385, 20903, 20936, 20969, 22457, 22483, 22509, 24918, 24950, 24982, 25453, 25483, 25513, 27894, 27931, 27968, 29670, 29707, 29744, 31448, 31478, 31508, 34591, 34626, 34661, 35177, 35210, 35243, 37825, 37865, 37905, 39745, 39785, 39825, 41691, 41724, 41757, 44619, 44656, 44693, 45239, 45274, 45309, 48025, 48067, 48109, 50041, 50083, 50125, 54177, 54217, 54257, 54821, 54863, 54905]"
"('Description.java', 'org.junit.runner.Description', 'getClassName', '(.*)\\((.*)\\)', 'io.motown.domain.utils.axon.CorrelationCommandHandlerInterceptorTest')","[56602, 56622, 56643, 56663]"
"('Description.java', 'org.junit.runner.Description', 'parseMethod', '(.*)\\((.*)\\)', 'verifyCorrelationUnitOfWorkListenerIsRegistered(io.motown.domain.utils.axon.CorrelationCommandHandlerInterceptorTest)')","[569, 3276, 5481, 6140, 8460, 8843, 11902, 14443, 17234, 17591, 20474, 22847, 25545, 25954, 29189, 31898, 35278, 35726, 39225, 42186, 45346, 45820, 49495, 55543, 56025]"
"('Description.java', 'org.junit.runner.Description', 'getClassName', '(.*)\\((.*)\\)', 'illegalArgumentExceptionThrownWhenCreatingWithCommandWithoutCorrectMetaData(io.motown.domain.utils.axon.CorrelationUnitOfWorkListenerTest)')","[2315, 2346, 2377, 3803, 3834, 3865, 5217, 5241, 5265, 7993, 8023, 8053, 10817, 10852, 10887, 12497, 12532, 12567, 14135, 14163, 14191, 16799, 16827, 16855, 19451, 19484, 19517, 21035, 21068, 21101, 22561, 22587, 22613, 25046, 25078, 25110, 28042, 28079, 28116, 29818, 29855, 29892, 31568, 31598, 31628, 34731, 34766, 34801, 37985, 38025, 38065, 39905, 39945, 39985, 41823, 41856, 41889, 44767, 44804, 44841, 48193, 48235, 48277, 50209, 50251, 50293, 54337, 54377, 54417, 54989, 55031, 55073]"
"('Description.java', 'org.junit.runner.Description', 'getClassName', '(.*)\\((.*)\\)', 'testResolveRoutingKeyCommunicationWithChargingStationEvent(io.motown.domain.utils.axon.MotownRoutingKeyResolverTest)')","[827, 858, 889, 2067, 2098, 2129, 4545, 4569, 4593, 6879, 6909, 6939, 9137, 9172, 9207, 10537, 10572, 10607, 13351, 13379, 13407, 15761, 15789, 15817, 17867, 17900, 17933, 19187, 19220, 19253, 21833, 21859, 21885, 23856, 23888, 23920, 26266, 26303, 26340, 27746, 27783, 27820, 30728, 30758, 30788, 33427, 33462, 33497, 36065, 36105, 36145, 37665, 37705, 37745, 40899, 40932, 40965, 43387, 43424, 43461, 46177, 46219, 46261, 47857, 47899, 47941, 51853, 51893, 51933, 52185, 52227, 52269]"
"('Description.java', 'org.junit.runner.Description', 'parseMethod', '(.*)\\((.*)\\)', 'testIfEventCallbackIsNotCalledBecauseTimerHasFired(io.motown.domain.utils.axon.EventWaitingGatewayTest)')","[1788, 3152, 5001, 6015, 7586, 10222, 11762, 13883, 16420, 18890, 20342, 22327, 24611, 27413, 29041, 31298, 34254, 37305, 39065, 41526, 44262, 47479, 49327, 53043, 53877]"
"('Description.java', 'org.junit.runner.Description', 'parseMethod', '(.*)\\((.*)\\)', 'nullPointerExceptionThrownWhenCreatingWithCommandNull(io.motown.domain.utils.axon.CorrelationUnitOfWorkListenerTest)')","[452, 2160, 3648, 5097, 6036, 7843, 8346, 10642, 12322, 13995, 16659, 17128, 19286, 20870, 22431, 24886, 25423, 27857, 29633, 31418, 34556, 35144, 37785, 39705, 41658, 44582, 45204, 47983, 49999, 54137, 54779]"
"('Description.java', 'org.junit.runner.Description', 'getClassName', '(.*)\\((.*)\\)', 'verifyInterceptorChainIsProceeded(io.motown.domain.utils.axon.CorrelationCommandHandlerInterceptorTest)')","[3555, 3586, 3617, 5697, 5721, 5745, 8730, 8760, 8790, 12217, 12252, 12287, 14695, 14723, 14751, 17486, 17514, 17542, 20771, 20804, 20837, 23081, 23107, 23133, 25833, 25865, 25897, 29522, 29559, 29596, 32168, 32198, 32228, 35593, 35628, 35663, 39585, 39625, 39665, 42483, 42516, 42549, 45679, 45716, 45753, 49873, 49915, 49957, 55903, 55943, 55983, 56403, 56445, 56487]"
"('Description.java', 'org.junit.runner.Description', 'getClassName', '(.*)\\((.*)\\)', 'io.motown.domain.utils.axon.CorrelationUnitOfWorkListenerTest')","[56511, 56534, 56558, 56581]"
"('Description.java', 'org.junit.runner.Description', 'parseMethod', '(.*)\\((.*)\\)', 'verifyInterceptorChainIsProceeded(io.motown.domain.utils.axon.CorrelationCommandHandlerInterceptorTest)')","[3524, 5673, 6202, 8700, 12182, 14667, 17458, 20738, 23055, 25801, 29485, 32138, 35558, 39545, 42450, 45642, 49831, 55863, 56361]"
"('Description.java', 'org.junit.runner.Description', 'parseMethod', '(.*)\\((.*)\\)', 'io.motown.domain.utils.axon.CorrelationUnitOfWorkListenerTest')","[428, 8318, 17102, 25393, 35111, 45169]"
"('Description.java', 'org.junit.runner.Description', 'getClassName', '(.*)\\((.*)\\)', 'testIfEventCallbackIsNotCalledIfCorrelationIdIsIncorrect(io.motown.domain.utils.axon.EventWaitingGatewayTest)')","[1695, 1726, 1757, 3059, 3090, 3121, 4929, 4953, 4977, 7496, 7526, 7556, 10117, 10152, 10187, 11657, 11692, 11727, 13799, 13827, 13855, 16336, 16364, 16392, 18791, 18824, 18857, 20243, 20276, 20309, 22249, 22275, 22301, 24515, 24547, 24579, 27302, 27339, 27376, 28930, 28967, 29004, 31208, 31238, 31268, 34149, 34184, 34219, 37185, 37225, 37265, 38945, 38985, 39025, 41427, 41460, 41493, 44151, 44188, 44225, 47353, 47395, 47437, 49201, 49243, 49285, 52923, 52963, 53003, 53751, 53793, 53835]"
"('Description.java', 'org.junit.runner.Description', 'parseMethod', '(.*)\\((.*)\\)', 'illegalArgumentExceptionThrownWhenCreatingWithCommandWithoutCorrectMetaDataType(io.motown.domain.utils.axon.CorrelationUnitOfWorkListenerTest)')","[2408, 3896, 5289, 6098, 8083, 10922, 12602, 14219, 16883, 19550, 21134, 22639, 25142, 28153, 29929, 31658, 34836, 38105, 40025, 41922, 44878, 48319, 50335, 54457, 55115]"
"('Description.java', 'org.junit.runner.Description', 'getClassName', '(.*)\\((.*)\\)', 'verifyCorrelationUnitOfWorkListenerIsNotRegistered(io.motown.domain.utils.axon.CorrelationCommandHandlerInterceptorTest)')","[3431, 3462, 3493, 5601, 5625, 5649, 8610, 8640, 8670, 12077, 12112, 12147, 14583, 14611, 14639, 17374, 17402, 17430, 20639, 20672, 20705, 22977, 23003, 23029, 25705, 25737, 25769, 29374, 29411, 29448, 32048, 32078, 32108, 35453, 35488, 35523, 39425, 39465, 39505, 42351, 42384, 42417, 45531, 45568, 45605, 49705, 49747, 49789, 55743, 55783, 55823, 56235, 56277, 56319]"
"('Description.java', 'org.junit.runner.Description', 'parseMethod', '(.*)\\((.*)\\)', 'io.motown.domain.utils.axon.EventWaitingGatewayTest')","[311, 7701, 16527, 24734, 34389, 44405]"
"('Description.java', 'org.junit.runner.Description', 'parseMethod', '(.*)\\((.*)\\)', 'testResolveRoutingKeyNoCommunicationEvent(io.motown.domain.utils.axon.MotownRoutingKeyResolverTest)')","[218, 672, 1912, 4425, 5849, 6729, 6992, 8962, 10362, 13211, 15621, 15866, 17702, 19022, 21703, 23696, 23977, 26081, 27561, 30578, 33252, 33560, 35865, 37465, 40734, 43202, 43528, 45967, 47647, 51653, 51975]"
"('Description.java', 'org.junit.runner.Description', 'parseMethod', '(.*)\\((.*)\\)', 'null')","[17, 35, 14771, 32250]"
"('Description.java', 'org.junit.runner.Description', 'getClassName', '(.*)\\((.*)\\)', 'testIfCommandIsDispatchedAndEventCallbackIsSuccessfullyCalled(io.motown.domain.utils.axon.EventWaitingGatewayTest)')","[1447, 1478, 1509, 2811, 2842, 2873, 4737, 4761, 4785, 7256, 7286, 7316, 9837, 9872, 9907, 11377, 11412, 11447, 13575, 13603, 13631, 16112, 16140, 16168, 18527, 18560, 18593, 19979, 20012, 20045, 22041, 22067, 22093, 24259, 24291, 24323, 27006, 27043, 27080, 28634, 28671, 28708, 30968, 30998, 31028, 33869, 33904, 33939, 36865, 36905, 36945, 38625, 38665, 38705, 41163, 41196, 41229, 43855, 43892, 43929, 47017, 47059, 47101, 48865, 48907, 48949, 52603, 52643, 52683, 53415, 53457, 53499]"
"('Description.java', 'org.junit.runner.Description', 'getClassName', '(.*)\\((.*)\\)', 'testChaining(io.motown.domain.utils.AttributeMapTest)')","[1199, 1230, 1261, 4353, 4377, 4401, 6502, 6532, 6562, 9557, 9592, 9627, 13127, 13155, 13183, 15051, 15079, 15107, 15410, 15438, 15466, 18263, 18296, 18329, 21625, 21651, 21677, 23453, 23485, 23517, 26710, 26747, 26784, 30488, 30518, 30548, 32550, 32580, 32610, 32985, 33020, 33055, 36545, 36585, 36625, 40635, 40668, 40701, 42919, 42956, 42993, 46681, 46723, 46765, 51029, 51069, 51109, 51529, 51571, 51613]"
"('Description.java', 'org.junit.runner.Description', 'getClassName', '(.*)\\((.*)\\)', 'io.motown.domain.utils.axon.MotownRoutingKeyResolverTest')","[54027, 54050, 54074, 54097]"
"('Description.java', 'org.junit.runner.Description', 'parseMethod', '(.*)\\((.*)\\)', 'verifyCorrelationUnitOfWorkListenerIsNotRegistered(io.motown.domain.utils.axon.CorrelationCommandHandlerInterceptorTest)')","[3400, 5577, 6181, 8580, 12042, 14555, 17346, 20606, 22951, 25673, 29337, 32018, 35418, 39385, 42318, 45494, 49663, 55703, 56193]"
"('Description.java', 'org.junit.runner.Description', 'getClassName', '(.*)\\((.*)\\)', 'illegalArgumentExceptionThrownWhenCreatingWithCommandWithoutCorrectMetaDataType(io.motown.domain.utils.axon.CorrelationUnitOfWorkListenerTest)')","[2439, 2470, 2501, 3927, 3958, 3989, 5313, 5337, 5361, 8113, 8143, 8173, 10957, 10992, 11027, 12637, 12672, 12707, 14247, 14275, 14303, 16911, 16939, 16967, 19583, 19616, 19649, 21167, 21200, 21233, 22665, 22691, 22717, 25174, 25206, 25238, 28190, 28227, 28264, 29966, 30003, 30040, 31688, 31718, 31748, 34871, 34906, 34941, 38145, 38185, 38225, 40065, 40105, 40145, 41955, 41988, 42021, 44915, 44952, 44989, 48361, 48403, 48445, 50377, 50419, 50461, 54497, 54537, 54577, 55157, 55199, 55241]"
"('Description.java', 'org.junit.runner.Description', 'getClassName', '(.*)\\((.*)\\)', 'putValueShouldStoreKeyAndValue(io.motown.domain.utils.AttributeMapTest)')","[125, 149, 173, 951, 982, 1013, 4161, 4185, 4209, 5786, 6262, 6292, 6322, 6643, 6671, 6699, 9277, 9312, 9347, 12903, 12931, 12959, 14827, 14855, 14883, 15186, 15214, 15242, 15541, 15567, 15593, 17999, 18032, 18065, 21417, 21443, 21469, 23197, 23229, 23261, 23604, 23634, 23664, 26414, 26451, 26488, 30248, 30278, 30308, 32310, 32340, 32370, 32705, 32740, 32775, 33151, 33184, 33217, 36225, 36265, 36305, 40371, 40404, 40437, 42623, 42660, 42697, 43095, 43130, 43165, 46345, 46387, 46429, 50709, 50749, 50789, 51193, 51235, 51277]"
"('Description.java', 'org.junit.runner.Description', 'parseMethod', '(.*)\\((.*)\\)', 'testIfCommandIsDispatchedAndEventCallbackIsUnsuccessfullyCalled(io.motown.domain.utils.axon.EventWaitingGatewayTest)')","[1540, 2904, 4809, 5973, 7346, 9942, 11482, 13659, 16196, 18626, 20078, 22119, 24355, 27117, 28745, 31058, 33974, 36985, 38745, 41262, 43966, 47143, 48991, 52723, 53541]"
"('Description.java', 'org.junit.runner.Description', 'parseMethod', '(.*)\\((.*)\\)', 'putNullValueShouldNotStoreKey(io.motown.domain.utils.AttributeMapTest)')","[1044, 4233, 5807, 6352, 9382, 12987, 14911, 15270, 18098, 21495, 23293, 26525, 30338, 32400, 32810, 36345, 40470, 42734, 46471, 50829, 51319]"
"('Description.java', 'org.junit.runner.Description', 'parseMethod', '(.*)\\((.*)\\)', 'testIfCommandIsDispatchedAndCorrelationIdIsNotNull(io.motown.domain.utils.axon.EventWaitingGatewayTest)')","[335, 1292, 2656, 4617, 5911, 7106, 7729, 9662, 11202, 13435, 15972, 16553, 18362, 19814, 21911, 24099, 24764, 26821, 28449, 30818, 33694, 34422, 36665, 38425, 40998, 43670, 44440, 46807, 48655, 52403, 53205]"
"('Description.java', 'org.junit.runner.Description', 'parseMethod', '(.*)\\((.*)\\)', 'io.motown.domain.utils.AttributeMapTest')","[56, 77, 6587, 15130, 15489, 23544, 32635, 33085, 43025]"
"('Description.java', 'org.junit.runner.Description', 'parseMethod', '(.*)\\((.*)\\)', 'testResolveRoutingKeyCommunicationWithChargingStationEvent(io.motown.domain.utils.axon.MotownRoutingKeyResolverTest)')","[796, 2036, 4521, 5890, 6849, 9102, 10502, 13323, 15733, 17834, 19154, 21807, 23824, 26229, 27709, 30698, 33392, 36025, 37625, 40866, 43350, 46135, 47815, 51813, 52143]"
"('Description.java', 'org.junit.runner.Description', 'getClassName', '(.*)\\((.*)\\)', 'putNullValueShouldNotStoreKey(io.motown.domain.utils.AttributeMapTest)')","[1075, 1106, 1137, 4257, 4281, 4305, 6382, 6412, 6442, 9417, 9452, 9487, 13015, 13043, 13071, 14939, 14967, 14995, 15298, 15326, 15354, 18131, 18164, 18197, 21521, 21547, 21573, 23325, 23357, 23389, 26562, 26599, 26636, 30368, 30398, 30428, 32430, 32460, 32490, 32845, 32880, 32915, 36385, 36425, 36465, 40503, 40536, 40569, 42771, 42808, 42845, 46513, 46555, 46597, 50869, 50909, 50949, 51361, 51403, 51445]"
"('Description.java', 'org.junit.runner.Description', 'getClassName', '(.*)\\((.*)\\)', 'testIfCommandIsDispatchedAndCorrelationIdIsNotNull(io.motown.domain.utils.axon.EventWaitingGatewayTest)')","[359, 383, 407, 1323, 1354, 1385, 2687, 2718, 2749, 4641, 4665, 4689, 5931, 7136, 7166, 7196, 7757, 7785, 7813, 9697, 9732, 9767, 11237, 11272, 11307, 13463, 13491, 13519, 16000, 16028, 16056, 16579, 16605, 16631, 18395, 18428, 18461, 19847, 19880, 19913, 21937, 21963, 21989, 24131, 24163, 24195, 24794, 24824, 24854, 26858, 26895, 26932, 28486, 28523, 28560, 30848, 30878, 30908, 33729, 33764, 33799, 34455, 34488, 34521, 36705, 36745, 36785, 38465, 38505, 38545, 41031, 41064, 41097, 43707, 43744, 43781, 44475, 44510, 44545, 46849, 46891, 46933, 48697, 48739, 48781, 52443, 52483, 52523, 53247, 53289, 53331]"
"('Description.java', 'org.junit.runner.Description', 'parseMethod', '(.*)\\((.*)\\)', 'putValueShouldStoreKeyAndValue(io.motown.domain.utils.AttributeMapTest)')","[101, 920, 4137, 5766, 6232, 6615, 9242, 12875, 14799, 15158, 15515, 17966, 21391, 23165, 23574, 26377, 30218, 32280, 32670, 33118, 36185, 40338, 42586, 43060, 46303, 50669, 51151]"
"('Description.java', 'org.junit.runner.Description', 'parseMethod', '(.*)\\((.*)\\)', 'io.motown.domain.utils.axon.CorrelationCommandHandlerInterceptorTest')","[545, 8815, 17565, 25924, 35693, 45785]"
"('Description.java', 'org.junit.runner.Description', 'parseMethod', '(.*)\\((.*)\\)', 'testIfCommandIsDispatchedAndEventCallbackIsSuccessfullyCalled(io.motown.domain.utils.axon.EventWaitingGatewayTest)')","[1416, 2780, 4713, 5952, 7226, 9802, 11342, 13547, 16084, 18494, 19946, 22015, 24227, 26969, 28597, 30938, 33834, 36825, 38585, 41130, 43818, 46975, 48823, 52563, 53373]"
"('Description.java', 'org.junit.runner.Description', 'parseMethod', '(.*)\\((.*)\\)', 'testIfEventCallbackIsNotCalledIfCorrelationIdIsIncorrect(io.motown.domain.utils.axon.EventWaitingGatewayTest)')","[1664, 3028, 4905, 5994, 7466, 10082, 11622, 13771, 16308, 18758, 20210, 22223, 24483, 27265, 28893, 31178, 34114, 37145, 38905, 41394, 44114, 47311, 49159, 52883, 53709]"
"('Description.java', 'org.junit.runner.Description', 'getClassName', '(.*)\\((.*)\\)', 'io.motown.domain.utils.AttributeMapTest')","[52293, 52316, 52340, 52363]"
"('Description.java', 'org.junit.runner.Description', 'parseMethod', '(.*)\\((.*)\\)', 'testChaining(io.motown.domain.utils.AttributeMapTest)')","[1168, 4329, 5828, 6472, 9522, 13099, 15023, 15382, 18230, 21599, 23421, 26673, 30458, 32520, 32950, 36505, 40602, 42882, 46639, 50989, 51487]"
"('Description.java', 'org.junit.runner.Description', 'parseMethod', '(.*)\\((.*)\\)', 'illegalArgumentExceptionThrownWhenCreatingWithCommandWithoutCorrectMetaData(io.motown.domain.utils.axon.CorrelationUnitOfWorkListenerTest)')","[2284, 3772, 5193, 6077, 7963, 10782, 12462, 14107, 16771, 19418, 21002, 22535, 25014, 28005, 29781, 31538, 34696, 37945, 39865, 41790, 44730, 48151, 50167, 54297, 54947]"
"('Description.java', 'org.junit.runner.Description', 'getClassName', '(.*)\\((.*)\\)', 'io.motown.domain.utils.axon.EventWaitingGatewayTest')","[55433, 55456, 55480, 55503]"
"('Description.java', 'org.junit.runner.Description', 'parseMethod', '(.*)\\((.*)\\)', 'onEventRegisteredReturnsEventWithMetaData(io.motown.domain.utils.axon.CorrelationUnitOfWorkListenerTest)')","[2532, 4020, 5385, 6119, 8203, 11062, 12742, 14331, 16995, 19682, 21266, 22743, 25270, 28301, 30077, 31778, 34976, 38265, 40185, 42054, 45026, 48487, 50503, 54617, 55283]"
"('Description.java', 'org.junit.runner.Description', 'getClassName', '(.*)\\((.*)\\)', 'testIfCommandIsDispatchedAndEventCallbackIsUnsuccessfullyCalled(io.motown.domain.utils.axon.EventWaitingGatewayTest)')","[1571, 1602, 1633, 2935, 2966, 2997, 4833, 4857, 4881, 7376, 7406, 7436, 9977, 10012, 10047, 11517, 11552, 11587, 13687, 13715, 13743, 16224, 16252, 16280, 18659, 18692, 18725, 20111, 20144, 20177, 22145, 22171, 22197, 24387, 24419, 24451, 27154, 27191, 27228, 28782, 28819, 28856, 31088, 31118, 31148, 34009, 34044, 34079, 37025, 37065, 37105, 38785, 38825, 38865, 41295, 41328, 41361, 44003, 44040, 44077, 47185, 47227, 47269, 49033, 49075, 49117, 52763, 52803, 52843, 53583, 53625, 53667]"
"('Description.java', 'org.junit.runner.Description', 'getClassName', '(.*)\\((.*)\\)', 'testResolveRoutingKeyNoCommunicationEvent(io.motown.domain.utils.axon.MotownRoutingKeyResolverTest)')","[242, 266, 290, 703, 734, 765, 1943, 1974, 2005, 4449, 4473, 4497, 5869, 6759, 6789, 6819, 7020, 7048, 7076, 8997, 9032, 9067, 10397, 10432, 10467, 13239, 13267, 13295, 15649, 15677, 15705, 15892, 15918, 15944, 17735, 17768, 17801, 19055, 19088, 19121, 21729, 21755, 21781, 23728, 23760, 23792, 24007, 24037, 24067, 26118, 26155, 26192, 27598, 27635, 27672, 30608, 30638, 30668, 33287, 33322, 33357, 33593, 33626, 33659, 35905, 35945, 35985, 37505, 37545, 37585, 40767, 40800, 40833, 43239, 43276, 43313, 43563, 43598, 43633, 46009, 46051, 46093, 47689, 47731, 47773, 51693, 51733, 51773, 52017, 52059, 52101]"
"('Description.java', 'org.junit.runner.Description', 'getClassName', '(.*)\\((.*)\\)', 'onEventRegisteredReturnsEventWithMetaData(io.motown.domain.utils.axon.CorrelationUnitOfWorkListenerTest)')","[2563, 2594, 2625, 4051, 4082, 4113, 5409, 5433, 5457, 8233, 8263, 8293, 11097, 11132, 11167, 12777, 12812, 12847, 14359, 14387, 14415, 17023, 17051, 17079, 19715, 19748, 19781, 21299, 21332, 21365, 22769, 22795, 22821, 25302, 25334, 25366, 28338, 28375, 28412, 30114, 30151, 30188, 31808, 31838, 31868, 35011, 35046, 35081, 38305, 38345, 38385, 40225, 40265, 40305, 42087, 42120, 42153, 45063, 45100, 45137, 48529, 48571, 48613, 50545, 50587, 50629, 54657, 54697, 54737, 55325, 55367, 55409]"
"('Description.java', 'org.junit.runner.Description', 'getClassName', '(.*)\\((.*)\\)', 'testIfEventCallbackIsNotCalledBecauseTimerHasFired(io.motown.domain.utils.axon.EventWaitingGatewayTest)')","[1819, 1850, 1881, 3183, 3214, 3245, 5025, 5049, 5073, 7616, 7646, 7676, 10257, 10292, 10327, 11797, 11832, 11867, 13911, 13939, 13967, 16448, 16476, 16504, 18923, 18956, 18989, 20375, 20408, 20441, 22353, 22379, 22405, 24643, 24675, 24707, 27450, 27487, 27524, 29078, 29115, 29152, 31328, 31358, 31388, 34289, 34324, 34359, 37345, 37385, 37425, 39105, 39145, 39185, 41559, 41592, 41625, 44299, 44336, 44373, 47521, 47563, 47605, 49369, 49411, 49453, 53083, 53123, 53163, 53919, 53961, 54003]"
