"\v\v;N-489-9"
"O<-88-855"
" -1-365\a;;@"
"o-8-49]\b"
"-8-95;"
">c:699981-4"
"-936-\bF;:-1"
"\nU-95-5"
";8--]v-;--;-6eTt"
"-8933---f-$U-019':V"
"-3-98y#B;F%"
"-442---;-8896302"
"Ml-449-9x"
"E|)-3-3"
