"imei:774014819rmc=$GPRMC,993398(989,A,3519.86868122096928,S,99092.8349,E,88.599,,926215,"
"imei:1&rmc:$GPRMC,485888X6,A,88887.9,S,398.27,W,94.87,,796483,l"
"\0imei:84&rmc:$GPRMC,095218z89,V,680998.0,N,8884.8,E,119.8,,386089,"
";imei:8rmc:$GPRMC,819658m99,A,8095.84,N,6299.693,E,53.7889437,0.419,982344,("
"(imei=5&rmc:$GPRMC,992239B39,V,438.83,S,99391982509.18,E,8.88,28.8,068176,"
"C}imei=9rmc:$GPRMC,3178346,A,9212.5,S,99489.5,E,88.2,8.9,985253,"
":Xzimei:897&rmc:$GPRMC,627370Y85289,V,9309.81588,N,982.87,E,8.08,,834817,"
"imei=989&rmc:$GPRMC,969893\1,A,8866.8,S,67459.99838,E,889.9,,988779,]9Sj\r"
"imei=299rmc:$GPRMC,029842a8590,V,801.8,S,89398.6391,E,882.99,,298984,;"
"imei=43&rmc:$GPRMC,927281\"8,V,943.9,N,582.7888,E,92.8,,258027,27"
"Cimei=3&rmc=$GPRMC,8698353988,V,1588.878,N,80997.83,E,92.971,99.9,888098,"
"imei:7&rmc:$GPRMC,521889Z44,V,9884.9018858,N,394714899819.97995,W,8.8,,981599,V"
"imei=99rmc=$GPRMC,324683u8,V,8821.26592,S,9199.691,E,49.4,,975736,0"
"(ZMimei:3rmc:$GPRMC,399989y99,V,8274.29890,S,629.1,E,9.8,,601884,E"
"imei=96&rmc=$GPRMC,8839988,V,9858.8999,S,3930.928,W,8.9,0.592,857982,"
"_Ximei=0&rmc=$GPRMC,402998113,V,42137.797,N,808.8,W,83.8,,893899,@"
"imei:29&rmc=$GPRMC,985941i6,A,858.8,N,939.0,E,46.7,858.5875,561990,Z<"
"imei=88&rmc=$GPRMC,8879999,A,78809.8,S,950.59,W,6298.8,,984085,"
"Wimei=480&rmc=$GPRMC,978979u96,A,756.4,N,908.91,E,68.9,,783855,"
"pimei=7rmc=$GPRMC,99282955,A,3999.9,S,9968.8,W,9.8,98.886,689962,"
"\aimei=8rmc:$GPRMC,558094p877395,A,196.9200889,S,306.9609,E,7.54,9.8899,878812,yq"
"imei=000&rmc:$GPRMC,623039d98,V,69938.9,S,089.8,E,9.9,8.9,967569,"
"^imei:08rmc:$GPRMC,6589948501,V,813.9,S,993245.1,E,1.19,24.0,038997,"
"imei=43&rmc:$GPRMC,858436-49,V,868.8,N,3592.81,E,40.7,37.89180,095689,"
"imei:885&rmc:$GPRMC,46992869,V,678.9,N,829930.89,W,6.93,1.08,289982,"
"imei=96947&rmc=$GPRMC,549908l166,V,4583819.87,N,8999897.9,E,846.8,,798779,"
"imei=8rmc=$GPRMC,899691\r110949,A,199.684,S,89115.892,E,61.9,9.39,219868,"
"mimei=74959rmc=$GPRMC,384984'899980,A,590.9,N,699.62,W,9.8,78.0,667983,"
"vimei:859rmc:$GPRMC,91795094,V,028.798,N,51067.7,W,2.329,688.8,192023,"
"imei:18840998rmc:$GPRMC,309917]99,V,76194.486,N,469.92,E,381.59,,938009,"
