"T-78:99"
" TH-83:98"
"T-4+69:03"
"U3Tj)-66:81"
"TJR&+88:11"
"T>-89:76"
"+D,T+81:49"
"2T+85:89"
"T)+82:15"
">T+88:98"
"T@-99:98"
"T.+88:69"
"2T+89:89"
"T]-89:52"
"T+98:69"
"Tj-42:62"
"8T-36:08"
"6TEw-64:61"
"T>y+81:42"
"T+97:89"
"Tpm<-20:18"
"T+-87:43"
"9TP-88:77"
