"99333060.389525-99"
"48945822.017699-8"
"Y-08849904.848879-899"
"88989091.924988-1"
"69354139.398889-309038"
"47973508.114899-8"
"02298799.198956-28"
"08914769.909888-29"
"99090888.088867-6"
"-97889891.282972-4"
"-85881188.388848-219099871"
"-90789291.892678-47"
"-91749989.885948-23"
"94989889.998298-9"
"-08892998.886967-1"
"\a-95886112.979796-2"
"58976598.956989-9"
"\a-95599558.898899-8419"
"81938874.299464-9"
"-60689792.297486-88"
"Dm<-81798974.789859-3"
"-45956996.789899-086"
"92558887.549950-799695"
"86260018.910841-8"
"-83218992.133184-284"
"19173889.888089-18"
"48813779.945928-9839"
"-29919883.885357-58"
"79887955.688008-985986"
"-83988043.879999-0"
"-11854899.618307-09"
"-29569478.490059-5"
"94580863.770899-18"
"-39539819.088794-9882"
"-74698299.098338-8"
"87998923.991739-97"
"-83250584.009710-38"
"99491356.088158-9"
"06858668.777569-9"
"yu-93169928.706543-9"
"%-93487583.658858-9"
"d-42844299.470998-38"
"-98289975.495981-2"
"Q-33885988.284288-52"
"-77928998.836912-99"
