"'T-88:81"
"TJ+70:84"
"WzGT\0-14:34"
"T*-78:98"
"T+89:82"
"TV+98:93"
"Tk+88:48"
"T-90:80"
"T2\a-48:95"
"T+45:98"
"T-63:85"
"T-46:84"
"TE9+99:97"
"^T+80:94"
"T]-02:18"
"^T\e+66:83"
"nT<-78:89"
"T0+88:98"
"VT+99:43"
"&\tT$\bP-21:31"
"Tm-83:98"
"Tt-80:92"
"T-12:68"
"T+87:88"
"CT-89:40"
"T7i+29:47"
"T\b+11:88"
"T\f$P-00:59"
"T+39:99"
"ATf-92:97"
"T+48:49"
",T'+98:62"
"<T+56:59"
"T-81:49"
"T+53:18"
"sK;T-11:88"
"vT+84:39"
"\"]Tq+98:59"
"`TaXVR+90:01"
"^zTi-64:82"
"d;T-99:89"
"/T-98:98"
"T-90:88"
"\e\vTN-98:99"
"T'\a7K+03:80"
"T+18:19"
"w';T#o+08:65"
"\eT+08:98"
"k\aT-49:99"
"T+48:75"
"T\bZ-51:15"
">:KLT+85:99"
"T|X~i-83:47"
"\rTs+99:99"
"T-89:42"
"TM,-98:41"
"T+08:38"
"T+91:99"
"FT+85:98"
"T-68:49"
"UT+94:98"
"T-49:96"
";T-48:59"
"URHT+95:99"
"{T+81:89"
"pq-TH-58:64"
"T-79:98"
"T5o\f-19:29"
"T-89:85"
"T-78:55"
"KsT-48:50"
"l5mT+16:55"
"T<|+89:89"
"0/T8-52:24"
"TI-97:59"
"T-55:86"
"T-M4-64:92"
"d:Ta-87:35"
"mT}-93:98"
"T-21:88"
"T+08:88"
"TA\t+53:98"
"TXwY+87:96"
"T-29:83"
"T={+99:33"
"pu6T-10:89"
"bgT-52:98"
"T-99:84"
"T-29:99"
"TXW+13:92"
"T-99:09"
"Tb-34:79"
"S5OT+99:29"
"T}0i|-90:29"
"|T+89:60"
"Sh~Tc-99:17"
"\edT+08:98"
"Ty-89:25"
"btT+97:61"
"T-35:37"
"T*+83:09"
"T{+19:88"
"A\fD7T-12:99"
"T7R-83:79"
"T-87:88"
"26+T-95:92"
"bT+81:82"
"T+28:91"
"T+99:89"
"\a!T-04:99"
"T+99:28"
"TF++47:78"
"\tT~dw-39:56"
"-0T^6s`!J+19:82"
"#[T6+88:09"
"T`+91:07"
"T-o-28:80"
"'{T.d[-82:44"
"JqT+62:98"
"Tb-88:47"
"T+65:23"
"T+78:15"
"LbHT%&+50:99"
"T$-99:88"
"Tu\t+89:68"
"T-97:67"
"gT+18:55"
"T\ap6-53:09"
"T-99:38"
"MT_-48:50"
"T-98:02"
"w2T+18:28"
"XT+39:16"
"T[-99:03"
"TH+97:69"
"r\fT-44:18"
"*T+88:29"
":XTTA-19:20"
"T#-83:97"
"T-93:99"
"TM+06:56"
"i>TP&+79:91"
"T<+98:18"
"T-18:90"
"Tz+58:31"
"eTV-98:99"
"TJ-38:85"
"u0T-89:80"
":T-41:88"
"T-98:81"
"CTm-97:88"
"#T-23:88"
"T-98:17"
"Ti-27:88"
"T,-92:18"
"{yYT-40:86"
"NT-92:89"
"\"&y3BT+58:97"
"TI\v+40:95"
"T-23:88"
"T^-96:99"
"ST\t]+38:84"
"T-88:99"
"T-79:99"
"TS\eyY-98:38"
"T[-89:32"
"THNm-68:58"
"T+89:85"
"\"T-97:63"
"T#;-53:27"
"mTNKF7-83:74"
"T +97:83"
"\fT`-89:92"
"T-86:19"
"T+95:71"
"T:\b-99:79"
"T+88:84"
"?~HT\e+85:89"
"oT=L-84:80"
"T+94:89"
"T-88:67"
"ST+89:38"
"#KLT_\t-89:83"
"2T-79:47"
"XT-99:55"
"TsTR+89:91"
"Ti-19:04"
":\0T+88:20"
"9JT=-82:85"
"T3-89:60"
"T+79:89"
" Ttw&-45:84"
"[T~+49:98"
"T+69:86"
"YTm,`:+29:83"
"TI+68:63"
"T9+82:96"
"TU-96:90"
"T6-72:80"
"T_J-67:29"
"u1AT6S-98:27"
"$TH+03:95"
"I*9T-39:16"
"PT:F+80:72"
"T@-98:99"
"Tc~;|v+-53:04"
"UZ[Tr-88:16"
"FT+86:42"
"T+88:21"
"T+47:18"
"\05=?KTd@+34:49"
"?f(T-48:87"
"T-86:74"
"TY-92:06"
"T+88:29"
"%vT+90:98"
"Tz22V<-98:26"
"0TZ+85:54"
"A:T-99:39"
"T-72:69"
"T9+97:58"
"T-68:89"
"T+80:30"
"DT]-33:59"
"\v:T\"-69:66"
"Th-61:97"
"T-97:04"
"]\amTW\tPO+)D-92:98"
"j`T\e-24:14"
"pST)+84:86"
