""
"-0000"
"\0_+0000"
"+0000"
"+0000"
"v+0000"
"W9-0000"
"*M-0000"
"~-0000"
"_eDj-0000"
"h+0000"
")-0000"
"\r]%L\-0000"
"lb+0000"
"e.J\r-0000"
"y-0000"
"q)6U+0000"
"-0000"
"04-0000"
"\v$+0000"
"G-0000"
"WTF{-0000"
"q+0000"
"-0000"
"5-0000"
"6+0000"
"a+0000"
"<+0000"
"j-0000"
"'-0000"
"]-0000"
"56+0000"
"x+0000"
"_\+0000"
"K+0000"
"p2\tZCn-0000"
"&b~o+0000"
"`-0000"
"h-t-0000"
"QW+0000"
")h+-0000"
"\eM-0000"
"^m>~+0000"
"k4:-0000"
"U+0000"
"-0000"
"}v+0000"
"d-0000"
"/+0000"
"x;-0000"
"\t-0000"
"=+0000"
".s-0000"
"\fk+0000"
",+0000"
"\a+0000"
"{+0000"
">!V-0000"
"Ut-0000"
"s+0000"
"p+0000"
".+0000"
"-0000"
"+0000"
"U-0000"
"}+0000"
".x+0000"
"2+0000"
"WIQDv-0000"
"h+0000"
"tewp-0000"
"Z-0000"
"@^-0000"
"Hj$-0000"
"q-0000"
"N\a+0000"
"K-0000"
"#-0000"
"+0000"
"+0000"
"K-0000"
"AUr-0000"
"yYBBt1+0000"
"7+0000"
">M+.+0000"
"3V+0000"
"g-0000"
"1`2-0000"
"|-0000"
"V\fN+0000"
"`+0000"
"s-0000"
"r+0000"
"|8-0000"
">+0000"
"\v-0000"
";U-0000"
"L+0000"
"\b:'-0000"
"U1-0000"
"\+0000"
"3U\t+0000"
"\f@hk-0000"
"_-0000"
"v\a-0000"
"Q+0000"
"C3[+0000"
",Fy-0000"
"i+0000"
"hC+0000"
"(qx-0000"
"k[Y-0000"
"F_+0000"
"1M~\vl+0000"
"#+0000"
"-0000"
"b-0000"
"z-0000"
"7L-0000"
"zG++0000"
"g+0000"
"x-0000"
"!\@~+0000"
"6Itx\f!+0000"
"%f-0000"
"k.Y+0000"
"T-0000"
"`8\vf-0000"
"+0000"
"nA#v[-0000"
"P\"2-0000"
"AC-0000"
")\0}+0000"
"Pb6i+0000"
"c^s5+0000"
"]O-0000"
"HD-0000"
"y2+0000"
"e{+0000"
"1-0000"
"I-0000"
"uL-0000"
"8-0000"
"U\v-0000"
"+0000"
"S<-0000"
"F{-0000"
"$-0000"
"_+0000"
"qjl+0000"
"{F-0000"
"|+0000"
"\0+0000"
"?+0000"
" +0000"
"t7-0000"
"m-0000"
"6v+0000"
"MF+0000"
"4-0000"
"3ov-0000"
"1'-0000"
"V\t-0000"
"o+0000"
"^Q-0000"
"F-0000"
"X+0000"
"#\vPk\e-0000"
"\vuh})\-0000"
"{I+0000"
"F+0000"
"l\af-0000"
"0<rr+0000"
"e+0000"
"+0000"
"b@\b+0000"
"\v*}+0000"
"|-0000"
"+0000"
"|-0000"
"2-0000"
"ES-0000"
"B-0000"
"X-0000"
"yv+0000"
"$+0000"
"*m-0000"
"Y7-0000"
"c?'+0000"
"\vI-0000"
">9-0000"
"Pt'+0000"
"\0i}5-0000"
"'+0000"
"\b_-0000"
"-0000"
"OT-0000"
"HTv+0000"
"\ei+0000"
";94%zhZ+0000"
"j+0000"
"\f-0000"
"*U9b-0000"
"*+0000"
"L-0000"
" t{/\e-0000"
"1+0000"
"1P+0000"
"-9\0yHdX6-0000"
"nx-0000"
"Z+0000"
"\be-0000"
"\e-0000"
"^-0000"
"B`+0000"
"=}-0000"
"'rkWG+0000"
"i&_w+0000"
"\P-0000"
"A-0000"
"\ex^C+0000"
"N+0000"
"D+0000"
"_f+0000"
"A#{+0000"
"-0000"
">+0000"
"Pl`-0000"
"/h+0000"
"6-0000"
"_N+0000"
"L+0000"
"-0000"
"l~-0000"
"c-0000"
"A+0000"
"%-0000"
"{-0000"
"8;+0000"
"*m+0000"
"xR-0000"
"\t+0000"
"8o-0000"
"3-0000"
"\rheDD$\\e-0000"
"\twQ-0000"
" \fR^/V-0000"
";rrdL`-0000"
"{nh-0000"
"H-0000"
"k-0000"
"p7-0000"
"c+0000"
"mv|Hcu+0000"
">-0000"
"2h-0000"
"&+0000"
"BM-0000"
"I+0000"
"K[d-0000"
"DW[/l+0000"
"gR+0000"
"fB|\0+0000"
")v+0000"
"J^+0000"
"KHEUN+0000"
"f-0000"
"fO+0000"
"\vk5+0000"
"u\"-0000"
"'+0000"
" -0000"
"av-0000"
"d-0000"
"8+0000"
"u-0000"
"J+0000"
"+0000"
"a+0000"
"^+0000"
"o\v-0000"
"+0000"
"\v+0000"
"_!+0000"
"V-0000"
"\tZ-0000"
"3+0000"
"4`+J-0000"
"Y:+0000"
"92+0000"
"yA6t-0000"
"&-0000"
"@`-0000"
"LP-0000"
".-0000"
"yV-0000"
"s2%q-0000"
"w+0000"
"O\vX~+0000"
";>-0000"
"n;]+0000"
"=-0000"
">p+0000"
"w+0000"
"H+0000"
"3> +0000"
"Ie-0000"
"QF+0000"
"$GHS+0000"
"i-0000"
"\t+0000"
":+0000"
"<-0000"
"Do\a6-0000"
"W-0000"
"-0000"
"r-0000"
"}o-0000"
"K\t1+0000"
"&-0000"
"Y\0-0000"
"-1i+0000"
"2a/-0000"
"y+0000"
"J++0000"
"+0000"
"\f-0000"
"F+0000"
"p)+0000"
"T<eP!<+0000"
