"u:09.188894,0F:9.34"
"x:728.10,Z:47.386"
"911z:9.989,8:888.8"
"HR:6.3994,8_m:7.988"
"58q:8.468,68:31.2"
"Ke15i9:98.99,FNA_:1.12"
"7:7.3,239:923.9"
"7:1.4,B898:886994.53988"
"p8:49.9,L:1.9992"
"_z:7.8,738:8.9904"
