"kl:8999.6,M28a8zP9YZ0:89.9"
"2:89.8,d:0.05178"
"05:838593.9362821,Se:0.3"
"A:4389.9,BZ55:094.9"
"P9:6.8,_:4.9"
"9:2921338820.0,z9C35:9.588"
"LD0:9.8,N:1908.9"
"I:8521.2,A:88.5"
"Ac:50.84,y:8083.18"
"Q:98.5979887698,A:128.884"
