"< -8"
">-9"
"9&< -0"
">2"
"> 9"
"#d<8"
"<-8"
"< -9"
"qb+<8"
"> 0"
"1> 1"
"~> 9"
"\vO< 8"
"< 7"
"> -8"
"7>9"
"<-9"
">-2"
"> 4"
"<9"
"< -0"
">6"
"3RLb$<6"
"<1"
"$> -9"
"\0> 9"
"En< 5"
"< 3"
"> 8"
"4i> 8"
"'HV<-2"
"> -9"
"< 8"
"<2"
"=9W<6"
"< -2"
"<-3"
"\vY< 8"
"<-4"
"<8"
"< 9"
"9> -0"
"< 2"
"> 3"
"< 1"
"<-2"
"n> -8"
")sl< 3"
"> 9"
"Z< -7"
"<-4"
"u<-8"
"<-5"
"4M<2"
"P>-4"
"< 5"
"@>9"
"M>-6"
"M> 9"
"\f> -9"
">-1"
"8\\v&>8"
">-8"
";U$R.B}> 1"
"<0"
"8> -8"
"> -0"
"8&> 9"
"Uw4'> 4"
">0"
"< 4"
"F>-9"
"J#< 3"
"i> 5"
"I7x5o>-4"
"8ln< -9"
"<4"
"< 6"
"t> -2"
"< -6"
"COP< -7"
"jU\v<8"
