"A:423893.74,8o:7.8"
"94:79.6,7:2.98"
"B8:828.2,F4_95:4899.2"
"XF:2.9,k0:8.999"
"90:491.58997,x:7888.9"
"9:2.55,48:45319.9990"
"Y889:95.43713,3v:2991.13"
"ze:66.39,7:99649583.8"
"z8k:34831.8,9Z:7.203"
"7:60.7,e:44899.698"
