"imei=9&rmc=$GPRMC,905894539,A,8893.4,S,596.8,E,1.8685,09.12803,127837,|aX"
"imei:548&rmc:$GPRMC,934390F9,V,089.1,N,8835956.58,W,9.69,,998899,\t"
"imei:5rmc=$GPRMC,482075d9,A,4980895609.9,S,859.7,E,9.979,,811888,"
"imei=7&rmc=$GPRMC,689859V40,A,6984.3,S,918.8,W,9.793,2.8,111987,"
"nimei:988rmc=$GPRMC,908994\v6,A,960.1,N,968.399,W,8.8,,289898,|"
"imei=48698&rmc=$GPRMC,891688/14,A,472.8568,S,3088.88,W,7.97,,460379,r"
"imei:89981rmc:$GPRMC,088783\8,V,648.93,N,798.68,E,99.22,,660384,9\e"
"imei=922548&rmc=$GPRMC,830714/8,V,897.6,S,938.89,W,7.7968,8.6,298656,5:\b>.]"
"3Kimei=8&rmc:$GPRMC,0186869,A,980.9,N,9998.84,E,3.099,4578.08298,185994,B4"
"Eimei:99&rmc=$GPRMC,680029k8,A,151559.85,S,292.399,W,888.6,,834989,gP"
"imei=8rmc:$GPRMC,519455L5,V,94830.49,S,88997.9,E,7.0,71959.45,888889,"
",imei=9&rmc=$GPRMC,29763931,V,988.9,S,528.9096,E,8.79,,959994,"
"imei:388&rmc=$GPRMC,291594k70,A,998.8,N,992.7,W,6989.0,9.6,077498,"
"imei:99&rmc=$GPRMC,988124V81,A,4896.3898,N,168.599,E,5.83,3.4,994899,^[+"
"imei:87999&rmc:$GPRMC,969849)34,V,6778.88,N,4869.84847608,W,8.0,296.89,539895,\v"
"Oiimei=48rmc=$GPRMC,138997U8,A,8876.3,S,2888298.8,E,4.6,,972980,"
"Pimei=529rmc=$GPRMC,286939 80,V,588.9,N,8232.6,E,29.0,,899958,"
">imei=1rmc:$GPRMC,79903150,V,98889.8,N,319.9,E,9.9,88.08,613655,"
"nimei=7988rmc=$GPRMC,897989f604,V,858.9,S,945.2,E,5.8,,945788,R3\f["
"imei=835&rmc:$GPRMC,8808488963,A,5843.45,N,856.1,W,2.80,,097889,"
"]imei=8&rmc:$GPRMC,5396989,V,888.48,N,991.99,E,2288.7,,780899,g"
"<9imei:7rmc:$GPRMC,189838\f8,A,68942899.6,S,589.7813,E,98.77,,203985,"
"imei:89&rmc=$GPRMC,811778>9,V,998885.10,N,6888.4,W,99.4,9.49,994868,\a"
"Gimei:89&rmc:$GPRMC,809848N61,V,883.19,N,7993.179,E,08.9,9.9,310816,*g"
"\rZ`\timei=9&rmc=$GPRMC,851883?9,V,981.977,S,113.9,E,9.8,9.6,896559,"
"l#|Pimei:19&rmc:$GPRMC,969099-9,A,0432.98,S,198.91,E,87.8,,172899,\0"
"imei:8rmc:$GPRMC,832955\026,A,298.97,S,994.99,W,187.8,,099197,\""
"imei=33&rmc:$GPRMC,9938915,V,935.28,N,798.798,W,9.49,6.9,241919,("
"imei:1rmc:$GPRMC,878985708,A,4099.598,S,280941.39,E,19.7,48.880,841891,"
"imei=8&rmc:$GPRMC,983789e3,A,9857.2,S,59983.88,E,0.88,,320409,"
