"-48"
"0V3"
"98"
"0"
"-873"
"0/"
"b9"
"87"
":h-5"
"I-25"
"-185"
"-948"
"0\brL"
"91"
"\t-908"
"023"
"\fU-3"
"YU-9"
"0@P"
"118953"
"-9"
"0e"
"0Bj\r"
"=-98"
"-29"
"0Ml"
"-6"
"42"
"0I"
"0;"
"-489"
"96"
"X`2"
"9"
"3"
"P-69"
"0'&"
"0x"
"'+982"
"-8959"
"A1"
"0o"
"0|"
"\e-8"
"n8"
"0\r"
"t6"
"0Hd"
"0A"
"0f"
"6"
"-8"
"4"
"-238"
"12404"
"2;77"
"389"
"0"
"-64"
"0("
"8"
"'\fG9118"
"^-6"
"-991"
"'-2"
"0\n<q"
"-5"
"0&V"
")6-8"
"0\e#"
"N-19"
"0^"
"08"
"m<-9"
"0|\"\tX"
"0aT"
"0+/s"
"E-1"
"-1"
"~!-1649"
"TPlfs-dc-7"
"0W@"
"1"
"Z\r-988"
"0o4"
"`-7"
"-80"
"#-1"
"0Q2"
"-8"
