"0"
".<-2089"
"43"
"-1"
"%qXvTm!61"
"0a"
"0q&"
"'\n49944"
"05q"
"0e:x)"
