"T+08:88"
"@!Te9Y7&Ob3FCy\aB+88:92"
"Tt#+11:38"
"T-99:89"
"T+31:73"
"TH-84:99"
"TF+37:78"
"T-89:03"
"^Tg-04:67"
"VskT+40:69"
"T-99:98"
"T#-69:58"
"T0i-90:88"
"9/Tjq+96:96"
"RT+97:36"
"LT;L-81:14"
"d6'T-d+90:17"
"T-94:53"
"T2G-+51:39"
"T-53:34"
"qTU+88:12"
"TN-98:77"
"T+43:82"
"T-69:61"
"HrTw+67:78"
"T-57:98"
"TJ$-99:91"
"T~-24:86"
";oO#T+69:92"
"\vzTr-09:89"
"CezTY9N=ad+11:45"
"A2\aT+24:76"
")T-42:85"
"T-89:99"
"GbxT-66:80"
"7T-L+77:71"
"T+52:99"
"lMnTC-98:63"
"T3{+91:31"
"HT^MBws-56:88"
"\eT-89:93"
"NT-99:88"
"T+98:48"
"T-79:74"
"5T+88:48"
"T-89:84"
"hTF\r-99:59"
"Vm^7T-88:81"
"NT-89:89"
"TI-60:16"
"T-98:41"
"T-59:36"
"TT+93:99"
"T-19:95"
"T-72:89"
"T-36:86"
"\v%T-94:83"
"qT+4+59:69"
"6\0T-10:97"
"T+99:79"
"T-63:98"
"OT-75:43"
"7T+69:90"
"T-29:93"
"T-45:88"
"TLq-71:88"
"+T$+64:97"
"YT&G-03:98"
"T\a\"-98:99"
"T+78:95"
"/xT+88:84"
"T+61:06"
"AT4+75:88"
"lTZ+30:30"
"T+91:98"
"ohb!T+89:91"
"v~+7T-99:88"
"STj-92:21"
">T-25:97"
"T-46:99"
"T/ZX\fd+88:06"
"T+88:92"
"T:\v+89:19"
"4T+39:49"
"\eAT-82:49"
"T-55:88"
"\T+39:98"
"T-39:20"
"T-35:98"
"~][T-05:99"
"T+83:24"
"T-98:90"
"^3T+89:82"
"T+92:97"
"T-77:58"
"TgZ-39:88"
"Xz'I3TO+84:15"
"T+67:42"
"T-77:83"
"Tz+88:04"
"T+88:97"
"Tn+25:84"
"T-38:85"
"+T9Ha~f-90:90"
"T-89:77"
"+Ty-20:17"
"T8[]+99:26"
"X\t-TS+yTi-97:16"
"wvH,\fT+89:74"
"To-97:08"
"s<TS+80:98"
"T+03:82"
"TaJ+86:98"
"T-88:99"
"T<j6-82:53"
"T)+99:04"
"T-98:57"
"TC{-05:89"
"\"T'+99:89"
"T,-78:94"
"pT3|-58:96"
"T+79:08"
"T-98:86"
"T\t+89:89"
"T-63:89"
"eyr>T-80:88"
"T+32:81"
"sT+63:89"
"T-01:59"
"T-49:99"
"T-38:69"
"T0>+89:83"
"{T}P+98:93"
"T+86:89"
"T\f-88:92"
"T+28:94"
"JT`a-45:99"
"GT5-31:81"
"=TB-80:48"
"aT+29:49"
"T>l+26:88"
"Tr+88:95"
"Tl-32:18"
"T\=3-98:82"
"~T-82:48"
"hT-09:49"
"wT'+90:39"
"T`-98:78"
"T-18:47"
"o4T+93:62"
"T-89:57"
"V-OT-19:99"
"T%\vNT!+80:98"
"AiT\0i\0y\tQ-99:95"
"T\\vDX-59:89"
"T -19:98"
"_T}-58:39"
"\vT-69:82"
"T<-16:00"
"T+73:98"
"T $+99:58"
"\tT+89:81"
"T-78:68"
"T+22:32"
"PsT94+99:28"
"74T-48:95"
"T'-28:69"
"T-89:08"
"T+09:18"
"c}Tf}-71:68"
"T-98:02"
"NrFT-88:17"
"T+78:97"
"T+87:75"
"g~T,-38:97"
"Ti-83:98"
"Tp+05:98"
"T0s-23:95"
"TJY+89:75"
"\vT#-14:89"
"T-80:95"
"jTV +78:68"
"JT-98:38"
"T+48:73"
"Tn+41:08"
"T-90:06"
"T +99:58"
"?dnT-18:83"
"WT+88:73"
"\"uT-79:69"
"T-22:89"
"T-98:27"
"}T+19:84"
"yT+89:52"
")T=-88:86"
"7T@Io+28:79"
"T+98:72"
"UK>TN+17:90"
"T=-87:78"
"T$vG+88:83"
"~uT/+91:98"
"T-89:78"
"\rT-21:98"
"Yu.T(-94:89"
"qT+96:89"
"T-83:89"
"Tt\"-38:59"
"'T+85:29"
"T~-27:54"
"TM-99:78"
"pTf:|s+29:38"
"T-93:82"
"T-87:88"
"T+00:68"
"T+68:76"
"T-44:88"
"T+22:19"
"T+99:98"
"D:fITB+12:22"
"Th-88:81"
"5T*+89:99"
"DT?$4-79:90"
"~Tw-89:78"
"T?-88:93"
"T-68:87"
"Ta\v)-79:26"
"T-38:40"
"T+88:01"
"5nT -90:88"
"-\t(T,\0-98:29"
