"-89962329.989822-8"
"52317023.813588-99"
"96958598.992995-3"
"\ai\v-48962671.990828-8"
"-98944822.957288-8"
"mkV-98821519.835968-890095"
"68928589.989899-4"
"\"-99302839.288469-943"
"-89273998.983869-98"
"-85877892.819811-1"
"-62344859.934939-2"
"-20827949.987374-8871"
"99988928.988392-0"
"{-21459686.878988-8"
"95842978.690189-8"
"-85677796.808739-035"
"28694899.998288-9282"
"-84545888.997788-11"
"06769390.999897-58588988898"
"95110586.729888-07"
"89109846.109491-19989"
"-42098878.887973-1"
"58748189.959996-8"
"08886199.782146-8"
"-93205399.989642-794"
"58180870.539968-5"
"\0-85714388.303188-42"
"-84389092.889999-9"
"87984688.898198-82"
"43889559.016989-9"
"\vde3-56891077.928808-0"
"96525888.599998-6"
"93388378.858198-5"
"91908858.880898-37"
"-87688889.649899-7"
"89828869.992201-836"
"82898999.983495-6"
"-89169619.098287-8"
"-51999228.991341-98"
"X6{d^&>2OB-57682988.099884-6"
"-89468083.995038-95"
"-18088948.180929-8"
",ah-62828986.448384-588"
"99082868.729973-7"
"-80944918.495195-9"
"89984606.999942-9"
"85868399.862803-99"
";.-09829232.198880-7"
"-79880838.891708-8"
"-09834883.838809-89"
"49774996.969880-2"
"--39998899.208387-08"
"g*J#-~-84838009.968204-685"
"-28189663.098212-9364"
"-81108988.749139-05987"
"58598969.988749-8"
"$<Q-89965246.940851-8"
"98692496.979847-828"
"-38996868.086959-0"
"99598888.515192-9"
"79467988.889169-5"
"#u-11684998.489808-999"
"95988987.965984-88"
"33989987.184838-488"
"98909089.594696-95"
"44723189.568488-8909"
"R-08845286.863899-48"
"28518898.859898-8"
"63899313.308678-8"
"=-78289669.568354-3"
"99301929.394898-399"
"90745137.488839-8478"
"98994998.530802-781"
"75992915.488720-6"
"zTaQE-40128849.991854-90"
".Pc@!-94845988.008431-5985"
"-98888918.983530-9494"
"ZV<-59779228.997932-2"
"-99499838.072380-06"
"40958931.188034-68"
