".distcp.tmp.attempt_local538577303_0002"
".distcp.tmp.attempt_local538577303_0002}"
".distcp.tmp.attempt_local538577303_0002"
".distcp.tmp.attempt_local538577303_0002^c|"
".distcp.tmp.attempt_local538577303_0002w"
".distcp.tmp.attempt_local538577303_0002B"
".distcp.tmp.attempt_local538577303_0002h,"
".distcp.tmp.attempt_local538577303_0002-HCJ\"
".distcp.tmp.attempt_local538577303_0002H"
".distcp.tmp.attempt_local538577303_0002h"
".distcp.tmp.attempt_local538577303_0002H"
".distcp.tmp.attempt_local538577303_0002r"
".distcp.tmp.attempt_local538577303_0002F"
".distcp.tmp.attempt_local538577303_0002*f"
".distcp.tmp.attempt_local538577303_0002\t \vA"
".distcp.tmp.attempt_local538577303_00028"
".distcp.tmp.attempt_local538577303_0002J<"
".distcp.tmp.attempt_local538577303_0002'"
".distcp.tmp.attempt_local538577303_0002R"
".distcp.tmp.attempt_local538577303_0002<inpu"
".distcp.tmp.attempt_local538577303_0002;"
".distcp.tmp.attempt_local538577303_0002/w"
".distcp.tmp.attempt_local538577303_0002Y"
".distcp.tmp.attempt_local538577303_0002+\"
".distcp.tmp.attempt_local538577303_0002XS"
".distcp.tmp.attempt_local538577303_0002~"
".distcp.tmp.attempt_local538577303_0002"
".distcp.tmp.attempt_local538577303_00028e1V"
".distcp.tmp.attempt_local538577303_0002"
".distcp.tmp.attempt_local538577303_00023{"
".distcp.tmp.attempt_local538577303_0002="
".distcp.tmp.attempt_local538577303_0002p"
".distcp.tmp.attempt_local538577303_0002e"
".distcp.tmp.attempt_local538577303_0002\t"
".distcp.tmp.attempt_local538577303_0002<-6"
".distcp.tmp.attempt_local538577303_0002x"
".distcp.tmp.attempt_local538577303_0002O|\r"
".distcp.tmp.attempt_local538577303_00026PB\b"
".distcp.tmp.attempt_local538577303_0002dH"
".distcp.tmp.attempt_local538577303_0002\e6"
