".distcp.tmp.attempt_local544157805_0012"
".distcp.tmp.attempt_local544157805_0012}"
".distcp.tmp.attempt_local544157805_0012"
".distcp.tmp.attempt_local544157805_0012^c|"
".distcp.tmp.attempt_local544157805_0012w"
".distcp.tmp.attempt_local544157805_0012B"
".distcp.tmp.attempt_local544157805_0012h,"
".distcp.tmp.attempt_local544157805_0012-HCJ\"
".distcp.tmp.attempt_local544157805_0012H"
".distcp.tmp.attempt_local544157805_0012h"
".distcp.tmp.attempt_local544157805_0012H"
".distcp.tmp.attempt_local544157805_0012r"
".distcp.tmp.attempt_local544157805_0012F"
".distcp.tmp.attempt_local544157805_0012*f"
".distcp.tmp.attempt_local544157805_0012\t \vA"
".distcp.tmp.attempt_local544157805_00128"
".distcp.tmp.attempt_local544157805_0012J<"
".distcp.tmp.attempt_local544157805_0012'"
".distcp.tmp.attempt_local544157805_0012R"
".distcp.tmp.attempt_local544157805_0012<inpu"
".distcp.tmp.attempt_local544157805_0012;"
".distcp.tmp.attempt_local544157805_0012/w"
".distcp.tmp.attempt_local544157805_0012Y"
".distcp.tmp.attempt_local544157805_0012+\"
".distcp.tmp.attempt_local544157805_0012XS"
".distcp.tmp.attempt_local544157805_0012~"
".distcp.tmp.attempt_local544157805_0012"
".distcp.tmp.attempt_local544157805_00128e1V"
".distcp.tmp.attempt_local544157805_0012"
".distcp.tmp.attempt_local544157805_00123{"
".distcp.tmp.attempt_local544157805_0012="
".distcp.tmp.attempt_local544157805_0012p"
".distcp.tmp.attempt_local544157805_0012e"
".distcp.tmp.attempt_local544157805_0012\t"
".distcp.tmp.attempt_local544157805_0012<-6"
".distcp.tmp.attempt_local544157805_0012x"
".distcp.tmp.attempt_local544157805_0012O|\r"
".distcp.tmp.attempt_local544157805_00126PB\b"
".distcp.tmp.attempt_local544157805_0012dH"
".distcp.tmp.attempt_local544157805_0012\e6"
".distcp.tmp.attempt_local544157805_0012m \v"
".distcp.tmp.attempt_local544157805_0012"
".distcp.tmp.attempt_local544157805_0012"
".distcp.tmp.attempt_local544157805_0012#'"
".distcp.tmp.attempt_local544157805_0012f"
".distcp.tmp.attempt_local544157805_0012D"
".distcp.tmp.attempt_local544157805_0012="
".distcp.tmp.attempt_local544157805_0012C"
".distcp.tmp.attempt_local544157805_0012OJ"
".distcp.tmp.attempt_local544157805_0012:"
".distcp.tmp.attempt_local544157805_0012R'pYvZ"
".distcp.tmp.attempt_local544157805_0012{A"
".distcp.tmp.attempt_local544157805_0012t"
".distcp.tmp.attempt_local544157805_0012G"
".distcp.tmp.attempt_local544157805_00124/"
".distcp.tmp.attempt_local544157805_0012.p"
".distcp.tmp.attempt_local544157805_0012M"
".distcp.tmp.attempt_local544157805_0012"
".distcp.tmp.attempt_local544157805_0012."
".distcp.tmp.attempt_local544157805_0012g+Y"
